mt19937                 2504       8   2.65   2.74   0.27   0.57   0.97   0.47   9.89   4.84    ---      ---Passed
mt19937_64              2504       8   1.50   1.50   0.16   0.46   1.00   0.36   9.10   3.23    ---      ---Passed
minstd_rand0               4       4   7.02   6.97   1.20   1.19   1.01   1.01   5.84   5.86    ---      ---Passed
minstd_rand                4       4   5.87   5.84   1.01   1.01   1.01   1.01   5.79   5.80    ---      ---Passed
ranlux24_base            112       8   4.29   4.24   1.30   1.29   1.01   1.00   3.30   3.28    ---      ---Passed
ranlux48_base            112       8   2.05   2.22   0.59   0.58   0.92   1.03   3.48   3.86    ---      ---Passed
ranlux24                 120       8  65.25  65.43  11.22  11.22   1.00   1.00   5.81   5.83    ---      ---Passed
ranlux48                 120       8 105.84 105.46  19.01  18.93   1.00   1.00   5.57   5.57    ---      ---Passed
knuth_b                 1032       4  35.06  35.31   6.78   7.16   0.99   0.95   5.17   4.93    ---      ---Passed
AES128                   224      16   4.39   0.55   0.64   0.15   8.02   4.23   6.87   3.62   4.33      ---Passed
AES192                   256      16   5.03   0.65   0.71   0.17   7.69   4.22   7.08   3.88   4.59      ---Passed
AES256                   288      16   5.67   0.72   0.79   0.19   7.89   4.17   7.18   3.80   5.18      ---Passed
ARS                       72       8   2.91   0.30   0.43   0.09   9.59   4.87   6.83   3.47   1.33      ---Passed
AES128_64                224      16   4.22   0.59   0.60   0.14   7.11   4.31   7.03   4.25   3.98      ---Passed
AES192_64                256      16   4.81   0.64   0.67   0.16   7.52   4.13   7.19   3.95   4.58      ---Passed
AES256_64                288      16   5.41   0.75   0.75   0.18   7.21   4.11   7.19   4.10   5.79      ---Passed
ARS_64                    72       8   2.71   0.30   0.39   0.08   9.16   4.97   6.90   3.75   1.32      ---Passed
Philox2x32                24       8   3.34   0.57   0.78   0.14   5.83   5.44   4.27   3.99   2.43      ---Passed
Philox4x32                48       8   4.21   0.60   0.73   0.14   6.99   5.04   5.79   4.17   3.69      ---Passed
Philox2x64                48       8   1.75   1.25   0.47   0.33   1.40   1.46   3.68   3.84   1.06      ---Passed
Philox4x64                88       8   1.78   1.22   0.50   0.34   1.46   1.49   3.55   3.63   0.85      ---Passed
Philox2x32_64             24       8   3.00   0.57   0.69   0.13   5.31   5.18   4.35   4.25   2.43      ---Passed
Philox4x32_64             48       8   4.03   0.59   0.64   0.14   6.79   4.64   6.30   4.30   3.60      ---Passed
Philox2x64_64             48       8   1.71   1.23   0.39   0.29   1.39   1.36   4.37   4.29   1.30      ---Passed
Philox4x64_64             88       8   1.44   1.23   0.42   0.34   1.18   1.21   3.46   3.56   0.96      ---Passed
Threefry2x32              48       8   4.59   0.75   0.96   0.19   6.09   4.93   4.80   3.89   3.25      ---Passed
Threefry4x32              72       8   4.62   0.78   1.04   0.20   5.95   5.20   4.44   3.88   4.14      ---Passed
Threefry2x64              88       8   2.40   0.78   0.53   0.21   3.09   2.55   4.51   3.72   0.80      ---Passed
Threefry4x64             136       8   1.98   0.77   0.49   0.21   2.58   2.29   4.08   3.62   0.56      ---Passed
Threefry8x64             232       8   2.25   0.78   0.57   0.22   2.87   2.62   3.97   3.62   0.59      ---Passed
Threefry16x64            424       8   2.25   0.80   0.53   0.23   2.81   2.37   4.21   3.54   0.70      ---Passed
Threefish256             136       8   6.12   2.60   1.14   0.70   2.35   1.62   5.39   3.71   3.73      ---Passed
Threefish512             232       8  14.72   2.90   4.66   0.81   5.08   5.73   3.16   3.57   2.13      ---Passed
Threefish1024            424       8   8.11   3.98   2.09   1.10   2.04   1.90   3.88   3.60  12.13      ---Passed
Threefry2x32_64           48       8   3.78   0.82   0.79   0.20   4.62   3.90   4.78   4.03   3.53      ---Passed
Threefry4x32_64           72       8   4.84   0.83   1.24   0.21   5.80   5.92   3.91   4.00   4.64      ---Passed
Threefry2x64_64           88       8   2.19   0.78   0.49   0.22   2.81   2.21   4.50   3.54   0.87      ---Passed
Threefry4x64_64          136       8   1.80   0.75   0.42   0.23   2.39   1.85   4.30   3.32   0.65      ---Passed
Threefry8x64_64          232       8   1.65   0.78   0.46   0.22   2.11   2.12   3.55   3.56   0.60      ---Passed
Threefry16x64_64         424       8   1.57   0.78   0.44   0.21   2.00   2.06   3.58   3.68   0.71      ---Passed
Threefish256_64          136       8   5.76   2.57   1.07   0.70   2.24   1.55   5.36   3.69   2.25      ---Passed
Threefish512_64          232       8  14.06   2.80   4.93   0.86   5.02   5.76   2.85   3.28   2.22      ---Passed
Threefish1024_64         424       8   7.58   3.97   2.02   1.13   1.91   1.79   3.76   3.53  13.27      ---Passed
MKL_ARS5                1040       8   1.61   0.29   0.27   0.09   5.46   2.99   5.98   3.28    ---      ---Passed
MKL_PHILOX4X32X10       1040       8   2.01   0.55   0.38   0.15   3.65   2.53   5.28   3.67    ---      ---Passed
MKL_MCG59               1040       8   1.42   0.31   0.26   0.09   4.54   2.79   5.38   3.30    ---      ---Passed
MKL_MT19937             1040       8   1.36   0.26   0.27   0.06   5.26   4.22   5.00   4.01    ---      ---Passed
MKL_MT2203              1040       8   1.36   0.19   0.27   0.06   7.34   4.81   5.04   3.31    ---      ---Passed
MKL_SFMT19937           1040       8   1.35   0.17   0.27   0.05   8.12   5.32   5.01   3.28    ---      ---Passed
MKL_NONDETERM           1040       8  30.59  29.51   5.59   1.97   1.04   2.84   5.47  15.01    ---      ---Passed
MKL_ARS5_64             2064       8   0.82   0.28   0.16   0.08   2.93   2.07   5.07   3.57    ---      ---Passed
MKL_PHILOX4X32X10_64    2064       8   1.09   0.53   0.19   0.14   2.05   1.36   5.67   3.75    ---      ---Passed
MKL_MCG59_64            2064       8   0.69   0.31   0.13   0.09   2.24   1.47   5.44   3.56    ---      ---Passed
MKL_MT19937_64          2064       8   0.66   0.25   0.14   0.06   2.63   2.55   4.66   4.52    ---      ---Passed
MKL_MT2203_64           2064       8   0.58   0.18   0.13   0.05   3.26   2.62   4.41   3.56    ---      ---Passed
MKL_SFMT19937_64        2064       8   0.64   0.15   0.14   0.04   4.20   3.26   4.58   3.55    ---      ---Passed
MKL_NONDETERM_64        2064       8  30.30  29.98   5.35   1.32   1.01   4.05   5.67  22.70    ---      ---Passed
RDRAND16                   1       1 116.05 122.25  22.57  22.50   0.95   1.00   5.14   5.43    ---      ---Passed
RDRAND32                   1       1  59.26  61.68  11.30  11.27   0.96   1.00   5.24   5.47    ---      ---Passed
RDRAND64                   1       1  29.11  29.17   5.65   5.64   1.00   1.00   5.16   5.17    ---      ---Passed
