mt19937                 2504       8   3.13   3.13   0.77   0.81   1.00   0.95   4.04   3.86    ---      ---Passed
mt19937_64              2504       8   1.61   1.85   0.42   0.45   0.87   0.92   3.87   4.12    ---      ---Passed
minstd_rand0               4       4   6.63   7.38   1.43   1.39   0.90   1.03   4.64   5.30    ---      ---Passed
minstd_rand                4       4   5.17   6.00   0.94   1.21   0.86   0.78   5.49   4.97    ---      ---Passed
ranlux24_base            112       8   8.58   9.21   1.66   1.66   0.93   1.00   5.16   5.54    ---      ---Passed
ranlux48_base            112       8   4.06   4.20   0.76   0.82   0.97   0.93   5.31   5.12    ---      ---Passed
ranlux24                 120       8  90.22  90.38  16.17  15.78   1.00   1.03   5.58   5.73    ---      ---Passed
ranlux48                 120       8 158.81 158.51  27.96  28.19   1.00   0.99   5.68   5.62    ---      ---Passed
knuth_b                 1032       4  22.41  22.88   4.96   5.33   0.98   0.93   4.52   4.29    ---      ---Passed
AES128                   224      16   4.44   0.59   0.70   0.18   7.50   3.97   6.36   3.36   0.64      ---Passed
AES192                   256      16   5.15   0.69   0.82   0.21   7.43   3.83   6.27   3.23   0.89      ---Passed
AES256                   288      16   5.84   0.83   0.89   0.21   7.00   4.22   6.56   3.95   0.97      ---Passed
ARS                       72       8   3.03   0.33   0.65   0.10   9.09   6.76   4.67   3.47   0.40      ---Passed
AES128_64                224      16   4.25   0.58   0.66   0.16   7.31   4.01   6.45   3.54   0.64      ---Passed
AES192_64                256      16   4.97   0.68   0.71   0.19   7.35   3.75   7.01   3.58   0.81      ---Passed
AES256_64                288      16   5.57   0.82   0.80   0.23   6.78   3.52   6.98   3.62   0.97      ---Passed
ARS_64                    72       8   2.75   0.32   0.41   0.09   8.47   4.81   6.65   3.78   0.41      ---Passed
Philox2x32                24       8   2.97   0.52   0.74   0.14   5.73   5.15   3.99   3.59   2.14      ---Passed
Philox4x32                48       8   5.85   0.54   1.11   0.16  10.77   7.03   5.29   3.45   2.08      ---Passed
Philox2x64                48       8   4.56   3.90   0.82   1.01   1.17   0.81   5.58   3.87   0.95      ---Passed
Philox4x64                88       8   2.78   2.31   0.63   0.50   1.21   1.28   4.39   4.65   1.03      ---Passed
Philox2x32_64             24       8   2.55   0.51   0.63   0.14   5.03   4.61   4.08   3.74   2.14      ---Passed
Philox4x32_64             48       8   5.55   0.53   1.01   0.14  10.49   7.08   5.52   3.72   2.08      ---Passed
Philox2x64_64             48       8   4.27   3.90   0.65   0.59   1.09   1.10   6.59   6.66   0.98      ---Passed
Philox4x64_64             88       8   2.55   2.30   0.47   0.44   1.10   1.06   5.43   5.19   0.90      ---Passed
Threefry2x32              48       8   5.06   0.75   1.17   0.22   6.71   5.25   4.33   3.38   5.75      ---Passed
Threefry4x32              72       8   6.61   0.75   1.49   0.22   8.80   6.95   4.42   3.49   4.42      ---Passed
Threefry2x64              88       8   5.35   0.74   0.88   0.21   7.21   4.25   6.11   3.60   3.04      ---Passed
Threefry4x64             136       8   3.61   0.75   0.81   0.22   4.83   3.72   4.48   3.45   2.20      ---Passed
Threefry8x64             232       8   3.53   0.77   0.88   0.22   4.58   3.98   3.99   3.47   2.01      ---Passed
Threefry16x64            424       8   2.97   0.73   0.85   0.22   4.05   3.96   3.49   3.41   2.69      ---Passed
Threefish256             136       8   8.27   2.50   1.97   0.71   3.31   2.78   4.19   3.53   7.12      ---Passed
Threefish512             232       8   7.79   2.66   2.08   0.76   2.92   2.75   3.75   3.52   6.93      ---Passed
Threefish1024            424       8   9.64   3.12   2.68   0.88   3.09   3.06   3.60   3.56  10.31      ---Passed
Threefry2x32_64           48       8   5.01   0.73   1.12   0.19   6.87   5.84   4.46   3.79   5.92      ---Passed
Threefry4x32_64           72       8   6.33   0.72   1.35   0.19   8.76   7.26   4.70   3.90   4.43      ---Passed
Threefry2x64_64           88       8   5.08   0.72   0.80   0.20   7.10   4.06   6.35   3.63   3.07      ---Passed
Threefry4x64_64          136       8   3.34   0.74   0.73   0.20   4.51   3.57   4.59   3.64   2.26      ---Passed
Threefry8x64_64          232       8   2.90   0.75   0.78   0.21   3.85   3.74   3.74   3.64   2.30      ---Passed
Threefry16x64_64         424       8   2.78   0.72   0.77   0.20   3.86   3.78   3.64   3.56   2.92      ---Passed
Threefish256_64          136       8   8.01   2.48   1.89   0.71   3.23   2.66   4.24   3.48   8.29      ---Passed
Threefish512_64          232       8   7.19   2.62   2.04   0.75   2.74   2.71   3.52   3.48   7.29      ---Passed
Threefish1024_64         424       8   9.46   3.06   2.63   0.95   3.09   2.77   3.59   3.23  11.02      ---Passed
MKL_ARS5                1040       8   1.62   0.30   0.31   0.10   5.33   3.20   5.18   3.11    ---      ---Passed
MKL_PHILOX4X32X10       1040       8   2.04   0.55   0.53   0.16   3.70   3.24   3.87   3.39    ---      ---Passed
MKL_MCG59               1040       8   1.44   0.31   0.40   0.10   4.61   3.91   3.57   3.03    ---      ---Passed
MKL_MT19937             1040       8   1.42   0.26   0.38   0.08   5.51   4.60   3.78   3.15    ---      ---Passed
MKL_MT2203              1040       8   1.40   0.19   0.39   0.07   7.54   5.62   3.61   2.69    ---      ---Passed
MKL_SFMT19937           1040       8   1.37   0.17   0.39   0.06   8.20   6.36   3.50   2.71    ---      ---Passed
MKL_NONDETERM           1040       8  30.31  29.13   5.63   2.43   1.04   2.31   5.39  11.97    ---      ---Passed
MKL_ARS5_64             2064       8   0.82   0.28   0.21   0.08   2.95   2.61   3.84   3.39    ---      ---Passed
MKL_PHILOX4X32X10_64    2064       8   1.10   0.53   0.25   0.15   2.05   1.69   4.38   3.60    ---      ---Passed
MKL_MCG59_64            2064       8   0.69   0.31   0.19   0.10   2.24   1.95   3.70   3.22    ---      ---Passed
MKL_MT19937_64          2064       8   0.67   0.25   0.18   0.08   2.64   2.39   3.65   3.31    ---      ---Passed
MKL_MT2203_64           2064       8   0.58   0.18   0.17   0.06   3.24   2.72   3.48   2.92    ---      ---Passed
MKL_SFMT19937_64        2064       8   0.64   0.15   0.18   0.05   4.22   3.90   3.64   3.36    ---      ---Passed
MKL_NONDETERM_64        2064       8  29.79  29.37   5.36   1.42   1.01   3.77   5.56  20.67    ---      ---Passed
RDRAND16                   1       1 118.84 117.56  22.43  22.37   1.01   1.00   5.30   5.25    ---      ---Passed
RDRAND32                   1       1  61.81  59.28  11.26  11.50   1.04   0.98   5.49   5.16    ---      ---Passed
RDRAND64                   1       1  30.76  29.10   5.74   5.66   1.06   1.01   5.36   5.14    ---      ---Passed
