mt19937                 2504       8   3.43   4.14   0.90   1.08   0.83   0.84   3.79   3.84    ---     ----Passed
mt19937                 2504       8   3.43   4.14   1.03   0.82   0.83   1.25   3.33   5.03    ---     ----Passed
mt19937                 2504       8   3.43   4.14   1.03   0.80   0.83   1.29   3.34   5.18    ---     ----Passed
mt19937                 2504       8   3.43   4.14   1.02   1.09   0.83   0.93   3.37   3.79    ---     ----Passed
mt19937                 2504       8   3.43   4.14   1.03   1.11   0.83   0.93   3.32   3.73    ---     ----Passed
mt19937_64              2504       8   1.70   1.68   0.51   0.44   1.01   1.18   3.31   3.86    ---     ----Passed
mt19937_64              2504       8   1.70   1.68   0.46   0.43   1.01   1.06   3.72   3.89    ---     ----Passed
mt19937_64              2504       8   1.70   1.68   0.48   0.47   1.01   1.03   3.55   3.59    ---     ----Passed
mt19937_64              2504       8   1.71   1.68   0.44   0.44   1.01   1.00   3.83   3.79    ---     ----Passed
mt19937_64              2504       8   1.70   1.68   0.50   0.47   1.01   1.04   3.44   3.54    ---     ----Passed
minstd_rand0               4       4   5.60   5.58   1.28   1.07   1.00   1.20   4.37   5.22    ---     ----Passed
minstd_rand0               4       4   5.60   5.57   1.29   0.95   1.01   1.35   4.35   5.85    ---     ----Passed
minstd_rand0               4       4   5.60   5.57   0.89   0.87   1.01   1.02   6.29   6.38    ---     ----Passed
minstd_rand0               4       4   5.60   5.57   1.06   1.17   1.01   0.90   5.30   4.75    ---     ----Passed
minstd_rand0               4       4   5.61   5.58   0.88   0.88   1.01   1.00   6.35   6.33    ---     ----Passed
minstd_rand                4       4   4.88   4.87   1.19   0.83   1.00   1.43   4.12   5.88    ---     ----Passed
minstd_rand                4       4   4.88   4.86   1.19   1.18   1.00   1.01   4.09   4.11    ---     ----Passed
minstd_rand                4       4   4.88   4.86   0.98   0.95   1.00   1.04   4.97   5.12    ---     ----Passed
minstd_rand                4       4   4.88   4.86   1.18   0.86   1.00   1.37   4.13   5.64    ---     ----Passed
minstd_rand                4       4   4.88   4.86   1.18   1.02   1.00   1.15   4.14   4.76    ---     ----Passed
ranlux24_base            112       8   7.05   6.23   1.52   1.48   1.13   1.02   4.65   4.21    ---     ----Passed
ranlux24_base            112       8   7.05   6.23   1.11   1.18   1.13   0.94   6.36   5.27    ---     ----Passed
ranlux24_base            112       8   7.06   6.23   1.22   1.13   1.13   1.08   5.79   5.51    ---     ----Passed
ranlux24_base            112       8   7.05   6.23   1.51   1.15   1.13   1.31   4.67   5.41    ---     ----Passed
ranlux24_base            112       8   7.05   6.23   1.13   1.51   1.13   0.75   6.22   4.13    ---     ----Passed
ranlux48_base            112       8   4.61   4.72   0.78   1.04   0.98   0.75   5.90   4.52    ---     ----Passed
ranlux48_base            112       8   4.61   4.71   0.79   0.87   0.98   0.90   5.84   5.40    ---     ----Passed
ranlux48_base            112       8   4.61   4.72   0.86   1.16   0.98   0.75   5.33   4.07    ---     ----Passed
ranlux48_base            112       8   4.61   4.72   0.79   1.17   0.98   0.68   5.85   4.05    ---     ----Passed
ranlux48_base            112       8   4.61   4.72   1.13   0.95   0.98   1.19   4.06   4.97    ---     ----Passed
ranlux24                 120       8  67.47  58.00  10.65  10.22   1.16   1.04   6.34   5.67    ---     ----Passed
ranlux24                 120       8  67.92  58.39  10.96  10.50   1.16   1.04   6.20   5.56    ---     ----Passed
ranlux24                 120       8  67.59  57.99  10.50  10.11   1.17   1.04   6.44   5.74    ---     ----Passed
ranlux24                 120       8  67.45  57.94  10.85  10.39   1.16   1.04   6.21   5.58    ---     ----Passed
ranlux24                 120       8  67.55  58.01  10.71  10.39   1.16   1.03   6.30   5.58    ---     ----Passed
ranlux48                 120       8 161.03 153.02  26.13  26.92   1.05   0.97   6.16   5.68    ---     ----Passed
ranlux48                 120       8 161.35 153.32  25.96  26.77   1.05   0.97   6.22   5.73    ---     ----Passed
ranlux48                 120       8 161.05 153.12  25.36  26.61   1.05   0.95   6.35   5.75    ---     ----Passed
ranlux48                 120       8 160.95 152.97  25.55  26.59   1.05   0.96   6.30   5.75    ---     ----Passed
ranlux48                 120       8 161.33 153.22  25.50  26.32   1.05   0.97   6.33   5.82    ---     ----Passed
knuth_b                 1032       4  12.73  13.00   2.80   2.82   0.98   0.99   4.54   4.61    ---     ----Passed
knuth_b                 1032       4  12.73  13.01   2.84   2.83   0.98   1.00   4.48   4.59    ---     ----Passed
knuth_b                 1032       4  12.73  12.99   2.87   2.89   0.98   0.99   4.44   4.49    ---     ----Passed
knuth_b                 1032       4  12.71  12.99   2.85   2.78   0.98   1.02   4.46   4.67    ---     ----Passed
knuth_b                 1032       4  12.72  12.98   2.73   3.00   0.98   0.91   4.66   4.33    ---     ----Passed
AES128                   224      16   1.87   0.59   0.50   0.16   3.18   3.04   3.75   3.59   4.51     ----Passed
AES128                   224      16   1.87   0.59   0.50   0.16   3.18   3.05   3.77   3.62   4.51     ----Passed
AES128                   224      16   1.87   0.59   0.50   0.16   3.17   3.07   3.71   3.59   4.52     ----Passed
AES128                   224      16   1.88   0.59   0.43   0.16   3.18   2.65   4.38   3.65   4.52     ----Passed
AES128                   224      16   1.87   0.59   0.44   0.16   3.17   2.72   4.25   3.65   4.51     ----Passed
AES192                   256      16   2.14   0.68   0.61   0.19   3.16   3.22   3.53   3.60   5.11     ----Passed
AES192                   256      16   2.14   0.68   0.63   0.19   3.16   3.35   3.38   3.59   5.55     ----Passed
AES192                   256      16   2.14   0.68   0.64   0.19   3.16   3.42   3.36   3.64   5.11     ----Passed
AES192                   256      16   2.14   0.68   0.68   0.20   3.16   3.33   3.15   3.32   5.11     ----Passed
AES192                   256      16   2.14   0.68   0.60   0.19   3.16   3.18   3.57   3.58   5.11     ----Passed
AES256                   288      16   2.99   0.76   0.85   0.21   3.93   4.02   3.51   3.59   5.87     ----Passed
AES256                   288      16   2.99   0.76   0.89   0.21   3.93   4.31   3.38   3.71   5.72     ----Passed
AES256                   288      16   2.99   0.76   0.83   0.20   3.93   4.17   3.63   3.84   5.71     ----Passed
AES256                   288      16   2.99   0.76   0.88   0.23   3.93   3.86   3.41   3.35   5.71     ----Passed
AES256                   288      16   2.99   0.76   0.82   0.21   3.93   3.87   3.64   3.58   5.71     ----Passed
ARS                       56       8   4.34   0.40   0.94   0.12  10.86   7.82   4.60   3.31   3.13     ----Passed
ARS                       56       8   4.34   0.40   0.66   0.12  10.86   5.59   6.62   3.41   3.13     ----Passed
ARS                       56       8   4.34   0.40   0.95   0.12  10.86   8.24   4.55   3.46   3.13     ----Passed
ARS                       56       8   4.34   0.40   0.55   0.11  10.86   4.82   7.93   3.52   3.13     ----Passed
ARS                       56       8   4.34   0.40   0.92   0.11  10.85   8.04   4.69   3.48   3.14     ----Passed
AES128_64                224      16   1.79   0.59   0.43   0.16   3.04   2.61   4.20   3.61   4.51     ----Passed
AES128_64                224      16   1.79   0.59   0.49   0.16   3.04   2.98   3.66   3.58   4.51     ----Passed
AES128_64                224      16   1.78   0.59   0.49   0.18   3.04   2.72   3.66   3.28   4.52     ----Passed
AES128_64                224      16   1.78   0.59   0.47   0.17   3.03   2.84   3.79   3.56   4.52     ----Passed
AES128_64                224      16   1.79   0.59   0.43   0.16   3.04   2.62   4.20   3.61   4.52     ----Passed
AES192_64                256      16   2.08   0.68   0.56   0.20   3.08   2.84   3.72   3.43   5.49     ----Passed
AES192_64                256      16   2.08   0.67   0.59   0.20   3.08   2.96   3.53   3.39   5.11     ----Passed
AES192_64                256      16   2.08   0.67   0.48   0.19   3.08   2.56   4.29   3.57   5.11     ----Passed
AES192_64                256      16   2.08   0.67   0.57   0.18   3.08   3.07   3.66   3.65   5.11     ----Passed
AES192_64                256      16   2.08   0.67   0.57   0.19   3.08   3.07   3.64   3.63   5.11     ----Passed
AES256_64                288      16   2.91   0.76   0.78   0.21   3.83   3.73   3.73   3.64   5.74     ----Passed
AES256_64                288      16   2.92   0.76   0.84   0.21   3.83   3.96   3.48   3.60   5.71     ----Passed
AES256_64                288      16   2.91   0.76   0.79   0.22   3.83   3.67   3.67   3.52   5.71     ----Passed
AES256_64                288      16   2.91   0.76   0.81   0.21   3.82   3.93   3.60   3.70   5.71     ----Passed
AES256_64                288      16   2.91   0.76   0.83   0.22   3.83   3.85   3.50   3.52   5.72     ----Passed
ARS_64                    56       8   3.74   0.40   0.69   0.11   9.30   6.26   5.42   3.65   3.14     ----Passed
ARS_64                    56       8   3.74   0.40   0.90   0.12   9.31   7.61   4.17   3.41   3.13     ----Passed
ARS_64                    56       8   3.74   0.40   0.73   0.11   9.30   6.60   5.15   3.65   3.13     ----Passed
ARS_64                    56       8   3.74   0.40   0.70   0.11   9.30   6.19   5.31   3.53   3.13     ----Passed
ARS_64                    56       8   3.74   0.40   0.50   0.12   9.30   4.16   7.41   3.31   3.13     ----Passed
Philox2x32                24       8   3.72   0.52   0.94   0.14   7.13   6.52   3.96   3.61   3.17     ----Passed
Philox2x32                24       8   3.73   0.52   0.92   0.14   7.15   6.42   4.04   3.62   2.85     ----Passed
Philox2x32                24       8   3.72   0.52   0.95   0.14   7.14   6.77   3.91   3.71   2.85     ----Passed
Philox2x32                24       8   3.72   0.52   0.71   0.14   7.13   4.93   5.26   3.63   2.85     ----Passed
Philox2x32                24       8   3.72   0.52   0.76   0.14   7.14   5.42   4.90   3.72   2.85     ----Passed
Philox4x32                48       8   2.70   0.52   0.63   0.15   5.19   4.23   4.31   3.52   4.09     ----Passed
Philox4x32                48       8   2.70   0.52   0.58   0.15   5.19   3.90   4.62   3.47   4.10     ----Passed
Philox4x32                48       8   2.70   0.52   0.57   0.16   5.19   3.70   4.71   3.36   4.09     ----Passed
Philox4x32                48       8   2.70   0.52   0.55   0.13   5.19   4.34   4.91   4.10   4.09     ----Passed
Philox4x32                48       8   2.70   0.52   0.72   0.15   5.19   4.93   3.73   3.54   4.09     ----Passed
Philox2x64                48       8   1.99   1.42   0.41   0.38   1.40   1.07   4.87   3.74   3.96     ----Passed
Philox2x64                48       8   1.99   1.42   0.52   0.39   1.40   1.32   3.81   3.61   3.96     ----Passed
Philox2x64                48       8   1.99   1.42   0.43   0.39   1.40   1.12   4.59   3.66   3.96     ----Passed
Philox2x64                48       8   1.99   1.42   0.53   0.38   1.40   1.40   3.72   3.72   3.96     ----Passed
Philox2x64                48       8   1.99   1.42   0.51   0.38   1.40   1.33   3.89   3.70   3.96     ----Passed
Philox4x64                88       8   1.95   1.18   0.39   0.29   1.65   1.35   5.02   4.11   2.27     ----Passed
Philox4x64                88       8   1.95   1.18   0.48   0.35   1.65   1.37   4.10   3.42   2.26     ----Passed
Philox4x64                88       8   1.95   1.18   0.45   0.32   1.65   1.39   4.34   3.66   2.27     ----Passed
Philox4x64                88       8   1.95   1.18   0.46   0.35   1.65   1.31   4.27   3.41   2.27     ----Passed
Philox4x64                88       8   1.95   1.18   0.40   0.33   1.65   1.21   4.90   3.62   2.27     ----Passed
Philox2x32_64             24       8   2.19   0.52   0.61   0.14   4.19   4.43   3.57   3.78   2.86     ----Passed
Philox2x32_64             24       8   2.18   0.52   0.60   0.14   4.19   4.30   3.67   3.76   2.86     ----Passed
Philox2x32_64             24       8   2.18   0.52   0.60   0.14   4.18   4.44   3.62   3.83   2.85     ----Passed
Philox2x32_64             24       8   2.18   0.52   0.59   0.14   4.19   4.32   3.70   3.81   3.50     ----Passed
Philox2x32_64             24       8   2.18   0.52   0.54   0.15   4.18   3.66   4.02   3.52   2.85     ----Passed
Philox4x32_64             48       8   2.57   0.54   0.68   0.15   4.77   4.66   3.78   3.70   4.13     ----Passed
Philox4x32_64             48       8   2.57   0.54   0.51   0.14   4.76   3.52   5.08   3.76   4.12     ----Passed
Philox4x32_64             48       8   2.57   0.54   0.68   0.14   4.76   4.87   3.80   3.89   4.13     ----Passed
Philox4x32_64             48       8   2.57   0.54   0.67   0.14   4.76   4.65   3.84   3.75   4.13     ----Passed
Philox4x32_64             48       8   2.57   0.54   0.67   0.15   4.76   4.52   3.83   3.64   4.13     ----Passed
Philox2x64_64             48       8   1.80   1.55   0.47   0.38   1.16   1.25   3.82   4.12   3.96     ----Passed
Philox2x64_64             48       8   1.80   1.55   0.49   0.38   1.16   1.31   3.63   4.10   3.96     ----Passed
Philox2x64_64             48       8   1.80   1.55   0.41   0.40   1.16   1.01   4.41   3.85   3.96     ----Passed
Philox2x64_64             48       8   1.80   1.55   0.47   0.38   1.16   1.23   3.82   4.06   3.96     ----Passed
Philox2x64_64             48       8   1.80   1.55   0.42   0.38   1.16   1.10   4.27   4.04   3.96     ----Passed
Philox4x64_64             88       8   1.80   1.14   0.47   0.42   1.57   1.12   3.79   2.70   2.26     ----Passed
Philox4x64_64             88       8   1.80   1.14   0.41   0.41   1.58   0.98   4.41   2.75   2.26     ----Passed
Philox4x64_64             88       8   1.80   1.14   0.47   0.34   1.57   1.42   3.79   3.40   2.25     ----Passed
Philox4x64_64             88       8   1.80   1.14   0.47   0.29   1.57   1.62   3.83   3.95   2.26     ----Passed
Philox4x64_64             88       8   1.80   1.14   0.48   0.41   1.58   1.17   3.75   2.78   2.26     ----Passed
Threefry2x32              48       8   4.60   0.69   1.01   0.17   6.62   5.94   4.54   4.08   4.61     ----Passed
Threefry2x32              48       8   4.60   0.69   1.13   0.17   6.63   6.79   4.07   4.17   4.61     ----Passed
Threefry2x32              48       8   4.60   0.69   1.18   0.19   6.63   6.16   3.90   3.63   4.68     ----Passed
Threefry2x32              48       8   4.60   0.69   1.02   0.19   6.63   5.22   4.52   3.56   4.62     ----Passed
Threefry2x32              48       8   4.60   0.69   1.19   0.19   6.63   6.13   3.88   3.58   4.61     ----Passed
Threefry4x32              72       8   3.83   0.74   1.04   0.20   5.20   5.08   3.69   3.61   5.57     ----Passed
Threefry4x32              72       8   3.83   0.74   0.95   0.21   5.21   4.63   4.01   3.57   5.57     ----Passed
Threefry4x32              72       8   3.83   0.74   1.05   0.20   5.20   5.19   3.65   3.64   5.57     ----Passed
Threefry4x32              72       8   3.83   0.74   1.08   0.21   5.20   5.11   3.56   3.49   5.56     ----Passed
Threefry4x32              72       8   3.83   0.74   1.05   0.21   5.20   5.01   3.64   3.51   5.57     ----Passed
Threefry2x64              88       8   2.94   0.65   0.69   0.20   4.55   3.51   4.27   3.30   4.50     ----Passed
Threefry2x64              88       8   2.96   0.65   0.61   0.20   4.57   3.03   4.89   3.24   5.02     ----Passed
Threefry2x64              88       8   2.98   0.66   0.59   0.19   4.53   3.13   5.07   3.50   4.49     ----Passed
Threefry2x64              88       8   2.96   0.65   0.60   0.18   4.57   3.35   4.91   3.60   4.50     ----Passed
Threefry2x64              88       8   2.94   0.65   0.69   0.18   4.55   3.81   4.27   3.58   4.50     ----Passed
Threefry4x64             136       8   3.16   0.67   0.63   0.18   4.68   3.45   4.99   3.67   2.92     ----Passed
Threefry4x64             136       8   3.16   0.68   0.57   0.17   4.68   3.26   5.57   3.88   2.91     ----Passed
Threefry4x64             136       8   3.16   0.67   0.58   0.19   4.69   3.11   5.44   3.61   2.91     ----Passed
Threefry4x64             136       8   3.16   0.67   0.57   0.21   4.70   2.80   5.50   3.28   2.91     ----Passed
Threefry4x64             136       8   3.16   0.67   0.59   0.19   4.69   3.07   5.39   3.52   2.91     ----Passed
Threefry8x64             232       8   2.20   0.66   0.51   0.18   3.34   2.89   4.32   3.74   1.85     ----Passed
Threefry8x64             232       8   2.19   0.66   0.53   0.20   3.33   2.70   4.12   3.35   1.85     ----Passed
Threefry8x64             232       8   2.20   0.66   0.54   0.18   3.33   2.94   4.08   3.60   1.85     ----Passed
Threefry8x64             232       8   2.19   0.66   0.54   0.20   3.32   2.76   4.05   3.37   1.85     ----Passed
Threefry8x64             232       8   2.19   0.66   0.52   0.19   3.32   2.73   4.25   3.50   1.85     ----Passed
Threefry16x64            424       8   1.97   0.77   0.56   0.21   2.55   2.63   3.50   3.60   1.62     ----Passed
Threefry16x64            424       8   1.97   0.78   0.56   0.21   2.53   2.68   3.51   3.72   1.61     ----Passed
Threefry16x64            424       8   1.97   0.78   0.59   0.22   2.54   2.62   3.36   3.48   1.71     ----Passed
Threefry16x64            424       8   1.97   0.78   0.58   0.20   2.53   2.84   3.40   3.82   1.61     ----Passed
Threefry16x64            424       8   1.97   0.78   0.57   0.21   2.53   2.68   3.44   3.65   1.62     ----Passed
Threefish256             136       8   7.45   2.16   1.54   0.60   3.45   2.57   4.82   3.60   7.25     ----Passed
Threefish256             136       8   7.47   2.16   1.52   0.59   3.45   2.58   4.91   3.66   7.44     ----Passed
Threefish256             136       8   7.46   2.16   1.51   0.63   3.45   2.40   4.96   3.45   7.51     ----Passed
Threefish256             136       8   7.46   2.16   1.54   0.59   3.45   2.63   4.84   3.69   7.65     ----Passed
Threefish256             136       8   7.53   2.19   1.50   0.60   3.44   2.47   5.03   3.62   7.66     ----Passed
Threefish512             232       8   5.96   2.06   1.60   0.56   2.89   2.85   3.71   3.66   5.83     ----Passed
Threefish512             232       8   5.89   2.04   1.65   0.56   2.89   2.93   3.57   3.63   5.83     ----Passed
Threefish512             232       8   5.91   2.06   1.65   0.57   2.86   2.90   3.59   3.64   5.82     ----Passed
Threefish512             232       8   6.00   2.08   1.61   0.56   2.89   2.89   3.74   3.74   5.67     ----Passed
Threefish512             232       8   5.92   2.06   1.65   0.55   2.88   2.98   3.58   3.71   5.66     ----Passed
Threefish1024            424       8   7.18   2.56   2.09   0.72   2.81   2.88   3.44   3.53   8.13     ----Passed
Threefish1024            424       8   7.16   2.57   2.06   0.70   2.78   2.96   3.47   3.69   7.60     ----Passed
Threefish1024            424       8   7.18   2.58   2.08   0.69   2.78   3.02   3.46   3.75   7.41     ----Passed
Threefish1024            424       8   7.14   2.56   2.07   0.73   2.78   2.85   3.44   3.52   7.16     ----Passed
Threefish1024            424       8   7.16   2.57   2.10   0.69   2.78   3.04   3.40   3.72   7.51     ----Passed
Threefry2x32_64           48       8   4.48   0.71   1.02   0.17   6.29   5.87   4.40   4.11   4.61     ----Passed
Threefry2x32_64           48       8   4.48   0.71   1.00   0.19   6.30   5.17   4.48   3.68   4.61     ----Passed
Threefry2x32_64           48       8   4.50   0.71   0.99   0.19   6.30   5.15   4.55   3.72   4.61     ----Passed
Threefry2x32_64           48       8   4.55   0.72   1.05   0.17   6.30   6.19   4.35   4.27   4.61     ----Passed
Threefry2x32_64           48       8   4.52   0.72   0.96   0.17   6.26   5.59   4.69   4.19   4.69     ----Passed
Threefry4x32_64           72       8   3.69   0.73   0.91   0.21   5.05   4.37   4.06   3.51   5.61     ----Passed
Threefry4x32_64           72       8   3.70   0.73   0.87   0.20   5.05   4.31   4.24   3.62   5.90     ----Passed
Threefry4x32_64           72       8   3.72   0.74   0.85   0.18   5.00   4.79   4.39   4.21   5.74     ----Passed
Threefry4x32_64           72       8   3.71   0.73   0.84   0.21   5.06   4.07   4.43   3.56   5.74     ----Passed
Threefry4x32_64           72       8   3.69   0.73   0.84   0.17   5.05   4.92   4.41   4.30   7.30     ----Passed
Threefry2x64_64           88       8   2.81   0.66   0.54   0.17   4.24   3.22   5.17   3.92   4.50     ----Passed
Threefry2x64_64           88       8   2.82   0.67   0.62   0.19   4.23   3.36   4.53   3.60   4.49     ----Passed
Threefry2x64_64           88       8   2.81   0.66   0.64   0.19   4.25   3.34   4.38   3.44   4.50     ----Passed
Threefry2x64_64           88       8   2.81   0.66   0.58   0.17   4.23   3.49   4.84   4.00   4.49     ----Passed
Threefry2x64_64           88       8   2.81   0.66   0.55   0.19   4.25   2.95   5.08   3.53   4.49     ----Passed
Threefry4x64_64          136       8   3.06   0.68   0.59   0.19   4.47   3.09   5.20   3.58   3.27     ----Passed
Threefry4x64_64          136       8   3.07   0.69   0.54   0.19   4.47   2.88   5.64   3.64   2.92     ----Passed
Threefry4x64_64          136       8   3.06   0.68   0.50   0.18   4.47   2.77   6.10   3.78   3.05     ----Passed
Threefry4x64_64          136       8   3.05   0.69   0.53   0.19   4.46   2.82   5.72   3.62   3.26     ----Passed
Threefry4x64_64          136       8   3.05   0.69   0.47   0.18   4.45   2.56   6.46   3.72   2.92     ----Passed
Threefry8x64_64          232       8   2.08   0.66   0.52   0.19   3.16   2.80   3.97   3.52   1.86     ----Passed
Threefry8x64_64          232       8   2.10   0.67   0.50   0.18   3.15   2.70   4.22   3.62   1.86     ----Passed
Threefry8x64_64          232       8   2.08   0.66   0.47   0.19   3.16   2.45   4.46   3.45   1.86     ----Passed
Threefry8x64_64          232       8   2.08   0.66   0.48   0.18   3.17   2.58   4.38   3.58   1.87     ----Passed
Threefry8x64_64          232       8   2.08   0.66   0.47   0.18   3.17   2.53   4.45   3.56   1.86     ----Passed
Threefry16x64_64         424       8   1.93   0.76   0.55   0.21   2.53   2.55   3.53   3.56   1.73     ----Passed
Threefry16x64_64         424       8   1.93   0.76   0.55   0.22   2.54   2.44   3.54   3.39   1.96     ----Passed
Threefry16x64_64         424       8   1.93   0.76   0.57   0.21   2.53   2.73   3.39   3.66   1.63     ----Passed
Threefry16x64_64         424       8   1.93   0.76   0.54   0.21   2.54   2.58   3.57   3.63   1.68     ----Passed
Threefry16x64_64         424       8   1.93   0.76   0.53   0.21   2.54   2.56   3.64   3.66   1.68     ----Passed
Threefish256_64          136       8   7.25   2.18   1.45   0.60   3.33   2.40   5.01   3.60   7.45     ----Passed
Threefish256_64          136       8   7.28   2.16   1.50   0.61   3.36   2.48   4.84   3.57   7.45     ----Passed
Threefish256_64          136       8   7.33   2.18   1.53   0.59   3.37   2.57   4.80   3.67   7.67     ----Passed
Threefish256_64          136       8   7.36   2.19   1.46   0.59   3.36   2.47   5.02   3.70   7.45     ----Passed
Threefish256_64          136       8   7.31   2.20   1.45   0.59   3.33   2.46   5.06   3.74   8.15     ----Passed
Threefish512_64          232       8   5.82   2.03   1.57   0.57   2.86   2.78   3.70   3.59   5.82     ----Passed
Threefish512_64          232       8   5.83   2.03   1.57   0.58   2.88   2.72   3.71   3.51   6.30     ----Passed
Threefish512_64          232       8   5.82   2.03   1.61   0.56   2.87   2.90   3.61   3.64   5.99     ----Passed
Threefish512_64          232       8   5.88   2.05   1.56   0.58   2.88   2.67   3.77   3.50   5.99     ----Passed
Threefish512_64          232       8   5.80   2.03   1.63   0.59   2.86   2.77   3.55   3.44   6.39     ----Passed
Threefish1024_64         424       8   7.12   2.54   2.06   0.72   2.80   2.85   3.46   3.52   7.76     ----Passed
Threefish1024_64         424       8   7.16   2.56   2.11   0.71   2.79   2.99   3.39   3.63   8.63     ----Passed
Threefish1024_64         424       8   7.13   2.54   2.02   0.71   2.81   2.86   3.53   3.59   7.79     ----Passed
Threefish1024_64         424       8   7.14   2.54   2.03   0.69   2.82   2.93   3.51   3.66   8.12     ----Passed
Threefish1024_64         424       8   7.12   2.54   2.02   0.72   2.81   2.82   3.52   3.53   7.90     ----Passed
MKL_ARS5                1040       8   0.93   0.28   0.22   0.09   3.28   2.51   4.21   3.22    ---     ----Passed
MKL_ARS5                1040       8   0.90   0.28   0.25   0.09   3.19   2.83   3.63   3.22    ---     ----Passed
MKL_ARS5                1040       8   0.93   0.28   0.27   0.09   3.30   3.20   3.40   3.30    ---     ----Passed
MKL_ARS5                1040       8   0.93   0.28   0.24   0.09   3.27   2.69   3.85   3.17    ---     ----Passed
MKL_ARS5                1040       8   0.89   0.28   0.27   0.09   3.18   3.09   3.31   3.23    ---     ----Passed
MKL_PHILOX4X32X10       1040       8   1.29   0.53   0.35   0.16   2.41   2.15   3.63   3.24    ---     ----Passed
MKL_PHILOX4X32X10       1040       8   1.29   0.53   0.38   0.16   2.41   2.37   3.39   3.34    ---     ----Passed
MKL_PHILOX4X32X10       1040       8   1.29   0.54   0.38   0.15   2.41   2.48   3.42   3.53    ---     ----Passed
MKL_PHILOX4X32X10       1040       8   1.29   0.53   0.36   0.15   2.41   2.38   3.58   3.53    ---     ----Passed
MKL_PHILOX4X32X10       1040       8   1.29   0.53   0.35   0.15   2.42   2.31   3.69   3.53    ---     ----Passed
MKL_MCG59               1040       8   0.69   0.30   0.23   0.10   2.27   2.40   3.02   3.19    ---     ----Passed
MKL_MCG59               1040       8   0.78   0.30   0.23   0.10   2.56   2.28   3.44   3.07    ---     ----Passed
MKL_MCG59               1040       8   0.69   0.30   0.23   0.10   2.27   2.34   2.99   3.08    ---     ----Passed
MKL_MCG59               1040       8   0.69   0.30   0.24   0.09   2.27   2.55   2.87   3.23    ---     ----Passed
MKL_MCG59               1040       8   0.69   0.30   0.23   0.09   2.27   2.55   3.03   3.40    ---     ----Passed
MKL_MT19937             1040       8   0.72   0.25   0.21   0.08   2.84   2.73   3.53   3.39    ---     ----Passed
MKL_MT19937             1040       8   0.72   0.25   0.21   0.06   2.86   3.48   3.37   4.11    ---     ----Passed
MKL_MT19937             1040       8   0.72   0.25   0.23   0.08   2.84   2.99   3.18   3.35    ---     ----Passed
MKL_MT19937             1040       8   0.72   0.25   0.21   0.08   2.85   2.66   3.46   3.23    ---     ----Passed
MKL_MT19937             1040       8   0.71   0.25   0.20   0.08   2.83   2.70   3.49   3.34    ---     ----Passed
MKL_MT2203              1040       8   0.69   0.23   0.22   0.06   2.94   3.81   3.15   4.08    ---     ----Passed
MKL_MT2203              1040       8   0.65   0.18   0.23   0.06   3.67   4.17   2.82   3.20    ---     ----Passed
MKL_MT2203              1040       8   0.62   0.23   0.21   0.06   2.63   3.32   2.94   3.70    ---     ----Passed
MKL_MT2203              1040       8   0.62   0.18   0.21   0.06   3.50   3.75   2.97   3.18    ---     ----Passed
MKL_MT2203              1040       8   0.64   0.23   0.22   0.06   2.73   3.82   2.91   4.07    ---     ----Passed
MKL_SFMT19937           1040       8   0.63   0.15   0.21   0.05   4.19   4.20   2.97   2.98    ---     ----Passed
MKL_SFMT19937           1040       8   0.65   0.15   0.21   0.05   4.38   4.22   3.12   3.01    ---     ----Passed
MKL_SFMT19937           1040       8   0.63   0.15   0.20   0.05   4.20   4.26   3.12   3.17    ---     ----Passed
MKL_SFMT19937           1040       8   0.64   0.15   0.21   0.05   4.28   4.17   3.06   2.99    ---     ----Passed
MKL_SFMT19937           1040       8   0.66   0.15   0.20   0.05   4.46   4.00   3.26   2.92    ---     ----Passed
MKL_NONDETERM           1040       8  30.52  30.04   5.64   1.88   1.02   3.00   5.41  15.98    ---     ----Passed
MKL_NONDETERM           1040       8  30.12  29.77   5.70   2.03   1.01   2.80   5.28  14.64    ---     ----Passed
MKL_NONDETERM           1040       8  29.93  29.62   5.57   1.87   1.01   2.98   5.37  15.83    ---     ----Passed
MKL_NONDETERM           1040       8  30.95  30.36   5.54   1.70   1.02   3.26   5.58  17.87    ---     ----Passed
MKL_NONDETERM           1040       8  30.08  29.64   5.60   1.72   1.01   3.25   5.37  17.22    ---     ----Passed
MKL_ARS5_64             2064       8   0.78   0.28   0.22   0.09   2.77   2.56   3.49   3.22    ---     ----Passed
MKL_ARS5_64             2064       8   0.78   0.28   0.17   0.09   2.79   1.83   4.68   3.07    ---     ----Passed
MKL_ARS5_64             2064       8   0.78   0.28   0.21   0.08   2.79   2.46   3.75   3.30    ---     ----Passed
MKL_ARS5_64             2064       8   0.78   0.28   0.20   0.08   2.79   2.50   3.81   3.42    ---     ----Passed
MKL_ARS5_64             2064       8   0.78   0.28   0.22   0.09   2.78   2.61   3.47   3.25    ---     ----Passed
MKL_PHILOX4X32X10_64    2064       8   1.05   0.53   0.26   0.15   1.97   1.72   4.11   3.59    ---     ----Passed
MKL_PHILOX4X32X10_64    2064       8   1.05   0.54   0.24   0.15   1.96   1.56   4.40   3.49    ---     ----Passed
MKL_PHILOX4X32X10_64    2064       8   1.05   0.54   0.25   0.16   1.96   1.57   4.27   3.42    ---     ----Passed
MKL_PHILOX4X32X10_64    2064       8   1.05   0.54   0.28   0.15   1.96   1.89   3.82   3.67    ---     ----Passed
MKL_PHILOX4X32X10_64    2064       8   1.05   0.54   0.29   0.15   1.96   1.93   3.58   3.52    ---     ----Passed
MKL_MCG59_64            2064       8   0.65   0.31   0.19   0.09   2.10   2.03   3.39   3.28    ---     ----Passed
MKL_MCG59_64            2064       8   0.64   0.31   0.19   0.09   2.10   2.03   3.41   3.30    ---     ----Passed
MKL_MCG59_64            2064       8   0.65   0.31   0.13   0.09   2.11   1.46   4.81   3.33    ---     ----Passed
MKL_MCG59_64            2064       8   0.65   0.31   0.19   0.09   2.10   2.04   3.43   3.34    ---     ----Passed
MKL_MCG59_64            2064       8   0.66   0.31   0.14   0.09   2.13   1.51   4.74   3.36    ---     ----Passed
MKL_MT19937_64          2064       8   0.62   0.25   0.17   0.08   2.42   2.14   3.66   3.23    ---     ----Passed
MKL_MT19937_64          2064       8   0.62   0.25   0.17   0.07   2.43   2.42   3.54   3.53    ---     ----Passed
MKL_MT19937_64          2064       8   0.62   0.25   0.18   0.08   2.44   2.24   3.49   3.20    ---     ----Passed
MKL_MT19937_64          2064       8   0.62   0.26   0.18   0.07   2.42   2.73   3.45   3.90    ---     ----Passed
MKL_MT19937_64          2064       8   0.62   0.25   0.18   0.08   2.43   2.30   3.50   3.31    ---     ----Passed
MKL_MT2203_64           2064       8   0.57   0.24   0.13   0.06   2.43   2.28   4.32   4.04    ---     ----Passed
MKL_MT2203_64           2064       8   0.57   0.24   0.13   0.06   2.43   2.37   4.38   4.28    ---     ----Passed
MKL_MT2203_64           2064       8   0.57   0.24   0.16   0.06   2.43   2.71   3.57   3.98    ---     ----Passed
MKL_MT2203_64           2064       8   0.57   0.24   0.16   0.06   2.43   2.61   3.67   3.95    ---     ----Passed
MKL_MT2203_64           2064       8   0.57   0.18   0.15   0.06   3.25   2.43   3.92   2.93    ---     ----Passed
MKL_SFMT19937_64        2064       8   0.60   0.15   0.17   0.05   3.90   3.38   3.57   3.09    ---     ----Passed
MKL_SFMT19937_64        2064       8   0.60   0.15   0.17   0.05   3.89   3.51   3.59   3.23    ---     ----Passed
MKL_SFMT19937_64        2064       8   0.60   0.15   0.15   0.05   3.93   3.05   4.08   3.16    ---     ----Passed
MKL_SFMT19937_64        2064       8   0.60   0.15   0.17   0.05   3.92   3.42   3.51   3.06    ---     ----Passed
MKL_SFMT19937_64        2064       8   0.60   0.15   0.16   0.05   3.93   3.18   3.65   2.95    ---     ----Passed
MKL_NONDETERM_64        2064       8  30.33  30.20   5.45   1.85   1.00   2.95   5.56  16.33    ---     ----Passed
MKL_NONDETERM_64        2064       8  29.81  29.61   5.51   1.76   1.01   3.13   5.41  16.80    ---     ----Passed
MKL_NONDETERM_64        2064       8  29.87  29.52   5.49   2.11   1.01   2.60   5.44  13.97    ---     ----Passed
MKL_NONDETERM_64        2064       8  30.80  30.44   5.46   2.08   1.01   2.63   5.64  14.66    ---     ----Passed
MKL_NONDETERM_64        2064       8  29.78  29.58   5.52   1.68   1.01   3.29   5.39  17.64    ---     ----Passed
RDRAND16                   1       1 118.28 118.32  22.62  22.72   1.00   1.00   5.23   5.21    ---     ----Passed
RDRAND16                   1       1 120.69 119.69  22.63  22.64   1.01   1.00   5.33   5.29    ---     ----Passed
RDRAND16                   1       1 121.00 120.77  22.51  22.56   1.00   1.00   5.37   5.35    ---     ----Passed
RDRAND16                   1       1 118.65 120.27  22.56  22.65   0.99   1.00   5.26   5.31    ---     ----Passed
RDRAND16                   1       1 120.08 120.54  22.72  22.67   1.00   1.00   5.28   5.32    ---     ----Passed
RDRAND32                   1       1  58.75  58.79  11.45  11.36   1.00   1.01   5.13   5.18    ---     ----Passed
RDRAND32                   1       1  58.86  59.18  11.34  11.38   0.99   1.00   5.19   5.20    ---     ----Passed
RDRAND32                   1       1  58.73  59.05  11.35  11.44   0.99   0.99   5.18   5.16    ---     ----Passed
RDRAND32                   1       1  59.17  59.21  11.34  11.34   1.00   1.00   5.22   5.22    ---     ----Passed
RDRAND32                   1       1  58.77  59.07  11.37  11.41   0.99   1.00   5.17   5.18    ---     ----Passed
RDRAND64                   1       1  30.05  30.10   5.66   5.79   1.00   0.98   5.31   5.20    ---     ----Passed
RDRAND64                   1       1  30.08  30.02   5.74   5.76   1.00   1.00   5.24   5.21    ---     ----Passed
RDRAND64                   1       1  30.14  30.20   5.73   5.74   1.00   1.00   5.27   5.26    ---     ----Passed
RDRAND64                   1       1  30.50  30.57   5.74   5.70   1.00   1.01   5.31   5.36    ---     ----Passed
RDRAND64                   1       1  30.03  30.07   5.72   5.67   1.00   1.01   5.25   5.30    ---     ----Passed
