mt19937                 5000       8   3.04   3.13   0.74   0.72   0.97   1.02   4.13   4.33    ---      ---Passed
mt19937                 5000       8   3.04   3.13   0.72   0.72   0.97   1.00   4.19   4.33    ---      ---Passed
mt19937                 5000       8   3.04   3.13   0.73   0.73   0.97   1.01   4.14   4.31    ---      ---Passed
mt19937                 5000       8   3.04   3.13   0.73   0.73   0.97   1.01   4.15   4.30    ---      ---Passed
mt19937                 5000       8   3.04   3.13   0.72   0.72   0.97   1.00   4.19   4.32    ---      ---Passed
mt19937_64              2504       8   1.47   1.47   0.40   0.39   1.00   1.02   3.72   3.81    ---      ---Passed
mt19937_64              2504       8   1.48   1.47   0.39   0.39   1.00   1.01   3.80   3.82    ---      ---Passed
mt19937_64              2504       8   1.47   1.48   0.39   0.39   1.00   1.00   3.81   3.81    ---      ---Passed
mt19937_64              2504       8   1.48   1.47   0.39   0.38   1.01   1.00   3.85   3.83    ---      ---Passed
mt19937_64              2504       8   1.49   1.47   0.38   0.39   1.01   1.00   3.88   3.83    ---      ---Passed
minstd_rand0               8       8   9.56   9.39   1.26   1.26   1.02   1.00   7.60   7.43    ---      ---Passed
minstd_rand0               8       8   9.56   9.38   1.27   1.26   1.02   1.01   7.50   7.42    ---      ---Passed
minstd_rand0               8       8   9.56   9.38   1.28   1.27   1.02   1.01   7.50   7.40    ---      ---Passed
minstd_rand0               8       8   9.56   9.39   1.26   1.26   1.02   0.99   7.61   7.43    ---      ---Passed
minstd_rand0               8       8   9.56   9.39   1.28   1.27   1.02   1.01   7.46   7.39    ---      ---Passed
minstd_rand                8       8   9.56   9.39   1.27   1.27   1.02   1.00   7.53   7.39    ---      ---Passed
minstd_rand                8       8   9.56   9.38   1.27   1.28   1.02   1.00   7.53   7.36    ---      ---Passed
minstd_rand                8       8   9.56   9.39   1.26   1.27   1.02   0.99   7.55   7.38    ---      ---Passed
minstd_rand                8       8   9.56   9.39   1.27   1.27   1.02   1.00   7.55   7.38    ---      ---Passed
minstd_rand                8       8   9.60   9.41   1.28   1.27   1.02   1.01   7.48   7.38    ---      ---Passed
ranlux24_base            208       8   3.87   6.20   0.92   0.89   0.62   1.03   4.22   6.97    ---      ---Passed
ranlux24_base            208       8   3.87   6.17   0.91   0.89   0.63   1.02   4.24   6.93    ---      ---Passed
ranlux24_base            208       8   3.87   6.16   0.91   0.89   0.63   1.02   4.25   6.94    ---      ---Passed
ranlux24_base            208       8   3.88   6.20   0.91   0.90   0.63   1.02   4.24   6.92    ---      ---Passed
ranlux24_base            208       8   3.88   6.20   0.91   0.89   0.63   1.03   4.24   6.95    ---      ---Passed
ranlux48_base            112       8   2.58   3.93   0.58   0.57   0.66   1.01   4.44   6.85    ---      ---Passed
ranlux48_base            112       8   2.58   3.90   0.58   0.57   0.66   1.02   4.43   6.81    ---      ---Passed
ranlux48_base            112       8   2.59   3.94   0.59   0.58   0.66   1.03   4.37   6.84    ---      ---Passed
ranlux48_base            112       8   2.58   3.93   0.59   0.57   0.66   1.03   4.36   6.85    ---      ---Passed
ranlux48_base            112       8   2.58   3.93   0.58   0.57   0.66   1.01   4.44   6.84    ---      ---Passed
ranlux24                 216       8  37.27  72.01   7.80  12.39   0.52   0.63   4.78   5.81    ---      ---Passed
ranlux24                 216       8  37.21  72.01   7.77  12.34   0.52   0.63   4.79   5.83    ---      ---Passed
ranlux24                 216       8  37.21  71.98   7.79  12.35   0.52   0.63   4.78   5.83    ---      ---Passed
ranlux24                 216       8  37.24  71.99   7.77  12.37   0.52   0.63   4.79   5.82    ---      ---Passed
ranlux24                 216       8  37.36  72.12   7.76  12.37   0.52   0.63   4.81   5.83    ---      ---Passed
ranlux48                 120       8  89.43 172.02  18.86  18.74   0.52   1.01   4.74   9.18    ---      ---Passed
ranlux48                 120       8  89.41 171.87  18.85  18.69   0.52   1.01   4.74   9.20    ---      ---Passed
ranlux48                 120       8  89.43 171.95  18.90  18.69   0.52   1.01   4.73   9.20    ---      ---Passed
ranlux48                 120       8  89.43 172.02  18.82  18.69   0.52   1.01   4.75   9.21    ---      ---Passed
ranlux48                 120       8  89.39 171.87  18.85  18.76   0.52   1.00   4.74   9.16    ---      ---Passed
knuth_b                 2064       8  57.79  59.06  11.36  11.34   0.98   1.00   5.09   5.21    ---      ---Passed
knuth_b                 2064       8  57.83  59.13  11.29  11.24   0.98   1.00   5.12   5.26    ---      ---Passed
knuth_b                 2064       8  57.72  57.19  11.37  11.29   1.01   1.01   5.08   5.06    ---      ---Passed
knuth_b                 2064       8  57.58  56.93  11.21  11.30   1.01   0.99   5.14   5.04    ---      ---Passed
knuth_b                 2064       8  57.57  57.27  11.25  11.25   1.01   1.00   5.12   5.09    ---      ---Passed
Philox2x32                24       8   6.97   1.61   1.46   0.42   4.32   3.50   4.76   3.86  13.68      ---Passed
Philox2x32                24       8   6.98   1.61   1.43   0.44   4.33   3.28   4.87   3.69  13.68      ---Passed
Philox2x32                24       8   6.98   1.61   1.44   0.42   4.33   3.44   4.83   3.84  13.67      ---Passed
Philox2x32                24       8   6.97   1.61   1.44   0.42   4.32   3.45   4.83   3.85  13.67      ---Passed
Philox2x32                24       8   6.98   1.61   1.44   0.42   4.35   3.43   4.84   3.82  13.68      ---Passed
Philox4x32                48       8   5.87   1.62   0.88   0.40   3.64   2.18   6.70   4.02   2.54      ---Passed
Philox4x32                48       8   5.88   1.62   0.88   0.40   3.63   2.18   6.72   4.04   2.54      ---Passed
Philox4x32                48       8   5.87   1.61   0.89   0.40   3.64   2.21   6.59   4.01   2.54      ---Passed
Philox4x32                48       8   5.88   1.62   0.87   0.40   3.63   2.18   6.73   4.04   2.70      ---Passed
Philox4x32                48       8   5.88   1.62   0.88   0.40   3.64   2.18   6.72   4.03   2.54      ---Passed
Philox2x64                48       8   6.26   5.33   1.20   1.01   1.17   1.19   5.23   5.29   4.33      ---Passed
Philox2x64                48       8   6.26   5.34   1.19   1.03   1.17   1.16   5.26   5.19   4.20      ---Passed
Philox2x64                48       8   6.26   5.33   1.21   1.01   1.18   1.19   5.18   5.27   4.33      ---Passed
Philox2x64                48       8   6.26   5.33   1.19   1.01   1.17   1.18   5.25   5.29   4.20      ---Passed
Philox2x64                48       8   6.26   5.33   1.19   1.01   1.17   1.18   5.27   5.30   4.20      ---Passed
Philox4x64                88       8   6.85   4.45   1.07   0.85   1.54   1.26   6.41   5.24   4.31      ---Passed
Philox4x64                88       8   6.85   4.45   1.12   0.84   1.54   1.34   6.12   5.31   4.28      ---Passed
Philox4x64                88       8   6.86   4.46   1.10   0.85   1.54   1.30   6.21   5.24   4.41      ---Passed
Philox4x64                88       8   6.86   4.45   1.07   0.84   1.54   1.28   6.38   5.30   4.41      ---Passed
Philox4x64                88       8   6.86   4.45   1.07   0.84   1.54   1.27   6.42   5.29   4.49      ---Passed
Philox2x32_64             24       8   6.44   1.60   1.34   0.40   4.02   3.32   4.81   3.97  13.69      ---Passed
Philox2x32_64             24       8   6.45   1.60   1.34   0.41   4.03   3.31   4.81   3.95  13.68      ---Passed
Philox2x32_64             24       8   6.44   1.60   1.34   0.40   4.03   3.32   4.82   3.97  13.69      ---Passed
Philox2x32_64             24       8   6.45   1.60   1.33   0.40   4.03   3.31   4.83   3.97  13.87      ---Passed
Philox2x32_64             24       8   6.46   1.60   1.34   0.40   4.04   3.32   4.82   3.97  13.68      ---Passed
Philox4x32_64             48       8   5.60   1.61   0.79   0.39   3.48   2.01   7.13   4.11   2.63      ---Passed
Philox4x32_64             48       8   5.60   1.61   0.79   0.39   3.49   2.02   7.11   4.11   2.54      ---Passed
Philox4x32_64             48       8   5.60   1.61   0.79   0.39   3.48   2.01   7.13   4.11   2.54      ---Passed
Philox4x32_64             48       8   5.59   1.61   0.79   0.39   3.48   2.03   7.04   4.11   2.54      ---Passed
Philox4x32_64             48       8   5.59   1.61   0.80   0.39   3.48   2.03   7.02   4.10   2.54      ---Passed
Philox2x64_64             48       8   5.70   5.33   1.06   1.00   1.07   1.06   5.37   5.30   4.30      ---Passed
Philox2x64_64             48       8   5.73   5.40   1.07   1.01   1.06   1.07   5.35   5.37   4.20      ---Passed
Philox2x64_64             48       8   5.70   5.32   1.06   1.01   1.07   1.05   5.38   5.29   4.20      ---Passed
Philox2x64_64             48       8   5.70   5.32   1.06   1.01   1.07   1.05   5.38   5.29   4.20      ---Passed
Philox2x64_64             48       8   5.70   5.33   1.06   1.00   1.07   1.05   5.39   5.30   4.20      ---Passed
Philox4x64_64             88       8   6.47   4.44   0.93   0.83   1.46   1.11   6.98   5.32   4.40      ---Passed
Philox4x64_64             88       8   6.47   4.44   0.91   0.82   1.46   1.10   7.14   5.39   4.38      ---Passed
Philox4x64_64             88       8   6.47   4.44   0.91   0.86   1.46   1.06   7.08   5.16   4.40      ---Passed
Philox4x64_64             88       8   6.47   4.43   0.92   0.83   1.46   1.11   7.05   5.35   4.29      ---Passed
Philox4x64_64             88       8   6.47   4.43   0.91   0.84   1.46   1.09   7.10   5.31   4.39      ---Passed
Threefry2x32              48       8   7.64   1.93   1.66   0.48   3.95   3.47   4.60   4.04   7.56      ---Passed
Threefry2x32              48       8   7.64   1.94   1.69   0.47   3.95   3.57   4.52   4.08   7.59      ---Passed
Threefry2x32              48       8   7.63   1.93   1.64   0.47   3.95   3.45   4.67   4.08   7.29      ---Passed
Threefry2x32              48       8   7.63   1.93   1.64   0.47   3.94   3.47   4.65   4.09   7.29      ---Passed
Threefry2x32              48       8   7.64   1.94   1.68   0.47   3.95   3.54   4.55   4.08   7.29      ---Passed
Threefry4x32              72       8   8.30   1.90   2.03   0.47   4.37   4.34   4.10   4.07   6.67      ---Passed
Threefry4x32              72       8   7.45   1.90   2.03   0.47   3.92   4.37   3.66   4.08   6.56      ---Passed
Threefry4x32              72       8   7.89   1.90   2.15   0.47   4.16   4.62   3.67   4.08   6.55      ---Passed
Threefry4x32              72       8   7.46   1.90   2.02   0.47   3.93   4.31   3.69   4.05   6.56      ---Passed
Threefry4x32              72       8   7.45   1.90   2.03   0.46   3.92   4.36   3.68   4.09   6.67      ---Passed
Threefry2x64              88       8   4.32   1.95   0.99   0.56   2.21   1.77   4.37   3.50   3.55      ---Passed
Threefry2x64              88       8   4.42   1.95   0.99   0.55   2.27   1.78   4.48   3.53   3.55      ---Passed
Threefry2x64              88       8   4.41   1.95   0.99   0.55   2.26   1.78   4.46   3.52   3.55      ---Passed
Threefry2x64              88       8   4.60   2.03   1.01   0.55   2.26   1.83   4.54   3.67   3.56      ---Passed
Threefry2x64              88       8   4.29   1.95   0.99   0.56   2.20   1.78   4.33   3.50   3.56      ---Passed
Threefry4x64             136       8   4.45   2.05   1.16   0.57   2.17   2.05   3.84   3.62   3.43      ---Passed
Threefry4x64             136       8   4.46   2.05   1.14   0.56   2.17   2.02   3.91   3.64   3.43      ---Passed
Threefry4x64             136       8   4.65   2.14   1.18   0.57   2.17   2.08   3.94   3.77   3.42      ---Passed
Threefry4x64             136       8   4.58   2.05   1.18   0.57   2.23   2.08   3.88   3.62   3.43      ---Passed
Threefry4x64             136       8   4.46   2.05   1.16   0.56   2.17   2.06   3.84   3.64   3.43      ---Passed
Threefry8x64             232       8   6.58   2.26   1.67   0.55   2.91   3.01   3.94   4.08   5.25      ---Passed
Threefry8x64             232       8   6.56   2.26   1.65   0.55   2.90   2.99   3.99   4.12   5.41      ---Passed
Threefry8x64             232       8   6.56   2.26   1.65   0.55   2.90   3.01   3.96   4.13   5.42      ---Passed
Threefry8x64             232       8   6.83   2.36   1.66   0.55   2.90   3.02   4.10   4.28   5.41      ---Passed
Threefry8x64             232       8   6.56   2.26   1.66   0.55   2.90   3.00   3.95   4.09   5.23      ---Passed
Threefry16x64            424       8   8.25   6.74   2.18   1.99   1.23   1.10   3.78   3.39   6.94      ---Passed
Threefry16x64            424       8   8.24   6.74   2.19   1.98   1.22   1.11   3.76   3.40   6.69      ---Passed
Threefry16x64            424       8   8.25   6.74   2.19   1.98   1.22   1.11   3.76   3.41   6.71      ---Passed
Threefry16x64            424       8   8.26   6.74   2.18   1.98   1.23   1.10   3.78   3.40   6.95      ---Passed
Threefry16x64            424       8   8.24   6.74   2.18   1.98   1.22   1.10   3.77   3.40   6.96      ---Passed
Threefish256             136       8  12.05   6.64   3.10   1.80   1.81   1.72   3.89   3.68  10.85      ---Passed
Threefish256             136       8  12.03   6.64   3.16   1.81   1.81   1.75   3.81   3.67  10.90      ---Passed
Threefish256             136       8  11.99   6.64   3.12   1.80   1.80   1.74   3.84   3.69  10.89      ---Passed
Threefish256             136       8  12.05   6.64   3.12   1.79   1.81   1.74   3.87   3.70  10.91      ---Passed
Threefish256             136       8  12.04   6.64   3.10   1.79   1.81   1.73   3.88   3.70  10.85      ---Passed
Threefish512             232       8  15.85   7.15   4.06   1.86   2.22   2.18   3.90   3.84  14.59      ---Passed
Threefish512             232       8  15.22   7.14   4.00   1.86   2.13   2.15   3.80   3.84  14.52      ---Passed
Threefish512             232       8  15.23   7.15   3.99   1.86   2.13   2.14   3.82   3.84  14.50      ---Passed
Threefish512             232       8  15.23   7.15   3.99   1.87   2.13   2.13   3.82   3.81  14.18      ---Passed
Threefish512             232       8  15.23   7.15   4.00   1.86   2.13   2.15   3.81   3.84  14.63      ---Passed
Threefish1024            424       8  28.27  26.96   7.92   7.67   1.05   1.03   3.57   3.51  27.02      ---Passed
Threefish1024            424       8  28.75  27.58   7.92   7.73   1.04   1.02   3.63   3.57  27.16      ---Passed
Threefish1024            424       8  28.62  27.55   7.94   7.71   1.04   1.03   3.60   3.57  26.51      ---Passed
Threefish1024            424       8  28.59  27.45   7.92   7.74   1.04   1.02   3.61   3.55  26.28      ---Passed
Threefish1024            424       8  28.58  27.53   7.91   7.69   1.04   1.03   3.62   3.58  26.15      ---Passed
Threefry2x32_64           48       8   6.99   1.94   1.47   0.48   3.60   3.08   4.75   4.05   7.29      ---Passed
Threefry2x32_64           48       8   6.99   1.94   1.47   0.48   3.60   3.07   4.75   4.05   7.26      ---Passed
Threefry2x32_64           48       8   6.98   1.95   1.61   0.48   3.58   3.35   4.33   4.06   7.26      ---Passed
Threefry2x32_64           48       8   6.98   1.95   1.48   0.48   3.57   3.08   4.71   4.06   7.26      ---Passed
Threefry2x32_64           48       8   6.99   1.95   1.47   0.48   3.58   3.07   4.74   4.07   7.27      ---Passed
Threefry4x32_64           72       8   6.86   1.87   1.90   0.46   3.67   4.17   3.60   4.10   6.57      ---Passed
Threefry4x32_64           72       8   6.86   1.87   1.92   0.46   3.67   4.19   3.58   4.09   6.54      ---Passed
Threefry4x32_64           72       8   6.86   1.87   1.97   0.46   3.67   4.31   3.47   4.09   6.68      ---Passed
Threefry4x32_64           72       8   6.86   1.87   1.92   0.46   3.67   4.21   3.57   4.09   6.55      ---Passed
Threefry4x32_64           72       8   6.86   1.87   1.99   0.46   3.67   4.32   3.45   4.06   6.56      ---Passed
Threefry2x64_64           88       8   3.65   1.95   0.85   0.55   1.87   1.56   4.27   3.55   3.55      ---Passed
Threefry2x64_64           88       8   3.73   1.95   0.85   0.55   1.92   1.56   4.37   3.57   3.55      ---Passed
Threefry2x64_64           88       8   3.65   1.95   0.86   0.55   1.87   1.57   4.23   3.55   3.55      ---Passed
Threefry2x64_64           88       8   3.74   1.95   0.87   0.55   1.92   1.58   4.32   3.55   3.64      ---Passed
Threefry2x64_64           88       8   3.66   1.95   0.87   0.55   1.88   1.58   4.22   3.55   3.55      ---Passed
Threefry4x64_64          136       8   3.70   2.04   1.02   0.56   1.81   1.81   3.63   3.62   3.42      ---Passed
Threefry4x64_64          136       8   3.69   2.04   1.02   0.57   1.81   1.78   3.62   3.57   3.42      ---Passed
Threefry4x64_64          136       8   3.69   2.04   1.01   0.56   1.81   1.79   3.65   3.62   3.42      ---Passed
Threefry4x64_64          136       8   3.69   2.04   1.04   0.56   1.81   1.85   3.54   3.63   3.46      ---Passed
Threefry4x64_64          136       8   3.69   2.04   1.02   0.56   1.81   1.80   3.63   3.63   3.45      ---Passed
Threefry8x64_64          232       8   5.90   2.25   1.54   0.55   2.62   2.78   3.83   4.05   5.46      ---Passed
Threefry8x64_64          232       8   5.82   2.25   1.54   0.55   2.58   2.77   3.79   4.06   5.46      ---Passed
Threefry8x64_64          232       8   6.12   2.25   1.53   0.55   2.72   2.77   3.99   4.07   5.47      ---Passed
Threefry8x64_64          232       8   6.25   2.25   1.54   0.55   2.78   2.77   4.07   4.06   5.46      ---Passed
Threefry8x64_64          232       8   5.91   2.25   1.54   0.55   2.63   2.80   3.84   4.10   5.46      ---Passed
Threefry16x64_64         424       8   7.17   6.73   2.01   1.97   1.07   1.02   3.57   3.41   6.94      ---Passed
Threefry16x64_64         424       8   7.17   6.73   2.00   1.96   1.07   1.02   3.58   3.43   6.66      ---Passed
Threefry16x64_64         424       8   7.17   6.73   1.99   1.98   1.07   1.01   3.60   3.40   6.96      ---Passed
Threefry16x64_64         424       8   7.17   6.73   2.01   1.98   1.06   1.01   3.57   3.40   6.66      ---Passed
Threefry16x64_64         424       8   7.16   6.73   2.00   1.97   1.06   1.02   3.59   3.42   6.73      ---Passed
Threefish256_64          136       8  11.08   6.63   2.95   1.79   1.67   1.65   3.75   3.70  10.96      ---Passed
Threefish256_64          136       8  11.09   6.63   2.98   1.79   1.67   1.66   3.72   3.70  10.94      ---Passed
Threefish256_64          136       8  11.10   6.62   2.95   1.80   1.68   1.64   3.76   3.69  10.96      ---Passed
Threefish256_64          136       8  11.06   6.63   2.96   1.80   1.67   1.65   3.74   3.69  10.94      ---Passed
Threefish256_64          136       8  11.27   6.63   2.96   1.80   1.70   1.65   3.81   3.69  11.00      ---Passed
Threefish512_64          232       8  14.48   7.13   3.90   1.84   2.03   2.12   3.71   3.87  14.14      ---Passed
Threefish512_64          232       8  14.47   7.13   3.94   1.85   2.03   2.13   3.68   3.85  14.53      ---Passed
Threefish512_64          232       8  14.47   7.13   3.94   1.84   2.03   2.14   3.67   3.87  14.32      ---Passed
Threefish512_64          232       8  14.47   7.14   3.92   1.85   2.03   2.13   3.69   3.87  14.50      ---Passed
Threefish512_64          232       8  14.47   7.14   3.90   1.85   2.03   2.12   3.71   3.87  14.66      ---Passed
Threefish1024_64         424       8  28.07  27.50   7.63   7.68   1.02   0.99   3.68   3.58  26.78      ---Passed
Threefish1024_64         424       8  28.40  27.54   7.62   7.72   1.03   0.99   3.73   3.57  26.18      ---Passed
Threefish1024_64         424       8  28.06  27.48   7.62   7.65   1.02   1.00   3.68   3.59  26.23      ---Passed
Threefish1024_64         424       8  28.19  27.54   7.62   7.68   1.02   0.99   3.70   3.59  26.22      ---Passed
Threefish1024_64         424       8  27.57  27.38   7.58   7.66   1.01   0.99   3.64   3.58  26.12      ---Passed
MKL_PHILOX4X32X10       1040       8   4.10   1.84   0.87   0.48   2.23   1.82   4.74   3.86    ---      ---Passed
MKL_PHILOX4X32X10       1040       8   4.12   1.83   0.89   0.48   2.25   1.86   4.64   3.84    ---      ---Passed
MKL_PHILOX4X32X10       1040       8   4.10   1.84   0.87   0.47   2.23   1.83   4.73   3.87    ---      ---Passed
MKL_PHILOX4X32X10       1040       8   4.10   1.83   0.87   0.48   2.24   1.81   4.74   3.83    ---      ---Passed
MKL_PHILOX4X32X10       1040       8   4.10   1.84   0.86   0.48   2.24   1.81   4.75   3.85    ---      ---Passed
MKL_MCG59               1040       8   2.46   0.83   0.51   0.22   2.98   2.29   4.81   3.69    ---      ---Passed
MKL_MCG59               1040       8   2.46   0.83   0.48   0.22   2.98   2.17   5.07   3.70    ---      ---Passed
MKL_MCG59               1040       8   2.46   0.83   0.49   0.22   2.98   2.17   5.06   3.69    ---      ---Passed
MKL_MCG59               1040       8   2.47   0.82   0.48   0.23   2.99   2.15   5.09   3.65    ---      ---Passed
MKL_MCG59               1040       8   2.46   0.83   0.49   0.22   2.98   2.16   5.07   3.68    ---      ---Passed
MKL_MT19937             1040       8   2.77   0.72   0.55   0.19   3.87   2.94   5.07   3.85    ---      ---Passed
MKL_MT19937             1040       8   2.77   0.72   0.52   0.19   3.87   2.78   5.33   3.82    ---      ---Passed
MKL_MT19937             1040       8   2.77   0.72   0.55   0.19   3.87   2.96   5.01   3.83    ---      ---Passed
MKL_MT19937             1040       8   2.77   0.72   0.55   0.19   3.88   2.94   5.05   3.83    ---      ---Passed
MKL_MT19937             1040       8   2.78   0.72   0.52   0.19   3.88   2.80   5.32   3.83    ---      ---Passed
MKL_MT2203              1040       8   3.08   1.29   0.65   0.35   2.38   1.86   4.72   3.69    ---      ---Passed
MKL_MT2203              1040       8   3.10   1.29   0.66   0.35   2.40   1.87   4.70   3.66    ---      ---Passed
MKL_MT2203              1040       8   3.07   1.29   0.68   0.35   2.39   1.94   4.50   3.67    ---      ---Passed
MKL_MT2203              1040       8   3.07   1.29   0.66   0.35   2.38   1.87   4.67   3.66    ---      ---Passed
MKL_MT2203              1040       8   3.07   1.29   0.69   0.35   2.39   1.96   4.48   3.66    ---      ---Passed
MKL_SFMT19937           1040       8   2.25   0.42   0.43   0.11   5.42   3.82   5.23   3.68    ---      ---Passed
MKL_SFMT19937           1040       8   2.26   0.42   0.40   0.11   5.44   3.61   5.61   3.73    ---      ---Passed
MKL_SFMT19937           1040       8   2.36   0.43   0.40   0.11   5.46   3.56   5.83   3.80    ---      ---Passed
MKL_SFMT19937           1040       8   2.26   0.42   0.40   0.11   5.44   3.61   5.63   3.74    ---      ---Passed
MKL_SFMT19937           1040       8   2.26   0.42   0.41   0.11   5.41   3.64   5.56   3.75    ---      ---Passed
MKL_PHILOX4X32X10_64    2064       8   2.55   1.80   0.61   0.46   1.42   1.31   4.21   3.89    ---      ---Passed
MKL_PHILOX4X32X10_64    2064       8   2.55   1.80   0.60   0.46   1.42   1.30   4.23   3.88    ---      ---Passed
MKL_PHILOX4X32X10_64    2064       8   2.56   1.80   0.61   0.46   1.42   1.31   4.23   3.90    ---      ---Passed
MKL_PHILOX4X32X10_64    2064       8   2.55   1.80   0.60   0.47   1.42   1.30   4.23   3.87    ---      ---Passed
MKL_PHILOX4X32X10_64    2064       8   2.55   1.80   0.60   0.46   1.42   1.30   4.25   3.88    ---      ---Passed
MKL_MCG59_64            2064       8   1.21   0.80   0.30   0.22   1.51   1.39   4.02   3.70    ---      ---Passed
MKL_MCG59_64            2064       8   1.22   0.80   0.29   0.22   1.51   1.34   4.21   3.73    ---      ---Passed
MKL_MCG59_64            2064       8   1.21   0.80   0.29   0.22   1.51   1.34   4.18   3.71    ---      ---Passed
MKL_MCG59_64            2064       8   1.21   0.80   0.29   0.22   1.51   1.36   4.12   3.70    ---      ---Passed
MKL_MCG59_64            2064       8   1.21   0.80   0.29   0.22   1.51   1.34   4.18   3.72    ---      ---Passed
MKL_MT19937_64          2064       8   1.49   0.69   0.33   0.18   2.18   1.85   4.58   3.89    ---      ---Passed
MKL_MT19937_64          2064       8   1.49   0.69   0.32   0.18   2.18   1.81   4.71   3.92    ---      ---Passed
MKL_MT19937_64          2064       8   1.49   0.69   0.32   0.18   2.17   1.80   4.74   3.92    ---      ---Passed
MKL_MT19937_64          2064       8   1.49   0.69   0.32   0.18   2.18   1.80   4.73   3.92    ---      ---Passed
MKL_MT19937_64          2064       8   1.49   0.68   0.32   0.18   2.18   1.80   4.71   3.90    ---      ---Passed
MKL_MT2203_64           2064       8   1.92   1.31   0.46   0.34   1.47   1.33   4.23   3.82    ---      ---Passed
MKL_MT2203_64           2064       8   1.84   1.26   0.44   0.34   1.46   1.28   4.19   3.68    ---      ---Passed
MKL_MT2203_64           2064       8   1.84   1.26   0.46   0.34   1.46   1.33   4.02   3.65    ---      ---Passed
MKL_MT2203_64           2064       8   1.84   1.26   0.45   0.34   1.47   1.32   4.07   3.65    ---      ---Passed
MKL_MT2203_64           2064       8   1.85   1.26   0.46   0.35   1.47   1.34   3.98   3.64    ---      ---Passed
MKL_SFMT19937_64        2064       8   1.01   0.39   0.21   0.10   2.60   2.07   4.80   3.82    ---      ---Passed
MKL_SFMT19937_64        2064       8   1.00   0.38   0.21   0.10   2.60   2.07   4.78   3.79    ---      ---Passed
MKL_SFMT19937_64        2064       8   1.05   0.40   0.21   0.10   2.62   2.08   4.99   3.95    ---      ---Passed
MKL_SFMT19937_64        2064       8   1.05   0.40   0.26   0.14   2.59   1.81   3.99   2.79    ---      ---Passed
MKL_SFMT19937_64        2064       8   1.05   0.41   0.32   0.16   2.59   2.03   3.25   2.54    ---      ---Passed
