mt19937                 5000       8   3.59   3.56   0.68   0.85   1.01   0.80   5.28   4.18    ---      ---Passed
mt19937                 5000       8   3.59   3.56   0.69   0.86   1.01   0.80   5.24   4.15    ---      ---Passed
mt19937                 5000       8   3.59   3.56   0.68   0.86   1.01   0.80   5.27   4.16    ---      ---Passed
mt19937                 5000       8   3.59   3.56   0.68   0.86   1.01   0.80   5.27   4.16    ---      ---Passed
mt19937                 5000       8   3.59   3.56   0.68   0.85   1.01   0.80   5.24   4.18    ---      ---Passed
mt19937_64              2504       8   1.83   1.90   0.34   0.47   0.96   0.71   5.43   4.02    ---      ---Passed
mt19937_64              2504       8   1.75   1.83   0.34   0.47   0.96   0.72   5.17   3.85    ---      ---Passed
mt19937_64              2504       8   1.75   1.83   0.34   0.47   0.96   0.72   5.19   3.87    ---      ---Passed
mt19937_64              2504       8   1.76   1.83   0.34   0.48   0.96   0.71   5.19   3.84    ---      ---Passed
mt19937_64              2504       8   1.75   1.83   0.34   0.47   0.96   0.72   5.17   3.87    ---      ---Passed
minstd_rand0               8       8   8.59   8.54   1.30   1.29   1.01   1.00   6.62   6.59    ---      ---Passed
minstd_rand0               8       8   8.59   8.52   1.30   1.30   1.01   1.00   6.62   6.57    ---      ---Passed
minstd_rand0               8       8   8.59   8.54   1.29   1.29   1.01   1.00   6.64   6.61    ---      ---Passed
minstd_rand0               8       8   8.59   8.54   1.30   1.29   1.01   1.00   6.62   6.61    ---      ---Passed
minstd_rand0               8       8   8.59   8.53   1.29   1.29   1.01   1.00   6.64   6.60    ---      ---Passed
minstd_rand                8       8   8.59   8.55   1.30   1.30   1.00   1.00   6.59   6.58    ---      ---Passed
minstd_rand                8       8   8.58   8.54   1.30   1.30   1.00   1.00   6.61   6.58    ---      ---Passed
minstd_rand                8       8   8.59   8.56   1.30   1.30   1.00   1.00   6.60   6.59    ---      ---Passed
minstd_rand                8       8   8.59   8.55   1.30   1.30   1.00   1.00   6.61   6.58    ---      ---Passed
minstd_rand                8       8   8.59   8.55   1.30   1.30   1.00   1.00   6.61   6.59    ---      ---Passed
ranlux24_base            208       8   5.37   5.35   1.50   1.49   1.00   1.01   3.58   3.59    ---      ---Passed
ranlux24_base            208       8   5.36   5.37   1.51   1.50   1.00   1.01   3.56   3.59    ---      ---Passed
ranlux24_base            208       8   5.37   5.37   1.50   1.49   1.00   1.01   3.57   3.61    ---      ---Passed
ranlux24_base            208       8   5.36   5.37   1.51   1.49   1.00   1.01   3.56   3.59    ---      ---Passed
ranlux24_base            208       8   5.36   5.38   1.51   1.49   1.00   1.01   3.56   3.61    ---      ---Passed
ranlux48_base            112       8   3.22   3.31   1.01   1.01   0.97   1.00   3.21   3.29    ---      ---Passed
ranlux48_base            112       8   3.22   3.31   1.00   1.00   0.97   1.00   3.21   3.31    ---      ---Passed
ranlux48_base            112       8   3.22   3.31   1.01   1.00   0.97   1.01   3.19   3.31    ---      ---Passed
ranlux48_base            112       8   3.22   3.31   1.01   1.00   0.97   1.00   3.20   3.30    ---      ---Passed
ranlux48_base            112       8   3.22   3.31   1.00   1.00   0.97   1.01   3.20   3.32    ---      ---Passed
ranlux24                 216       8  74.20  74.18  13.45  14.02   1.00   0.96   5.52   5.29    ---      ---Passed
ranlux24                 216       8  74.23  74.21  13.45  13.98   1.00   0.96   5.52   5.31    ---      ---Passed
ranlux24                 216       8  74.59  74.53  13.49  14.11   1.00   0.96   5.53   5.28    ---      ---Passed
ranlux24                 216       8  74.23  74.24  13.41  14.01   1.00   0.96   5.54   5.30    ---      ---Passed
ranlux24                 216       8  74.23  74.22  13.41  14.01   1.00   0.96   5.53   5.30    ---      ---Passed
ranlux48                 120       8 175.64 175.60  31.17  31.24   1.00   1.00   5.64   5.62    ---      ---Passed
ranlux48                 120       8 175.41 175.35  31.27  31.18   1.00   1.00   5.61   5.62    ---      ---Passed
ranlux48                 120       8 175.46 175.43  31.26  31.18   1.00   1.00   5.61   5.63    ---      ---Passed
ranlux48                 120       8 175.40 175.42  31.34  31.24   1.00   1.00   5.60   5.62    ---      ---Passed
ranlux48                 120       8 178.54 178.46  31.37  31.18   1.00   1.01   5.69   5.72    ---      ---Passed
knuth_b                 2064       8  55.88  55.87  10.74  10.75   1.00   1.00   5.20   5.20    ---      ---Passed
knuth_b                 2064       8  55.17  55.12  10.69  10.75   1.00   0.99   5.16   5.13    ---      ---Passed
knuth_b                 2064       8  55.19  55.10  10.70  10.74   1.00   1.00   5.16   5.13    ---      ---Passed
knuth_b                 2064       8  78.12  54.77  10.68  10.76   1.43   0.99   7.32   5.09    ---      ---Passed
knuth_b                 2064       8  54.97  55.23  10.67  10.74   1.00   0.99   5.15   5.14    ---      ---Passed
Philox2x32                24       8   7.57   1.68   1.39   0.49   4.51   2.87   5.44   3.46   5.99      ---Passed
Philox2x32                24       8   7.38   1.65   1.39   0.48   4.47   2.87   5.32   3.42   5.83      ---Passed
Philox2x32                24       8   7.57   1.68   1.39   0.49   4.49   2.86   5.45   3.47   5.83      ---Passed
Philox2x32                24       8   7.56   1.68   1.39   0.48   4.50   2.88   5.45   3.49   5.83      ---Passed
Philox2x32                24       8   7.39   1.68   1.39   0.48   4.40   2.88   5.30   3.46   5.74      ---Passed
Philox4x32                48       8   5.86   1.76   0.89   0.48   3.34   1.88   6.56   3.70   5.47      ---Passed
Philox4x32                48       8   5.86   1.76   0.89   0.47   3.34   1.88   6.56   3.70   5.50      ---Passed
Philox4x32                48       8   5.86   1.76   0.90   0.47   3.34   1.89   6.55   3.71   5.49      ---Passed
Philox4x32                48       8   5.86   1.75   0.90   0.48   3.34   1.88   6.53   3.67   5.47      ---Passed
Philox4x32                48       8   5.86   1.76   0.90   0.48   3.34   1.89   6.51   3.68   5.57      ---Passed
Philox2x64                48       8   6.03   4.85   1.06   0.86   1.25   1.24   5.67   5.66   4.93      ---Passed
Philox2x64                48       8   6.04   4.85   1.06   0.85   1.24   1.25   5.69   5.71   5.06      ---Passed
Philox2x64                48       8   6.04   4.85   1.06   0.85   1.25   1.24   5.70   5.69   5.14      ---Passed
Philox2x64                48       8   6.04   4.85   1.06   0.85   1.25   1.24   5.69   5.69   4.93      ---Passed
Philox2x64                48       8   6.03   4.85   1.06   0.85   1.24   1.24   5.68   5.68   4.93      ---Passed
Philox4x64                88       8   4.31   3.60   0.79   0.59   1.20   1.34   5.47   6.13   3.48      ---Passed
Philox4x64                88       8   4.31   3.60   0.79   0.59   1.20   1.34   5.49   6.14   3.42      ---Passed
Philox4x64                88       8   4.31   3.60   0.79   0.59   1.20   1.34   5.48   6.13   3.43      ---Passed
Philox4x64                88       8   4.31   3.60   0.79   0.59   1.20   1.34   5.48   6.12   3.35      ---Passed
Philox4x64                88       8   4.31   3.60   0.79   0.59   1.20   1.34   5.42   6.07   3.42      ---Passed
Philox2x32_64             24       8   5.90   1.69   1.24   0.40   3.49   3.06   4.77   4.19   6.32      ---Passed
Philox2x32_64             24       8   5.90   1.69   1.24   0.40   3.49   3.06   4.77   4.19   6.39      ---Passed
Philox2x32_64             24       8   5.90   1.69   1.24   0.40   3.48   3.07   4.76   4.19   6.40      ---Passed
Philox2x32_64             24       8   5.90   1.69   1.24   0.40   3.49   3.06   4.76   4.18   6.39      ---Passed
Philox2x32_64             24       8   5.90   1.69   1.24   0.41   3.49   3.05   4.76   4.16   6.39      ---Passed
Philox4x32_64             48       8   5.58   1.70   0.81   0.42   3.29   1.92   6.85   4.00   5.45      ---Passed
Philox4x32_64             48       8   5.58   1.70   0.82   0.43   3.29   1.92   6.84   3.99   5.46      ---Passed
Philox4x32_64             48       8   5.58   1.71   0.82   0.43   3.26   1.93   6.81   4.02   5.45      ---Passed
Philox4x32_64             48       8   5.58   1.70   0.82   0.43   3.28   1.92   6.82   3.99   5.44      ---Passed
Philox4x32_64             48       8   5.58   1.71   0.82   0.43   3.26   1.92   6.85   4.02   5.58      ---Passed
Philox2x64_64             48       8   5.05   4.86   0.94   0.95   1.04   0.99   5.35   5.11   5.08      ---Passed
Philox2x64_64             48       8   5.05   4.87   0.95   0.95   1.04   0.99   5.34   5.11   5.08      ---Passed
Philox2x64_64             48       8   5.05   4.87   0.95   0.95   1.04   0.99   5.32   5.11   5.08      ---Passed
Philox2x64_64             48       8   5.06   4.87   0.94   0.95   1.04   0.99   5.36   5.13   5.17      ---Passed
Philox2x64_64             48       8   5.05   4.87   0.95   0.95   1.04   0.99   5.35   5.12   5.08      ---Passed
Philox4x64_64             88       8   3.77   3.22   0.67   0.58   1.17   1.14   5.64   5.51   3.29      ---Passed
Philox4x64_64             88       8   3.77   3.22   0.67   0.59   1.17   1.14   5.61   5.48   3.49      ---Passed
Philox4x64_64             88       8   3.77   3.22   0.67   0.58   1.17   1.15   5.65   5.54   3.28      ---Passed
Philox4x64_64             88       8   3.77   3.22   0.67   0.61   1.17   1.11   5.62   5.31   3.49      ---Passed
Philox4x64_64             88       8   3.77   3.22   0.67   0.58   1.17   1.14   5.66   5.52   3.42      ---Passed
Threefry2x32              48       8   6.92   1.92   1.32   0.48   3.60   2.74   5.26   4.01   5.98      ---Passed
Threefry2x32              48       8   6.92   1.93   1.32   0.48   3.58   2.72   5.26   4.00   6.38      ---Passed
Threefry2x32              48       8   6.92   1.92   1.31   0.48   3.60   2.75   5.26   4.02   5.98      ---Passed
Threefry2x32              48       8   6.92   1.92   1.32   0.48   3.60   2.73   5.26   3.99   5.74      ---Passed
Threefry2x32              48       8   6.92   1.93   1.31   0.48   3.58   2.74   5.27   4.03   5.98      ---Passed
Threefry4x32              72       8   7.01   2.01   1.42   0.53   3.49   2.69   4.94   3.81   6.63      ---Passed
Threefry4x32              72       8   7.01   2.01   1.42   0.53   3.49   2.68   4.93   3.79   6.61      ---Passed
Threefry4x32              72       8   7.01   2.01   1.42   0.53   3.49   2.68   4.94   3.79   6.75      ---Passed
Threefry4x32              72       8   7.01   2.01   1.42   0.53   3.49   2.68   4.95   3.80   6.89      ---Passed
Threefry4x32              72       8   7.01   2.01   1.42   0.53   3.49   2.67   4.94   3.78   6.63      ---Passed
Threefry2x64              88       8   3.70   1.95   0.74   0.55   1.89   1.34   5.00   3.54   2.55      ---Passed
Threefry2x64              88       8   3.70   1.97   0.74   0.54   1.88   1.37   5.00   3.66   2.55      ---Passed
Threefry2x64              88       8   3.70   1.95   0.74   0.54   1.89   1.37   4.99   3.61   2.55      ---Passed
Threefry2x64              88       8   3.70   1.95   0.74   0.54   1.90   1.38   5.00   3.64   2.66      ---Passed
Threefry2x64              88       8   3.70   1.95   0.74   0.54   1.89   1.37   5.00   3.61   2.55      ---Passed
Threefry4x64             136       8   3.12   2.06   0.79   0.56   1.51   1.39   3.96   3.65   1.89      ---Passed
Threefry4x64             136       8   3.12   2.08   0.79   0.56   1.50   1.40   3.96   3.68   1.88      ---Passed
Threefry4x64             136       8   3.12   2.07   0.79   0.56   1.51   1.39   3.97   3.66   1.89      ---Passed
Threefry4x64             136       8   3.12   2.08   0.79   0.56   1.50   1.40   3.97   3.70   1.89      ---Passed
Threefry4x64             136       8   3.12   2.07   0.82   0.57   1.51   1.44   3.80   3.63   1.95      ---Passed
Threefry8x64             232       8   4.64   2.13   0.93   0.58   2.18   1.61   4.98   3.68   1.58      ---Passed
Threefry8x64             232       8   4.62   2.12   0.93   0.57   2.18   1.62   4.99   3.70   1.65      ---Passed
Threefry8x64             232       8   4.63   2.12   0.93   0.58   2.18   1.61   5.01   3.69   1.65      ---Passed
Threefry8x64             232       8   4.45   2.12   0.92   0.58   2.10   1.61   4.81   3.68   1.70      ---Passed
Threefry8x64             232       8   4.64   2.13   0.93   0.58   2.18   1.61   5.01   3.69   1.64      ---Passed
Threefry16x64            424       8   3.92   2.82   0.89   0.72   1.39   1.24   4.39   3.92   1.80      ---Passed
Threefry16x64            424       8   3.93   2.81   0.90   0.72   1.40   1.24   4.38   3.88   1.79      ---Passed
Threefry16x64            424       8   3.93   2.81   0.90   0.72   1.40   1.25   4.36   3.89   1.80      ---Passed
Threefry16x64            424       8   3.92   2.81   0.90   0.73   1.39   1.25   4.33   3.88   1.72      ---Passed
Threefry16x64            424       8   3.92   2.81   0.90   0.72   1.39   1.24   4.36   3.89   1.72      ---Passed
Threefish256             136       8   9.27   6.55   1.99   1.76   1.42   1.13   4.65   3.73   6.83      ---Passed
Threefish256             136       8   9.27   6.55   1.99   1.76   1.42   1.13   4.66   3.72   6.83      ---Passed
Threefish256             136       8   9.27   6.55   1.99   1.76   1.42   1.14   4.65   3.73   6.79      ---Passed
Threefish256             136       8   9.27   6.55   1.99   1.76   1.42   1.13   4.66   3.72   6.83      ---Passed
Threefish256             136       8   9.27   6.55   2.00   1.76   1.41   1.13   4.65   3.73   6.77      ---Passed
Threefish512             232       8  22.97   6.85   6.23   1.83   3.35   3.41   3.69   3.75   5.76      ---Passed
Threefish512             232       8  22.79   6.86   6.24   1.82   3.32   3.42   3.66   3.76   5.83      ---Passed
Threefish512             232       8  22.66   6.86   6.24   1.82   3.30   3.43   3.63   3.77   5.83      ---Passed
Threefish512             232       8  22.70   6.86   6.24   1.81   3.31   3.45   3.64   3.79   5.81      ---Passed
Threefish512             232       8  22.77   6.86   6.22   1.81   3.32   3.43   3.66   3.78   5.82      ---Passed
Threefish1024            424       8  19.60  18.34   5.72   5.51   1.07   1.04   3.43   3.33  19.75      ---Passed
Threefish1024            424       8  19.59  18.34   5.70   5.50   1.07   1.04   3.44   3.33  19.60      ---Passed
Threefish1024            424       8  19.59  18.34   5.71   5.52   1.07   1.03   3.43   3.32  19.47      ---Passed
Threefish1024            424       8  19.58  18.34   5.70   5.50   1.07   1.04   3.43   3.34  19.22      ---Passed
Threefish1024            424       8  19.59  18.33   5.72   5.50   1.07   1.04   3.43   3.33  19.32      ---Passed
Threefry2x32_64           48       8   6.61   1.93   1.24   0.48   3.43   2.60   5.34   4.06   6.02      ---Passed
Threefry2x32_64           48       8   6.61   1.93   1.23   0.48   3.43   2.59   5.37   4.04   6.20      ---Passed
Threefry2x32_64           48       8   6.61   1.91   1.24   0.48   3.45   2.60   5.35   4.03   6.20      ---Passed
Threefry2x32_64           48       8   6.61   1.92   1.23   0.47   3.44   2.60   5.36   4.05   6.48      ---Passed
Threefry2x32_64           48       8   6.61   1.95   1.24   0.48   3.39   2.60   5.35   4.10   6.02      ---Passed
Threefry4x32_64           72       8   6.51   1.99   1.44   0.52   3.27   2.75   4.53   3.80   6.65      ---Passed
Threefry4x32_64           72       8   6.50   1.99   1.44   0.52   3.27   2.74   4.53   3.80   6.65      ---Passed
Threefry4x32_64           72       8   6.49   1.99   1.44   0.52   3.26   2.74   4.52   3.81   6.81      ---Passed
Threefry4x32_64           72       8   6.50   1.99   1.44   0.52   3.27   2.75   4.53   3.81   6.79      ---Passed
Threefry4x32_64           72       8   6.50   1.99   1.44   0.52   3.26   2.76   4.51   3.82   6.65      ---Passed
Threefry2x64_64           88       8   3.52   2.02   0.71   0.53   1.74   1.34   4.97   3.83   2.56      ---Passed
Threefry2x64_64           88       8   3.38   1.94   0.71   0.53   1.74   1.34   4.74   3.65   2.67      ---Passed
Threefry2x64_64           88       8   3.37   1.95   0.71   0.53   1.73   1.35   4.73   3.69   2.67      ---Passed
Threefry2x64_64           88       8   3.38   1.95   0.71   0.53   1.74   1.34   4.77   3.67   2.66      ---Passed
Threefry2x64_64           88       8   3.37   1.94   0.71   0.53   1.74   1.34   4.73   3.67   2.67      ---Passed
Threefry4x64_64          136       8   2.83   2.08   0.71   0.56   1.36   1.27   3.97   3.70   1.91      ---Passed
Threefry4x64_64          136       8   2.83   2.08   0.71   0.56   1.36   1.27   3.98   3.71   1.85      ---Passed
Threefry4x64_64          136       8   2.83   2.08   0.71   0.56   1.37   1.28   3.98   3.72   1.92      ---Passed
Threefry4x64_64          136       8   2.83   2.08   0.72   0.56   1.36   1.27   3.96   3.70   1.82      ---Passed
Threefry4x64_64          136       8   2.83   2.08   0.71   0.56   1.36   1.28   3.97   3.71   1.87      ---Passed
Threefry8x64_64          232       8   3.08   2.10   0.82   0.57   1.47   1.43   3.78   3.68   1.65      ---Passed
Threefry8x64_64          232       8   3.09   2.11   0.82   0.58   1.47   1.42   3.79   3.66   1.69      ---Passed
Threefry8x64_64          232       8   3.09   2.11   0.82   0.57   1.47   1.42   3.78   3.67   1.65      ---Passed
Threefry8x64_64          232       8   3.11   2.11   0.82   0.58   1.47   1.43   3.78   3.66   1.65      ---Passed
Threefry8x64_64          232       8   3.08   2.10   0.82   0.57   1.47   1.43   3.75   3.65   1.65      ---Passed
Threefry16x64_64         424       8   3.57   3.17   0.94   0.86   1.12   1.10   3.79   3.70   1.78      ---Passed
Threefry16x64_64         424       8   3.56   3.18   0.94   0.86   1.12   1.10   3.78   3.71   1.78      ---Passed
Threefry16x64_64         424       8   3.56   3.18   0.94   0.86   1.12   1.10   3.79   3.72   1.78      ---Passed
Threefry16x64_64         424       8   3.57   3.18   0.95   0.86   1.12   1.10   3.77   3.71   1.77      ---Passed
Threefry16x64_64         424       8   3.56   3.20   0.94   0.86   1.11   1.10   3.79   3.72   1.78      ---Passed
Threefish256_64          136       8   8.55   6.55   1.90   1.75   1.31   1.09   4.49   3.75   6.70      ---Passed
Threefish256_64          136       8   8.55   6.55   1.92   1.75   1.31   1.09   4.46   3.74   6.74      ---Passed
Threefish256_64          136       8   8.55   6.55   1.92   1.75   1.31   1.09   4.46   3.74   6.66      ---Passed
Threefish256_64          136       8   8.55   6.55   1.91   1.75   1.31   1.09   4.48   3.75   6.44      ---Passed
Threefish256_64          136       8   8.55   6.55   1.91   1.75   1.31   1.09   4.48   3.75   6.39      ---Passed
Threefish512_64          232       8  21.68   6.80   6.10   1.81   3.19   3.37   3.55   3.76   5.85      ---Passed
Threefish512_64          232       8  21.69   6.80   6.10   1.81   3.19   3.38   3.56   3.77   5.85      ---Passed
Threefish512_64          232       8  21.68   6.79   6.10   1.81   3.19   3.37   3.55   3.75   5.62      ---Passed
Threefish512_64          232       8  21.67   6.80   6.10   1.81   3.19   3.37   3.55   3.76   5.61      ---Passed
Threefish512_64          232       8  21.67   6.79   6.10   1.81   3.19   3.38   3.55   3.76   5.62      ---Passed
Threefish1024_64         424       8  20.84  20.33   5.96   6.29   1.03   0.95   3.49   3.23  19.33      ---Passed
Threefish1024_64         424       8  20.84  20.34   5.96   6.28   1.02   0.95   3.50   3.24  19.44      ---Passed
Threefish1024_64         424       8  20.85  20.35   5.96   6.27   1.02   0.95   3.50   3.24  19.30      ---Passed
Threefish1024_64         424       8  20.85  20.33   5.96   6.29   1.03   0.95   3.50   3.23  19.35      ---Passed
Threefish1024_64         424       8  20.84  20.32   5.97   6.32   1.03   0.94   3.49   3.21  19.70      ---Passed
MKL_PHILOX4X32X10       1040       8   3.87   1.83   0.87   0.47   2.11   1.84   4.44   3.87    ---      ---Passed
MKL_PHILOX4X32X10       1040       8   3.87   1.83   0.87   0.48   2.11   1.82   4.44   3.82    ---      ---Passed
MKL_PHILOX4X32X10       1040       8   3.88   1.83   0.87   0.48   2.11   1.83   4.46   3.86    ---      ---Passed
MKL_PHILOX4X32X10       1040       8   3.87   1.84   0.87   0.48   2.11   1.82   4.44   3.85    ---      ---Passed
MKL_PHILOX4X32X10       1040       8   3.91   1.84   0.88   0.48   2.12   1.84   4.44   3.86    ---      ---Passed
MKL_MCG59               1040       8   2.22   0.82   0.48   0.23   2.70   2.13   4.62   3.66    ---      ---Passed
MKL_MCG59               1040       8   2.22   0.82   0.48   0.22   2.70   2.15   4.63   3.69    ---      ---Passed
MKL_MCG59               1040       8   2.23   0.84   0.48   0.22   2.66   2.16   4.62   3.75    ---      ---Passed
MKL_MCG59               1040       8   2.22   0.86   0.48   0.22   2.59   2.16   4.61   3.84    ---      ---Passed
MKL_MCG59               1040       8   2.22   0.86   0.48   0.23   2.60   2.14   4.59   3.78    ---      ---Passed
MKL_MT19937             1040       8   2.68   0.74   0.75   0.28   3.62   2.66   3.59   2.64    ---      ---Passed
MKL_MT19937             1040       8   2.68   0.74   0.83   0.28   3.61   2.97   3.23   2.65    ---      ---Passed
MKL_MT19937             1040       8   2.68   0.74   0.82   0.27   3.62   2.99   3.27   2.70    ---      ---Passed
MKL_MT19937             1040       8   2.58   0.71   0.50   0.19   3.61   2.72   5.11   3.85    ---      ---Passed
MKL_MT19937             1040       8   2.58   0.71   0.49   0.19   3.61   2.66   5.23   3.85    ---      ---Passed
MKL_MT2203              1040       8   2.97   1.29   0.64   0.35   2.30   1.81   4.67   3.68    ---      ---Passed
MKL_MT2203              1040       8   2.96   1.29   0.64   0.35   2.30   1.82   4.65   3.67    ---      ---Passed
MKL_MT2203              1040       8   2.95   1.29   0.64   0.35   2.29   1.82   4.62   3.67    ---      ---Passed
MKL_MT2203              1040       8   2.95   1.29   0.64   0.35   2.29   1.82   4.63   3.68    ---      ---Passed
MKL_MT2203              1040       8   2.96   1.29   0.64   0.35   2.30   1.81   4.63   3.66    ---      ---Passed
MKL_SFMT19937           1040       8   2.02   0.41   0.40   0.11   4.88   3.56   5.10   3.72    ---      ---Passed
MKL_SFMT19937           1040       8   2.02   0.41   0.40   0.11   4.89   3.62   5.03   3.73    ---      ---Passed
MKL_SFMT19937           1040       8   2.02   0.41   0.40   0.11   4.88   3.56   5.10   3.72    ---      ---Passed
MKL_SFMT19937           1040       8   2.02   0.41   0.41   0.11   4.88   3.55   4.96   3.60    ---      ---Passed
MKL_SFMT19937           1040       8   2.03   0.41   0.40   0.11   4.91   3.57   5.06   3.68    ---      ---Passed
MKL_PHILOX4X32X10_64    2064       8   2.57   1.80   0.63   0.46   1.43   1.35   4.11   3.88    ---      ---Passed
MKL_PHILOX4X32X10_64    2064       8   2.57   1.80   0.62   0.47   1.43   1.33   4.17   3.86    ---      ---Passed
MKL_PHILOX4X32X10_64    2064       8   2.57   1.80   0.62   0.46   1.43   1.34   4.16   3.89    ---      ---Passed
MKL_PHILOX4X32X10_64    2064       8   2.58   1.80   0.62   0.47   1.43   1.33   4.16   3.86    ---      ---Passed
MKL_PHILOX4X32X10_64    2064       8   2.58   1.80   0.62   0.47   1.43   1.33   4.14   3.86    ---      ---Passed
MKL_MCG59_64            2064       8   1.24   0.82   0.31   0.22   1.52   1.41   4.03   3.75    ---      ---Passed
MKL_MCG59_64            2064       8   1.24   0.82   0.30   0.22   1.52   1.41   4.06   3.77    ---      ---Passed
MKL_MCG59_64            2064       8   1.26   0.81   0.31   0.22   1.55   1.40   4.06   3.67    ---      ---Passed
MKL_MCG59_64            2064       8   1.24   0.81   0.30   0.22   1.52   1.41   4.07   3.77    ---      ---Passed
MKL_MCG59_64            2064       8   1.29   0.82   0.30   0.22   1.57   1.41   4.22   3.80    ---      ---Passed
MKL_MT19937_64          2064       8   1.51   0.68   0.33   0.18   2.21   1.88   4.56   3.88    ---      ---Passed
MKL_MT19937_64          2064       8   1.51   0.69   0.33   0.18   2.20   1.86   4.57   3.87    ---      ---Passed
MKL_MT19937_64          2064       8   1.51   0.68   0.33   0.18   2.21   1.88   4.56   3.89    ---      ---Passed
MKL_MT19937_64          2064       8   1.51   0.68   0.33   0.18   2.21   1.88   4.57   3.89    ---      ---Passed
MKL_MT19937_64          2064       8   1.51   0.68   0.33   0.18   2.21   1.87   4.59   3.89    ---      ---Passed
MKL_MT2203_64           2064       8   1.80   1.26   0.45   0.34   1.43   1.31   4.02   3.67    ---      ---Passed
MKL_MT2203_64           2064       8   1.80   1.26   0.45   0.35   1.43   1.30   4.01   3.65    ---      ---Passed
MKL_MT2203_64           2064       8   1.86   1.31   0.46   0.35   1.42   1.31   4.08   3.75    ---      ---Passed
MKL_MT2203_64           2064       8   1.81   1.28   0.45   0.35   1.41   1.31   4.00   3.71    ---      ---Passed
MKL_MT2203_64           2064       8   1.81   1.26   0.45   0.35   1.43   1.30   4.04   3.65    ---      ---Passed
MKL_SFMT19937_64        2064       8   1.03   0.38   0.23   0.10   2.68   2.24   4.57   3.82    ---      ---Passed
MKL_SFMT19937_64        2064       8   1.03   0.39   0.24   0.12   2.67   1.98   4.31   3.20    ---      ---Passed
MKL_SFMT19937_64        2064       8   1.04   0.39   0.23   0.10   2.69   2.24   4.62   3.84    ---      ---Passed
MKL_SFMT19937_64        2064       8   1.02   0.38   0.22   0.10   2.67   2.21   4.55   3.76    ---      ---Passed
MKL_SFMT19937_64        2064       8   1.03   0.39   0.22   0.10   2.69   2.24   4.60   3.83    ---      ---Passed
