mt19937                 5000       8   6.77   6.85   1.52   1.52   0.99   1.00   4.46   4.51    ---     ----Passed
mt19937                 5000       8   6.76   6.84   1.52   1.52   0.99   1.00   4.45   4.51    ---     ----Passed
mt19937                 5000       8   6.77   6.85   1.52   1.52   0.99   1.00   4.46   4.51    ---     ----Passed
mt19937                 5000       8   6.76   6.85   1.52   1.52   0.99   1.00   4.46   4.51    ---     ----Passed
mt19937                 5000       8   6.77   6.85   1.51   1.52   0.99   1.00   4.47   4.50    ---     ----Passed
mt19937_64              2504       8   3.70   3.67   0.83   0.84   1.01   0.99   4.47   4.37    ---     ----Passed
mt19937_64              2504       8   3.69   3.68   0.83   0.84   1.00   0.99   4.45   4.37    ---     ----Passed
mt19937_64              2504       8   3.69   3.67   0.83   0.84   1.01   0.99   4.46   4.37    ---     ----Passed
mt19937_64              2504       8   3.70   3.68   0.83   0.84   1.01   0.99   4.48   4.39    ---     ----Passed
mt19937_64              2504       8   3.71   3.67   0.83   0.83   1.01   0.99   4.47   4.39    ---     ----Passed
minstd_rand0               8       8   7.82   7.81   1.23   1.23   1.00   1.00   6.35   6.33    ---     ----Passed
minstd_rand0               8       8   7.82   7.82   1.23   1.23   1.00   1.00   6.34   6.34    ---     ----Passed
minstd_rand0               8       8   7.82   7.81   1.24   1.24   1.00   1.00   6.33   6.32    ---     ----Passed
minstd_rand0               8       8   7.82   7.82   1.23   1.23   1.00   1.00   6.35   6.34    ---     ----Passed
minstd_rand0               8       8   7.82   7.82   1.23   1.24   1.00   1.00   6.36   6.33    ---     ----Passed
minstd_rand                8       8   7.82   7.82   1.24   1.24   1.00   1.00   6.33   6.32    ---     ----Passed
minstd_rand                8       8   7.82   7.82   1.24   1.24   1.00   1.00   6.32   6.33    ---     ----Passed
minstd_rand                8       8   7.82   7.82   1.23   1.24   1.00   0.99   6.34   6.31    ---     ----Passed
minstd_rand                8       8   7.82   7.82   1.24   1.24   1.00   1.00   6.31   6.33    ---     ----Passed
minstd_rand                8       8   7.83   7.82   1.24   1.24   1.00   1.00   6.32   6.30    ---     ----Passed
ranlux24_base            208       8  10.96  11.35   2.03   2.05   0.97   0.99   5.39   5.53    ---     ----Passed
ranlux24_base            208       8  10.96  11.35   2.05   2.06   0.97   0.99   5.36   5.51    ---     ----Passed
ranlux24_base            208       8  10.96  11.35   2.04   2.05   0.97   0.99   5.37   5.52    ---     ----Passed
ranlux24_base            208       8  10.96  11.35   2.03   2.06   0.97   0.99   5.39   5.51    ---     ----Passed
ranlux24_base            208       8  10.96  11.35   2.04   2.06   0.97   0.99   5.36   5.52    ---     ----Passed
ranlux48_base            112       8   7.12   7.42   1.38   1.39   0.96   0.99   5.17   5.34    ---     ----Passed
ranlux48_base            112       8   7.12   7.43   1.38   1.39   0.96   0.99   5.18   5.36    ---     ----Passed
ranlux48_base            112       8   7.12   7.42   1.37   1.38   0.96   1.00   5.18   5.39    ---     ----Passed
ranlux48_base            112       8   7.12   7.43   1.38   1.38   0.96   1.00   5.18   5.38    ---     ----Passed
ranlux48_base            112       8   7.12   7.43   1.37   1.39   0.96   0.99   5.19   5.35    ---     ----Passed
ranlux24                 216       8 107.81 107.68  19.84  19.84   1.00   1.00   5.43   5.43    ---     ----Passed
ranlux24                 216       8 107.81 107.67  19.82  19.82   1.00   1.00   5.44   5.43    ---     ----Passed
ranlux24                 216       8 107.79 107.66  19.82  19.77   1.00   1.00   5.44   5.45    ---     ----Passed
ranlux24                 216       8 107.81 107.66  19.85  19.77   1.00   1.00   5.43   5.45    ---     ----Passed
ranlux24                 216       8 107.80 107.67  19.83  19.82   1.00   1.00   5.44   5.43    ---     ----Passed
ranlux48                 120       8 253.70 252.49  47.37  47.30   1.00   1.00   5.36   5.34    ---     ----Passed
ranlux48                 120       8 253.66 252.44  47.32  47.34   1.00   1.00   5.36   5.33    ---     ----Passed
ranlux48                 120       8 253.68 252.45  47.36  47.32   1.00   1.00   5.36   5.33    ---     ----Passed
ranlux48                 120       8 253.69 252.40  47.40  47.29   1.01   1.00   5.35   5.34    ---     ----Passed
ranlux48                 120       8 253.66 252.44  47.41  47.33   1.00   1.00   5.35   5.33    ---     ----Passed
knuth_b                 2064       8  43.53  42.97   9.80   9.70   1.01   1.01   4.44   4.43    ---     ----Passed
knuth_b                 2064       8  42.35  41.80   9.80   9.68   1.01   1.01   4.32   4.32    ---     ----Passed
knuth_b                 2064       8  41.62  42.17   9.80   9.74   0.99   1.01   4.25   4.33    ---     ----Passed
knuth_b                 2064       8  43.35  42.87   9.81   9.75   1.01   1.01   4.42   4.40    ---     ----Passed
knuth_b                 2064       8  43.74  44.03   9.79   9.75   0.99   1.00   4.47   4.52    ---     ----Passed
AES128                   216       8  17.27  14.51   4.20   3.60   1.19   1.17   4.12   4.03  14.88     ----Passed
AES128                   216       8  17.46  14.53   4.21   3.58   1.20   1.17   4.15   4.06  14.53     ----Passed
AES128                   216       8  17.34  14.51   4.19   3.58   1.20   1.17   4.14   4.05  14.91     ----Passed
AES128                   216       8  17.36  14.50   4.20   3.58   1.20   1.17   4.13   4.05  15.53     ----Passed
AES128                   216       8  17.39  14.56   4.20   3.58   1.19   1.17   4.14   4.07  15.06     ----Passed
AES192                   248       8  20.85  16.80   4.82   4.18   1.24   1.15   4.32   4.02  16.94     ----Passed
AES192                   248       8  19.72  16.83   4.83   4.20   1.17   1.15   4.09   4.01  17.29     ----Passed
AES192                   248       8  20.03  16.85   4.82   4.20   1.19   1.15   4.15   4.01  17.94     ----Passed
AES192                   248       8  19.66  16.80   4.84   4.19   1.17   1.15   4.06   4.01  16.89     ----Passed
AES192                   248       8  19.68  16.81   4.84   4.19   1.17   1.15   4.07   4.01  17.49     ----Passed
AES256                   280       8  22.37  19.15   5.48   4.79   1.17   1.14   4.08   3.99  19.78     ----Passed
AES256                   280       8  22.42  19.19   5.48   4.81   1.17   1.14   4.10   3.99  19.49     ----Passed
AES256                   280       8  22.25  19.14   5.49   4.80   1.16   1.14   4.05   3.98  19.76     ----Passed
AES256                   280       8  22.40  19.15   5.47   4.79   1.17   1.14   4.09   4.00  20.46     ----Passed
AES256                   280       8  22.23  19.12   5.48   4.81   1.16   1.14   4.06   3.98  20.07     ----Passed
ARS                       56       8  11.28   8.72   2.51   2.07   1.29   1.21   4.50   4.21   9.95     ----Passed
ARS                       56       8  11.29   8.72   2.51   2.07   1.29   1.21   4.49   4.21  10.03     ----Passed
ARS                       56       8  11.29   8.72   2.51   2.06   1.30   1.22   4.50   4.23  10.04     ----Passed
ARS                       56       8  11.31   8.71   2.51   2.07   1.30   1.22   4.50   4.21   9.79     ----Passed
ARS                       56       8  11.31   8.72   2.50   2.07   1.30   1.21   4.53   4.21   9.37     ----Passed
AES128_64                216       8  16.07  14.50   3.91   3.57   1.11   1.10   4.11   4.06  14.75     ----Passed
AES128_64                216       8  16.09  14.52   3.94   3.59   1.11   1.10   4.08   4.05  14.86     ----Passed
AES128_64                216       8  16.11  14.52   3.98   3.64   1.11   1.09   4.05   3.99  14.48     ----Passed
AES128_64                216       8  16.12  14.61   3.99   3.59   1.10   1.11   4.04   4.07  14.76     ----Passed
AES128_64                216       8  16.25  14.62   3.94   3.60   1.11   1.10   4.12   4.07  14.68     ----Passed
AES192_64                248       8  18.64  16.90   4.56   4.21   1.10   1.08   4.09   4.01  17.06     ----Passed
AES192_64                248       8  18.80  16.99   4.55   4.17   1.11   1.09   4.13   4.07  17.64     ----Passed
AES192_64                248       8  18.58  16.81   4.56   4.19   1.10   1.09   4.08   4.01  18.15     ----Passed
AES192_64                248       8  18.58  16.84   4.55   4.18   1.10   1.09   4.09   4.03  17.56     ----Passed
AES192_64                248       8  18.58  16.81   4.56   4.18   1.11   1.09   4.07   4.02  16.93     ----Passed
AES256_64                280       8  20.93  19.11   5.21   4.78   1.10   1.09   4.02   4.00  19.27     ----Passed
AES256_64                280       8  20.90  19.11   5.17   4.77   1.09   1.08   4.04   4.00  19.54     ----Passed
AES256_64                280       8  20.96  19.09   5.21   4.79   1.10   1.09   4.02   3.99  19.65     ----Passed
AES256_64                280       8  21.01  19.11   5.20   4.80   1.10   1.08   4.04   3.98  19.48     ----Passed
AES256_64                280       8  20.94  19.14   5.19   4.77   1.09   1.09   4.03   4.01  19.34     ----Passed
ARS_64                    56       8  11.08   8.73   2.45   2.06   1.27   1.19   4.53   4.24   9.35     ----Passed
ARS_64                    56       8  11.23   8.72   2.45   2.07   1.29   1.19   4.58   4.22   9.91     ----Passed
ARS_64                    56       8  11.07   8.73   2.46   2.06   1.27   1.19   4.50   4.23   9.64     ----Passed
ARS_64                    56       8  11.11   8.72   2.45   2.06   1.27   1.19   4.54   4.24  10.11     ----Passed
ARS_64                    56       8  11.16   8.85   2.44   2.06   1.26   1.19   4.57   4.30   9.74     ----Passed
Philox2x32                24       8   5.51   1.61   1.17   0.41   3.43   2.86   4.70   3.92   4.11     ----Passed
Philox2x32                24       8   5.52   1.61   1.17   0.41   3.42   2.86   4.71   3.93   4.34     ----Passed
Philox2x32                24       8   5.52   1.61   1.17   0.41   3.42   2.86   4.70   3.93   4.38     ----Passed
Philox2x32                24       8   5.51   1.61   1.17   0.41   3.43   2.85   4.70   3.92   4.32     ----Passed
Philox2x32                24       8   5.51   1.61   1.17   0.41   3.43   2.85   4.70   3.91   4.11     ----Passed
Philox4x32                48       8   5.69   1.66   0.91   0.42   3.42   2.18   6.26   3.99   2.53     ----Passed
Philox4x32                48       8   5.51   1.66   0.91   0.42   3.31   2.18   6.07   3.99   2.52     ----Passed
Philox4x32                48       8   5.51   1.66   0.91   0.42   3.31   2.17   6.06   3.96   2.54     ----Passed
Philox4x32                48       8   5.69   1.66   0.91   0.42   3.42   2.19   6.22   3.98   2.53     ----Passed
Philox4x32                48       8   5.46   1.67   0.91   0.42   3.27   2.18   6.01   4.01   2.54     ----Passed
Philox2x64                48       8   5.49   4.59   1.04   0.88   1.20   1.18   5.26   5.19   4.53     ----Passed
Philox2x64                48       8   5.49   4.59   1.05   0.88   1.20   1.18   5.25   5.20   4.52     ----Passed
Philox2x64                48       8   5.49   4.58   1.04   0.89   1.20   1.18   5.26   5.17   4.52     ----Passed
Philox2x64                48       8   5.49   4.55   1.04   0.88   1.21   1.18   5.26   5.14   4.52     ----Passed
Philox2x64                48       8   5.49   4.55   1.04   0.88   1.21   1.18   5.27   5.16   4.52     ----Passed
Philox4x64                88       8   4.47   3.72   0.80   0.67   1.20   1.21   5.57   5.59   3.20     ----Passed
Philox4x64                88       8   4.47   3.72   0.81   0.67   1.20   1.21   5.51   5.56   3.07     ----Passed
Philox4x64                88       8   4.49   3.72   0.80   0.67   1.21   1.21   5.60   5.59   3.18     ----Passed
Philox4x64                88       8   4.47   3.72   0.80   0.67   1.20   1.21   5.56   5.59   3.18     ----Passed
Philox4x64                88       8   4.48   3.72   0.81   0.67   1.20   1.21   5.55   5.58   3.26     ----Passed
Philox2x32_64             24       8   4.77   1.60   1.02   0.41   2.97   2.51   4.65   3.93   4.04     ----Passed
Philox2x32_64             24       8   4.77   1.61   1.02   0.41   2.96   2.51   4.65   3.94   4.20     ----Passed
Philox2x32_64             24       8   4.76   1.62   1.02   0.41   2.95   2.50   4.66   3.96   4.11     ----Passed
Philox2x32_64             24       8   4.76   1.60   1.02   0.41   2.97   2.51   4.66   3.94   4.05     ----Passed
Philox2x32_64             24       8   4.77   1.61   1.02   0.41   2.97   2.52   4.65   3.94   4.04     ----Passed
Philox4x32_64             48       8   4.64   1.66   0.80   0.42   2.79   1.92   5.78   3.97   2.54     ----Passed
Philox4x32_64             48       8   4.64   1.66   0.80   0.42   2.79   1.92   5.77   3.96   2.53     ----Passed
Philox4x32_64             48       8   4.64   1.68   0.81   0.42   2.77   1.93   5.74   4.01   2.64     ----Passed
Philox4x32_64             48       8   4.64   1.67   0.80   0.42   2.79   1.92   5.77   3.98   2.54     ----Passed
Philox4x32_64             48       8   4.64   1.74   0.81   0.42   2.67   1.93   5.72   4.14   2.53     ----Passed
Philox2x64_64             48       8   5.12   4.58   0.96   0.88   1.12   1.09   5.34   5.22   4.53     ----Passed
Philox2x64_64             48       8   5.13   4.60   0.96   0.88   1.12   1.09   5.36   5.22   4.53     ----Passed
Philox2x64_64             48       8   5.13   4.59   0.96   0.88   1.12   1.09   5.36   5.24   4.52     ----Passed
Philox2x64_64             48       8   5.13   4.60   0.95   0.88   1.11   1.09   5.38   5.25   4.64     ----Passed
Philox2x64_64             48       8   5.12   4.56   0.96   0.88   1.12   1.09   5.36   5.19   4.52     ----Passed
Philox4x64_64             88       8   4.06   3.72   0.74   0.67   1.09   1.11   5.50   5.58   3.20     ----Passed
Philox4x64_64             88       8   4.07   3.72   0.74   0.67   1.09   1.11   5.49   5.57   3.18     ----Passed
Philox4x64_64             88       8   4.06   3.72   0.74   0.67   1.09   1.11   5.49   5.59   3.19     ----Passed
Philox4x64_64             88       8   4.06   3.72   0.74   0.67   1.09   1.11   5.48   5.56   3.26     ----Passed
Philox4x64_64             88       8   4.06   3.72   0.74   0.67   1.09   1.11   5.49   5.57   3.18     ----Passed
Threefry2x32              48       8   8.69   2.04   1.99   0.51   4.25   3.92   4.37   4.03   7.52     ----Passed
Threefry2x32              48       8   8.68   2.05   1.99   0.51   4.23   3.93   4.36   4.05   7.52     ----Passed
Threefry2x32              48       8   8.66   2.01   1.99   0.51   4.31   3.93   4.35   3.97   7.52     ----Passed
Threefry2x32              48       8   8.69   2.02   1.99   0.51   4.31   3.93   4.36   3.98   7.52     ----Passed
Threefry2x32              48       8   8.69   2.03   1.99   0.51   4.27   3.93   4.36   4.01   7.55     ----Passed
Threefry4x32              72       8   9.33   1.98   1.88   0.52   4.71   3.59   4.97   3.79   6.30     ----Passed
Threefry4x32              72       8   9.34   1.99   1.88   0.52   4.70   3.61   4.95   3.80   6.32     ----Passed
Threefry4x32              72       8   9.33   1.99   1.89   0.52   4.70   3.60   4.94   3.79   6.16     ----Passed
Threefry4x32              72       8   9.32   1.99   1.88   0.52   4.69   3.60   4.96   3.80   6.29     ----Passed
Threefry4x32              72       8   9.34   1.99   1.88   0.52   4.70   3.60   4.96   3.79   6.34     ----Passed
Threefry2x64              88       8   7.52   2.12   1.26   0.58   3.55   2.17   5.97   3.66   3.62     ----Passed
Threefry2x64              88       8   7.51   2.11   1.26   0.58   3.56   2.17   5.96   3.63   3.62     ----Passed
Threefry2x64              88       8   7.52   2.11   1.25   0.58   3.56   2.16   6.00   3.63   3.63     ----Passed
Threefry2x64              88       8   7.52   2.11   1.26   0.58   3.56   2.16   5.99   3.63   3.63     ----Passed
Threefry2x64              88       8   7.52   2.11   1.26   0.58   3.56   2.17   5.99   3.65   3.63     ----Passed
Threefry4x64             136       8   4.95   2.12   1.00   0.60   2.34   1.67   4.96   3.55   3.34     ----Passed
Threefry4x64             136       8   4.95   2.12   1.00   0.60   2.33   1.68   4.95   3.56   3.46     ----Passed
Threefry4x64             136       8   4.94   2.13   1.00   0.60   2.32   1.68   4.95   3.58   3.35     ----Passed
Threefry4x64             136       8   4.95   2.13   1.00   0.60   2.32   1.68   4.96   3.58   3.35     ----Passed
Threefry4x64             136       8   4.95   2.12   1.00   0.60   2.33   1.68   4.95   3.56   3.39     ----Passed
Threefry8x64             232       8   4.93   2.13   1.28   0.60   2.32   2.13   3.86   3.55   3.16     ----Passed
Threefry8x64             232       8   4.93   2.12   1.28   0.60   2.33   2.12   3.86   3.52   3.17     ----Passed
Threefry8x64             232       8   4.93   2.13   1.28   0.60   2.32   2.13   3.86   3.54   3.17     ----Passed
Threefry8x64             232       8   4.93   2.12   1.28   0.60   2.32   2.12   3.86   3.53   3.22     ----Passed
Threefry8x64             232       8   4.93   2.12   1.28   0.60   2.32   2.13   3.85   3.53   3.21     ----Passed
Threefry16x64            424       8   4.67   2.26   1.20   0.59   2.07   2.03   3.88   3.80   3.92     ----Passed
Threefry16x64            424       8   4.67   2.25   1.20   0.59   2.08   2.03   3.88   3.78   4.02     ----Passed
Threefry16x64            424       8   4.67   2.24   1.20   0.60   2.08   2.01   3.90   3.77   4.02     ----Passed
Threefry16x64            424       8   4.67   2.22   1.20   0.59   2.10   2.03   3.89   3.75   4.02     ----Passed
Threefry16x64            424       8   4.67   2.22   1.21   0.59   2.10   2.03   3.86   3.74   4.05     ----Passed
Threefish256             136       8  12.78   7.06   2.85   1.93   1.81   1.47   4.49   3.65  10.62     ----Passed
Threefish256             136       8  12.80   7.05   2.84   1.94   1.82   1.47   4.50   3.64  11.00     ----Passed
Threefish256             136       8  12.82   7.06   2.85   1.94   1.82   1.47   4.49   3.64  11.07     ----Passed
Threefish256             136       8  12.81   7.05   2.85   1.94   1.82   1.47   4.49   3.63  10.65     ----Passed
Threefish256             136       8  12.79   7.05   2.85   1.94   1.81   1.47   4.48   3.64  11.07     ----Passed
Threefish512             232       8  11.68   7.35   3.09   2.03   1.59   1.52   3.78   3.62  10.01     ----Passed
Threefish512             232       8  11.66   7.35   3.09   2.03   1.59   1.52   3.78   3.63  10.25     ----Passed
Threefish512             232       8  11.68   7.36   3.09   2.03   1.59   1.52   3.78   3.63  10.04     ----Passed
Threefish512             232       8  11.68   7.35   3.08   2.03   1.59   1.52   3.79   3.62  10.42     ----Passed
Threefish512             232       8  11.68   7.36   3.08   2.03   1.59   1.52   3.79   3.63   9.89     ----Passed
Threefish1024            424       8  15.07  10.86   4.08   2.59   1.39   1.58   3.69   4.20  14.40     ----Passed
Threefish1024            424       8  14.98  10.79   4.08   2.56   1.39   1.60   3.67   4.22  14.50     ----Passed
Threefish1024            424       8  15.07  11.38   4.08   2.60   1.32   1.57   3.69   4.38  14.83     ----Passed
Threefish1024            424       8  15.06  10.80   4.09   2.59   1.39   1.58   3.69   4.17  14.35     ----Passed
Threefish1024            424       8  15.07  11.00   4.08   2.57   1.37   1.59   3.69   4.28  14.41     ----Passed
Threefry2x32_64           48       8   6.91   2.03   1.72   0.50   3.39   3.42   4.02   4.05   7.52     ----Passed
Threefry2x32_64           48       8   6.91   2.03   1.72   0.50   3.41   3.40   4.03   4.02   7.57     ----Passed
Threefry2x32_64           48       8   6.90   2.03   1.72   0.50   3.41   3.41   4.02   4.03   7.52     ----Passed
Threefry2x32_64           48       8   6.91   2.03   1.72   0.51   3.40   3.39   4.02   4.01   7.52     ----Passed
Threefry2x32_64           48       8   6.91   2.04   1.71   0.51   3.39   3.39   4.03   4.02   7.52     ----Passed
Threefry4x32_64           72       8   9.29   1.99   1.81   0.52   4.67   3.48   5.13   3.83   6.32     ----Passed
Threefry4x32_64           72       8   9.53   1.99   1.80   0.52   4.79   3.46   5.29   3.81   6.31     ----Passed
Threefry4x32_64           72       8   9.30   1.99   1.81   0.52   4.68   3.49   5.13   3.83   6.29     ----Passed
Threefry4x32_64           72       8   9.30   2.00   1.80   0.52   4.66   3.45   5.17   3.83   6.30     ----Passed
Threefry4x32_64           72       8   9.30   1.99   1.80   0.52   4.68   3.46   5.15   3.81   6.60     ----Passed
Threefry2x64_64           88       8   6.46   2.12   1.07   0.58   3.05   1.85   6.03   3.66   3.63     ----Passed
Threefry2x64_64           88       8   6.46   2.12   1.07   0.58   3.05   1.85   6.04   3.66   3.63     ----Passed
Threefry2x64_64           88       8   6.47   2.11   1.07   0.58   3.06   1.85   6.04   3.65   3.63     ----Passed
Threefry2x64_64           88       8   6.46   2.11   1.07   0.58   3.06   1.85   6.03   3.64   3.63     ----Passed
Threefry2x64_64           88       8   6.47   2.11   1.07   0.58   3.06   1.85   6.03   3.65   3.62     ----Passed
Threefry4x64_64          136       8   4.83   2.12   0.94   0.59   2.27   1.58   5.14   3.59   3.40     ----Passed
Threefry4x64_64          136       8   4.71   2.13   0.94   0.59   2.22   1.59   5.02   3.59   3.39     ----Passed
Threefry4x64_64          136       8   4.71   2.12   0.94   0.59   2.22   1.59   5.02   3.59   3.35     ----Passed
Threefry4x64_64          136       8   4.72   2.12   0.94   0.59   2.22   1.58   5.03   3.58   3.37     ----Passed
Threefry4x64_64          136       8   4.69   2.12   0.94   0.59   2.21   1.58   5.00   3.59   3.44     ----Passed
Threefry8x64_64          232       8   4.18   2.12   1.05   0.60   1.97   1.75   3.99   3.55   3.17     ----Passed
Threefry8x64_64          232       8   4.18   2.12   1.04   0.60   1.97   1.74   4.01   3.54   3.20     ----Passed
Threefry8x64_64          232       8   4.19   2.12   1.05   0.60   1.98   1.74   4.00   3.53   3.21     ----Passed
Threefry8x64_64          232       8   4.19   2.13   1.04   0.60   1.97   1.74   4.03   3.55   3.18     ----Passed
Threefry8x64_64          232       8   4.19   2.12   1.04   0.60   1.97   1.74   4.02   3.54   3.20     ----Passed
Threefry16x64_64         424       8   4.34   2.25   1.14   0.59   1.92   1.94   3.82   3.84   4.03     ----Passed
Threefry16x64_64         424       8   4.35   2.24   1.14   0.59   1.94   1.93   3.83   3.80   4.03     ----Passed
Threefry16x64_64         424       8   4.36   2.25   1.14   0.59   1.94   1.92   3.82   3.80   4.02     ----Passed
Threefry16x64_64         424       8   4.34   2.24   1.14   0.59   1.94   1.92   3.82   3.78   4.01     ----Passed
Threefry16x64_64         424       8   4.34   2.22   1.14   0.59   1.96   1.95   3.80   3.78   4.00     ----Passed
Threefish256_64          136       8  12.01   7.05   2.61   1.93   1.70   1.35   4.60   3.65  10.65     ----Passed
Threefish256_64          136       8  12.01   7.05   2.62   1.94   1.70   1.35   4.59   3.64  11.09     ----Passed
Threefish256_64          136       8  12.02   7.05   2.62   1.94   1.70   1.35   4.59   3.63  11.11     ----Passed
Threefish256_64          136       8  12.02   7.05   2.62   1.93   1.71   1.35   4.59   3.64  10.63     ----Passed
Threefish256_64          136       8  12.03   7.05   2.62   1.94   1.70   1.35   4.60   3.64  11.02     ----Passed
Threefish512_64          232       8  10.95   7.34   2.84   2.02   1.49   1.40   3.85   3.63   9.90     ----Passed
Threefish512_64          232       8  10.93   7.35   2.84   2.03   1.49   1.40   3.85   3.63   9.99     ----Passed
Threefish512_64          232       8  10.94   7.35   2.84   2.03   1.49   1.40   3.85   3.62   9.96     ----Passed
Threefish512_64          232       8  10.95   7.34   2.83   2.03   1.49   1.40   3.87   3.62  10.26     ----Passed
Threefish512_64          232       8  10.95   7.35   2.84   2.02   1.49   1.40   3.85   3.63  10.02     ----Passed
Threefish1024_64         424       8  14.80  10.54   4.02   2.59   1.40   1.55   3.68   4.07  14.33     ----Passed
Threefish1024_64         424       8  14.81  10.56   4.01   2.62   1.40   1.53   3.70   4.03  14.47     ----Passed
Threefish1024_64         424       8  14.78  10.73   4.01   2.63   1.38   1.52   3.69   4.08  14.85     ----Passed
Threefish1024_64         424       8  14.74  10.54   4.03   2.62   1.40   1.54   3.66   4.02  14.30     ----Passed
Threefish1024_64         424       8  14.76  10.75   4.03   2.66   1.37   1.51   3.67   4.04  14.28     ----Passed
MKL_PHILOX4X32X10       1040       8   3.16   1.80   0.78   0.46   1.76   1.69   4.04   3.89    ---     ----Passed
MKL_PHILOX4X32X10       1040       8   3.22   1.80   0.78   0.46   1.79   1.69   4.11   3.89    ---     ----Passed
MKL_PHILOX4X32X10       1040       8   3.18   1.80   0.79   0.46   1.77   1.69   4.05   3.88    ---     ----Passed
MKL_PHILOX4X32X10       1040       8   3.18   1.80   0.78   0.46   1.77   1.69   4.06   3.88    ---     ----Passed
MKL_PHILOX4X32X10       1040       8   3.17   1.80   0.78   0.46   1.76   1.69   4.04   3.89    ---     ----Passed
MKL_MCG59               1040       8   1.86   0.81   0.44   0.22   2.29   2.02   4.24   3.74    ---     ----Passed
MKL_MCG59               1040       8   1.84   0.83   0.43   0.22   2.22   1.98   4.26   3.80    ---     ----Passed
MKL_MCG59               1040       8   1.87   0.83   0.44   0.22   2.24   2.02   4.26   3.84    ---     ----Passed
MKL_MCG59               1040       8   1.86   0.83   0.44   0.22   2.24   2.00   4.25   3.80    ---     ----Passed
MKL_MCG59               1040       8   1.94   0.86   0.43   0.22   2.25   1.99   4.47   3.96    ---     ----Passed
MKL_MT19937             1040       8   1.84   0.68   0.44   0.18   2.69   2.49   4.21   3.89    ---     ----Passed
MKL_MT19937             1040       8   1.83   0.68   0.43   0.17   2.69   2.49   4.22   3.90    ---     ----Passed
MKL_MT19937             1040       8   1.83   0.68   0.44   0.17   2.69   2.54   4.12   3.90    ---     ----Passed
MKL_MT19937             1040       8   1.83   0.68   0.44   0.17   2.69   2.54   4.12   3.89    ---     ----Passed
MKL_MT19937             1040       8   1.83   0.68   0.44   0.17   2.69   2.49   4.21   3.90    ---     ----Passed
MKL_MT2203              1040       8   2.47   1.26   0.54   0.35   1.96   1.57   4.57   3.64    ---     ----Passed
MKL_MT2203              1040       8   2.46   1.26   0.60   0.34   1.96   1.73   4.14   3.65    ---     ----Passed
MKL_MT2203              1040       8   2.48   1.26   0.58   0.35   1.97   1.67   4.30   3.64    ---     ----Passed
MKL_MT2203              1040       8   2.47   1.25   0.58   0.34   1.97   1.69   4.23   3.65    ---     ----Passed
MKL_MT2203              1040       8   2.46   1.26   0.59   0.34   1.96   1.71   4.18   3.66    ---     ----Passed
MKL_SFMT19937           1040       8   1.31   0.38   0.32   0.10   3.42   3.20   4.05   3.79    ---     ----Passed
MKL_SFMT19937           1040       8   1.31   0.38   0.32   0.10   3.42   3.19   4.04   3.77    ---     ----Passed
MKL_SFMT19937           1040       8   1.31   0.38   0.32   0.10   3.43   3.17   4.07   3.76    ---     ----Passed
MKL_SFMT19937           1040       8   1.31   0.38   0.32   0.10   3.42   3.19   4.03   3.76    ---     ----Passed
MKL_SFMT19937           1040       8   1.31   0.38   0.32   0.10   3.43   3.20   4.05   3.77    ---     ----Passed
MKL_PHILOX4X32X10_64    2064       8   2.59   1.80   0.62   0.47   1.44   1.34   4.15   3.85    ---     ----Passed
MKL_PHILOX4X32X10_64    2064       8   2.59   1.80   0.63   0.46   1.44   1.35   4.14   3.88    ---     ----Passed
MKL_PHILOX4X32X10_64    2064       8   2.59   1.80   0.62   0.47   1.44   1.33   4.17   3.87    ---     ----Passed
MKL_PHILOX4X32X10_64    2064       8   2.59   1.80   0.62   0.47   1.44   1.34   4.17   3.87    ---     ----Passed
MKL_PHILOX4X32X10_64    2064       8   2.59   1.80   0.62   0.47   1.44   1.34   4.16   3.86    ---     ----Passed
MKL_MCG59_64            2064       8   1.25   0.81   0.30   0.22   1.54   1.40   4.13   3.76    ---     ----Passed
MKL_MCG59_64            2064       8   1.25   0.81   0.31   0.22   1.54   1.42   4.10   3.77    ---     ----Passed
MKL_MCG59_64            2064       8   1.25   0.80   0.31   0.22   1.56   1.42   4.10   3.72    ---     ----Passed
MKL_MCG59_64            2064       8   1.25   0.81   0.30   0.22   1.53   1.41   4.11   3.78    ---     ----Passed
MKL_MCG59_64            2064       8   1.25   0.81   0.30   0.22   1.54   1.41   4.11   3.76    ---     ----Passed
MKL_MT19937_64          2064       8   1.53   0.68   0.34   0.18   2.23   1.91   4.56   3.91    ---     ----Passed
MKL_MT19937_64          2064       8   1.53   0.69   0.33   0.18   2.24   1.91   4.58   3.92    ---     ----Passed
MKL_MT19937_64          2064       8   1.53   0.69   0.33   0.17   2.24   1.91   4.59   3.93    ---     ----Passed
MKL_MT19937_64          2064       8   1.53   0.69   0.34   0.17   2.23   1.92   4.54   3.92    ---     ----Passed
MKL_MT19937_64          2064       8   1.60   0.72   0.33   0.17   2.24   1.89   4.84   4.09    ---     ----Passed
MKL_MT2203_64           2064       8   1.82   1.26   0.45   0.34   1.45   1.31   4.06   3.67    ---     ----Passed
MKL_MT2203_64           2064       8   2.02   1.26   0.45   0.34   1.60   1.33   4.44   3.67    ---     ----Passed
MKL_MT2203_64           2064       8   1.82   1.26   0.45   0.34   1.44   1.32   4.02   3.69    ---     ----Passed
MKL_MT2203_64           2064       8   1.86   1.26   0.45   0.34   1.47   1.32   4.12   3.69    ---     ----Passed
MKL_MT2203_64           2064       8   2.02   1.26   0.46   0.34   1.60   1.33   4.41   3.66    ---     ----Passed
MKL_SFMT19937_64        2064       8   1.05   0.38   0.23   0.10   2.73   2.28   4.58   3.83    ---     ----Passed
MKL_SFMT19937_64        2064       8   1.05   0.39   0.23   0.10   2.73   2.31   4.55   3.86    ---     ----Passed
MKL_SFMT19937_64        2064       8   1.05   0.38   0.23   0.10   2.74   2.29   4.62   3.86    ---     ----Passed
MKL_SFMT19937_64        2064       8   1.05   0.38   0.23   0.10   2.73   2.30   4.57   3.85    ---     ----Passed
MKL_SFMT19937_64        2064       8   1.05   0.38   0.23   0.10   2.74   2.28   4.60   3.83    ---     ----Passed
