vd_expm1       [-708.4, -707)                    127.74    122.50      5.35         0         0         0
vd_expm1       [-707, -500)                      127.74     28.66      5.36         0         0         0
vd_expm1       [-500, -1)                        132.10      6.72      5.35         1         1         1
vd_expm1       [-1, -ln(2))                      170.00      6.71      5.35         1         1         1
vd_expm1       [-ln(2), -ln(2) / 2)              167.98      6.71      3.80         1         1         2
vd_expm1       [-ln(2) / 2, -DBL_MIN)            158.42      6.73      5.35         1         1         1
vd_expm1       [-DBL_MIN, DBL_MIN)               334.36    111.98    277.34         0         0         0
vd_expm1       [DBL_MIN, ln(2) / 2)              158.40      6.70      5.35         1         1         1
vd_expm1       [ln(2) / 2, ln(2))                167.98      6.65      3.77         1         1         2
vd_expm1       [ln(2), 1)                        167.94      6.72      5.35         1         1         1
vd_expm1       [1, 500)                          168.25      6.71      5.33         1         1         1
vd_expm1       [500, 707)                        168.27      6.71      5.35         1         1         1
vd_expm1       [707, 709.44)                     168.27     36.53      5.35         1         1         1
