vd_expm1       [-708.4, -707)                      9.19    122.64      5.35         0         0         0
vd_expm1       [-707, -500)                       22.87     28.73      5.35         0         0         0
vd_expm1       [-500, -1)                         20.99      6.81      5.35         1         1         1
vd_expm1       [-1, -ln(2))                       20.99      6.89      5.35         1         1         1
vd_expm1       [-ln(2), -ln(2) / 2)               20.98      6.69      3.80         1         1         2
vd_expm1       [-ln(2) / 2, -DBL_MIN)             21.07      6.89      5.35         1         1         1
vd_expm1       [-DBL_MIN, DBL_MIN)                 9.18    111.26    277.27         0         0         0
vd_expm1       [DBL_MIN, ln(2) / 2)               21.15      7.17      5.45         1         1         1
vd_expm1       [ln(2) / 2, ln(2))                 21.06      7.24      3.96         1         1         2
vd_expm1       [ln(2), 1)                         21.06      7.18      5.45         1         1         1
vd_expm1       [1, 500)                           21.07      7.26      5.45         1         1         1
vd_expm1       [500, 707)                         77.01      7.26      5.44         1         1         1
vd_expm1       [707, 709.44)                     174.30     36.54      5.44         1         1         1
