vd_expm1       [-708.4, -707)                      9.20    122.53      5.33         0         0         0
vd_expm1       [-707, -500)                       22.93     28.71      5.34         0         0         0
vd_expm1       [-500, -1)                         20.97      6.78      5.34         1         1         1
vd_expm1       [-1, -ln(2))                       20.96      6.87      5.34         1         1         1
vd_expm1       [-ln(2), -ln(2) / 2)               20.96      6.68      3.77         1         1         2
vd_expm1       [-ln(2) / 2, -DBL_MIN)             21.07      6.88      5.34         1         1         1
vd_expm1       [-DBL_MIN, DBL_MIN)                 9.18    111.24    277.28         0         0         0
vd_expm1       [DBL_MIN, ln(2) / 2)               21.08      6.68      5.33         1         1         1
vd_expm1       [ln(2) / 2, ln(2))                 20.96      6.84      3.76         1         1         2
vd_expm1       [ln(2), 1)                         20.96      6.69      5.33         1         1         1
vd_expm1       [1, 500)                           20.97      6.78      5.33         1         1         1
vd_expm1       [500, 707)                         76.26      6.78      5.34         1         1         1
vd_expm1       [707, 709.44)                     174.18     36.53      5.33         1         1         1
