-1.01241700643551
-0.108044790304821
-0.010001404601241
0.867822218392035
0.30323852866456
-0.440681046230399
0.606530501695416
-0.553078901893966
0.20933207524889
-1.13434926874428
1.12591183991711
-1.81771089788668
-0.566730380784878
-0.522650495295635
-1.19019000832138
-0.266580316587982
-1.15756196592288
-2.41108600818443
-0.492566935203867
0.394491256713748
-0.598557867207478
-1.81476385917737
0.431013520015597
-1.76032520765254
0.148945402063076
-0.447378432978054
0.149119661372689
0.180539795463838
0.584065087451193
-0.0421543675292592
0.698907169425871
-2.43427099817098
0.883978515538397
-1.06268496012726
-0.155206295731688
0.609893404427829
-2.02596602326914
0.130031720392291
0.164597404121248
0.44502494193
-2.68466399761174
-0.793327408009016
-1.4501504718862
0.0837192523601921
0.252538817536949
-1.04408409109226
-0.62104259390302
-1.8350583231789
-1.49578241895398
-0.605158463905973
0.261656829524091
-1.74660913197869
0.435713729564817
-1.39503515436507
-0.157853302654767
0.822916824580742
0.867574263569622
-0.76114970541562
-0.590240848274762
-1.76112133561997
-0.978261609393034
-0.211673430769928
0.103728713559798
0.0673535805822962
-1.02548930297199
-0.174610904660287
-0.384663092506691
-0.402127709478583
1.20944559713258
1.32134974646565
0.846661511963659
-0.404955049975254
-2.17579215872818
-1.38106018517334
-0.0184186264722097
-1.62563697942677
-0.185353339311645
-0.377884521257835
1.55749503499626
0.804475702275203
-0.846076876579603
-0.879133456996834
-2.08425980280534
0.152689723980902
-0.320558085565547
1.04485142861674
0.410329771805863
1.25282004129144
1.02189293365994
-0.360882192234344
-0.693167125689572
-1.05840484758446
-0.0392429191754966
-1.12995731691308
-0.778479783092989
1.06208597954734
0.179847026199666
-1.15423261121084
-0.0534283775388621
-0.928279550694982
