-0.714146
0.503449
-0.0593145
1.39478
0.182911
-0.645999
0.0200417
1.86403
0.0777472
-0.0412817
0.19548
0.598633
0.144145
0.370454
-0.0652749
0.645905
0.312766
1.83022
0.567606
0.464835
-0.00400064
-0.857915
0.14547
-0.745965
0.0813659
-1.14328
-0.755035
-0.538733
-0.118422
0.334245
0.50237
-0.839888
-0.498647
-0.623379
-0.286453
-0.0544439
0.642774
0.0304058
-0.386662
-0.122759
0.313573
0.0558965
1.46099
0.131915
-0.568341
0.481834
-0.0121856
-0.717971
0.0890416
-0.0760005
0.0187997
-0.0460868
0.706351
0.158777
-0.256471
0.831162
0.181814
-1.04652
-0.380454
-1.81997
-0.599823
-0.163537
-0.355892
0.219906
0.554653
0.0947651
-0.907218
-0.0913698
0.683632
0.247433
0.195929
0.359879
0.0825406
0.488891
0.260454
-0.595528
0.0300364
0.239447
0.00171039
-0.17248
-0.528973
-0.154385
-0.772041
-0.949022
-0.670033
-0.75499
-0.182622
-0.452416
-1.10129
0.79361
-0.409712
1.0067
1.37543
-0.256389
0.103023
-0.320232
-0.329094
0.256083
0.0257404
-0.277616
0.191178
