AES128                52/224      16   4.52   0.59   0.75   0.17   7.66   4.31   6.04   3.40     ----Passed
AES192                60/256      16   5.14   0.68   0.75   0.18   7.51   4.22   6.84   3.85     ----Passed
AES256                68/288      16   5.74   0.83   0.88   0.24   6.91   3.62   6.56   3.44     ----Passed
ARS                    68/72       8   2.94   0.33   0.47   0.10   8.82   4.53   6.31   3.24     ----Passed
AES128_64             52/224      16   4.35   0.58   0.67   0.15   7.46   4.36   6.46   3.77     ----Passed
AES192_64             60/256      16   4.96   0.68   0.72   0.19   7.28   3.70   6.91   3.51     ----Passed
AES256_64             68/288      16   5.55   0.82   0.80   0.20   6.76   4.08   6.94   4.19     ----Passed
ARS_64                 68/72       8   2.80   0.33   0.47   0.09   8.53   5.18   5.91   3.59     ----Passed
MKL_ARS5                1040       8   1.62   0.30   0.36   0.11   5.33   3.26   4.56   2.78     ----Passed
MKL_PHILOX4X32X10       1040       8   2.04   0.55   0.54   0.16   3.71   3.30   3.79   3.37     ----Passed
MKL_MCG59               1040       8   1.45   0.31   0.32   0.10   4.68   3.14   4.55   3.05     ----Passed
MKL_MT19937             1040       8   1.40   0.26   0.33   0.08   5.47   4.07   4.29   3.20     ----Passed
MKL_MT2203              1040       8   1.39   0.24   0.36   0.07   5.90   5.05   3.83   3.28     ----Passed
MKL_SFMT19937           1040       8   1.36   0.16   0.38   0.06   8.24   5.99   3.57   2.60     ----Passed
MKL_NONDETERM           1040       8  30.21  29.10   5.81   2.84   1.04   2.04   5.20  10.24     ----Passed
MKL_ARS5_64             2064       8   0.82   0.28   0.16   0.08   2.94   2.11   4.99   3.57     ----Passed
MKL_PHILOX4X32X10_64    2064       8   1.09   0.53   0.28   0.15   2.05   1.85   3.92   3.52     ----Passed
MKL_MCG59_64            2064       8   0.67   0.30   0.20   0.09   2.21   2.27   3.44   3.53     ----Passed
MKL_MT19937_64          2064       8   0.67   0.25   0.16   0.08   2.62   2.07   4.19   3.32     ----Passed
MKL_MT2203_64           2064       8   0.57   0.18   0.17   0.06   3.25   2.75   3.39   2.87     ----Passed
MKL_SFMT19937_64        2064       8   0.64   0.15   0.14   0.05   4.24   2.88   4.42   3.01     ----Passed
MKL_NONDETERM_64        2064       8  30.15  29.84   5.44   1.70   1.01   3.20   5.54  17.52     ----Passed
Philox2x32             24/24       8   2.93   0.52   0.76   0.15   5.67   4.95   3.83   3.34     ----Passed
Philox4x32             44/48       8   5.87   0.53   1.05   0.16  11.01   6.65   5.59   3.37     ----Passed
Philox2x64             44/48       8   4.56   3.90   0.72   0.67   1.17   1.08   6.33   5.84     ----Passed
Philox4x64             84/88       8   2.76   2.31   0.59   0.42   1.20   1.39   4.71   5.48     ----Passed
Philox2x32_64          24/24       8   2.55   0.59   0.65   0.14   4.30   4.77   3.94   4.37     ----Passed
Philox4x32_64          44/48       8   5.58   0.52   0.94   0.13  10.75   7.37   5.92   4.06     ----Passed
Philox2x64_64          44/48       8   4.27   3.91   0.64   0.59   1.09   1.09   6.69   6.68     ----Passed
Philox4x64_64          84/88       8   2.49   2.30   0.47   0.50   1.08   0.93   5.36   4.61     -*--Passed
RDRAND16                   1       1 120.08 119.48  22.52  22.55   1.01   1.00   5.33   5.30     -*--Passed
RDRAND32                   1       1  62.66  59.69  11.30  11.41   1.05   0.99   5.55   5.23     -*--Passed
RDRAND64                   1       1  30.99  29.17   5.77   5.70   1.06   1.01   5.38   5.12     ----Passed
mt19937                 2504       8   3.13   3.13   0.79   0.85   1.00   0.93   3.95   3.68     -*--Passed
mt19937_64              2504       8   1.61   1.85   0.44   0.48   0.87   0.91   3.65   3.83     **--Passed
minstd_rand0               4       4   6.65   7.38   1.19   1.13   0.90   1.05   5.61   6.52     *---Passed
minstd_rand                4       4   5.19   5.99   0.94   0.90   0.87   1.04   5.54   6.65     *---Passed
ranlux24_base            112       8   8.61   9.12   1.69   1.73   0.94   0.98   5.09   5.28     **--Passed
ranlux48_base            112       8   4.13   4.18   0.76   0.74   0.99   1.03   5.44   5.64     *---Passed
ranlux24                 120       8  91.53  92.08  16.08  16.16   0.99   0.99   5.69   5.70     **--Passed
ranlux48                 120       8 160.65 160.32  27.63  27.77   1.00   1.00   5.81   5.77     -*--Passed
knuth_b                 1032       4  21.16  21.67   5.01   5.20   0.98   0.96   4.22   4.17     **--Passed
Threefry2x32           28/32       8   5.09   0.75   1.35   0.21   6.74   6.45   3.77   3.61     ----Passed
Threefry4x32           52/56       8   7.07   0.72   1.50   0.21   9.79   7.29   4.71   3.51     ----Passed
Threefry2x64           52/64       8   5.26   0.74   0.93   0.21   7.13   4.39   5.66   3.48     ----Passed
Threefry4x64         100/112       8   3.59   0.71   0.82   0.21   5.03   3.96   4.39   3.46     ----Passed
Threefry8x64         196/208       8   3.55   0.73   0.92   0.21   4.86   4.46   3.86   3.55     ----Passed
Threefry16x64        388/400       8   3.54   0.75   0.85   0.20   4.73   4.24   4.17   3.74     ----Passed
Threefish256         100/112       8   8.48   2.45   2.12   0.73   3.46   2.91   3.99   3.36     ----Passed
Threefish512         196/208       8   8.03   2.56   2.37   0.72   3.13   3.28   3.39   3.54     ----Passed
Threefish1024        388/400       8  10.30   3.05   2.85   0.90   3.37   3.18   3.61   3.40     ----Passed
Threefry2x32_64        28/32       8   4.89   0.73   1.08   0.20   6.72   5.53   4.52   3.72     ----Passed
Threefry4x32_64        52/56       8   6.53   0.69   1.29   0.17   9.47   7.60   5.08   4.07     ----Passed
Threefry2x64_64        52/64       8   5.00   0.72   0.81   0.20   6.95   4.13   6.16   3.65     ----Passed
Threefry4x64_64      100/112       8   3.31   0.69   0.72   0.19   4.77   3.75   4.58   3.60     ----Passed
Threefry8x64_64      196/208       8   2.97   0.72   0.81   0.21   4.12   3.86   3.68   3.45     ----Passed
Threefry16x64_64     388/400       8   2.81   0.72   0.77   0.22   3.87   3.60   3.62   3.37     ----Passed
Threefish256_64      100/112       8   8.24   2.43   2.05   0.73   3.39   2.81   4.02   3.33     ----Passed
Threefish512_64      196/208       8   7.48   2.53   2.10   0.74   2.96   2.82   3.56   3.40     ----Passed
Threefish1024_64     388/400       8   9.47   2.95   2.76   0.95   3.21   2.92   3.43   3.12     ----Passed
