mt19937                 5000       8   6.78   6.85   1.51   1.52   0.99   1.00   4.48   4.52    ---      ---Passed
mt19937_64              2504       8   3.74   3.67   0.83   0.83   1.02   0.99   4.52   4.40    ---      ---Passed
minstd_rand0               8       8   7.84   7.83   1.23   1.23   1.00   1.00   6.36   6.36    ---      ---Passed
minstd_rand                8       8   7.83   7.82   1.24   1.23   1.00   1.00   6.34   6.34    ---      ---Passed
ranlux24_base            208       8  17.17  17.11   3.59   3.62   1.00   0.99   4.78   4.73    ---      ---Passed
ranlux48_base            112       8  10.60  10.54   1.77   1.78   1.01   1.00   5.98   5.93    ---      ---Passed
ranlux24                 216       8 118.44 117.11  21.45  21.50   1.01   1.00   5.52   5.45    ---      ---Passed
ranlux48                 120       8 261.75 261.77  48.24  48.27   1.00   1.00   5.43   5.42    ---      ---Passed
knuth_b                 2064       8  43.09  42.62   9.81   9.73   1.01   1.01   4.39   4.38    ---      ---Passed
Philox2x32             24/24       8   5.52   1.67   1.18   0.40   3.30   2.95   4.66   4.17   4.16      ---Passed
Philox4x32             44/48       8   5.25   1.76   0.86   0.41   2.99   2.10   6.08   4.27   2.52      ---Passed
Philox2x64             44/48       8  10.44   9.53   1.45   1.35   1.10   1.07   7.20   7.06   4.63      ---Passed
Philox4x64             84/88       8   6.13   5.33   1.00   0.83   1.15   1.20   6.13   6.42   3.18      ---Passed
Philox2x32_64          24/24       8   4.85   1.65   1.04   0.40   2.93   2.63   4.65   4.17   4.15      ---Passed
Philox4x32_64          44/48       8   4.86   1.74   0.80   0.40   2.79   1.99   6.06   4.32   2.54      ---Passed
Philox2x64_64          44/48       8   9.91   9.53   1.40   1.34   1.04   1.04   7.10   7.12   4.35      ---Passed
Philox4x64_64          84/88       8   5.73   5.31   0.89   0.83   1.08   1.08   6.42   6.42   3.18      ---Passed
Threefry2x32           28/48       8   7.34   1.98   1.91   0.51   3.71   3.75   3.85   3.88   7.52      ---Passed
Threefry4x32           52/72       8   9.55   2.02   1.90   0.53   4.74   3.60   5.02   3.81   6.32      ---Passed
Threefry2x64           52/88       8   6.86   2.13   1.15   0.59   3.22   1.96   5.98   3.64   3.63      ---Passed
Threefry4x64         100/136       8   5.43   2.13   1.06   0.60   2.55   1.75   5.14   3.54   3.35      ---Passed
Threefry8x64         196/232       8   5.14   2.13   1.36   0.61   2.41   2.22   3.78   3.48   3.05      ---Passed
Threefry16x64        388/424       8   5.50   3.85   1.28   1.06   1.43   1.21   4.31   3.64   3.96      ---Passed
Threefish256         100/136       8  12.45   7.06   2.73   1.95   1.76   1.40   4.55   3.62  10.81      ---Passed
Threefish512         196/232       8  11.88   7.35   3.17   2.03   1.62   1.56   3.75   3.63  10.26      ---Passed
Threefish1024        388/424       8  16.24  14.63   4.12   3.90   1.11   1.06   3.94   3.75  14.45      ---Passed
Threefry2x32_64        28/48       8   6.91   1.97   1.76   0.50   3.50   3.53   3.94   3.96   7.52      ---Passed
Threefry4x32_64        52/72       8   9.43   2.00   1.82   0.52   4.71   3.50   5.19   3.87   6.30      ---Passed
Threefry2x64_64        52/88       8   6.47   2.11   1.05   0.58   3.06   1.83   6.13   3.66   3.63      ---Passed
Threefry4x64_64      100/136       8   4.69   2.12   0.93   0.59   2.21   1.57   5.03   3.57   3.22      ---Passed
Threefry8x64_64      196/232       8   4.22   2.12   1.04   0.60   1.98   1.75   4.04   3.56   3.17      ---Passed
Threefry16x64_64     388/424       8   4.42   3.83   1.14   1.04   1.15   1.10   3.86   3.67   4.02      ---Passed
Threefish256_64      100/136       8  12.02   7.05   2.62   1.93   1.71   1.36   4.59   3.65  11.06      ---Passed
Threefish512_64      196/232       8  10.94   7.35   2.84   2.02   1.49   1.40   3.85   3.63  10.26      ---Passed
Threefish1024_64     388/424       8  14.87  14.23   4.03   3.92   1.04   1.03   3.68   3.63  14.61      ---Passed
MKL_PHILOX4X32X10       1040       8   3.94   1.84   0.86   0.48   2.14   1.80   4.59   3.86    ---      ---Passed
MKL_MCG59               1040       8   2.29   0.82   0.46   0.22   2.78   2.07   4.98   3.72    ---      ---Passed
MKL_MT19937             1040       8   2.57   0.72   0.51   0.19   3.58   2.71   5.08   3.85    ---      ---Passed
MKL_MT2203              1040       8   2.91   1.29   0.61   0.35   2.26   1.74   4.73   3.65    ---      ---Passed
MKL_SFMT19937           1040       8   2.09   0.42   0.66   0.17   5.01   4.00   3.15   2.52    ---      ---Passed
MKL_PHILOX4X32X10_64    2064       8   2.59   1.80   0.62   0.46   1.44   1.34   4.18   3.89    ---      ---Passed
MKL_MCG59_64            2064       8   1.26   0.80   0.30   0.21   1.57   1.41   4.14   3.73    ---      ---Passed
MKL_MT19937_64          2064       8   1.54   0.68   0.33   0.17   2.25   1.89   4.67   3.92    ---      ---Passed
MKL_MT2203_64           2064       8   2.02   1.26   0.45   0.35   1.61   1.29   4.49   3.62    ---      ---Passed
MKL_SFMT19937_64        2064       8   1.05   0.39   0.23   0.10   2.72   2.29   4.55   3.82    ---      ---Passed
