AES128                52/224      16   3.40   0.59   0.66   0.17   5.74   3.85   5.18   3.47     ----Passed
AES192                60/256      16   2.93   0.68   0.75   0.21   4.32   3.64   3.91   3.29     ----Passed
AES256                68/288      16   3.32   0.76   0.84   0.21   4.36   3.96   3.96   3.60     ----Passed
ARS                    68/72       8   4.41   0.34   0.70   0.11  12.79   6.62   6.32   3.27     ----Passed
AES128_64             52/224      16   2.74   0.59   0.59   0.16   4.66   3.63   4.68   3.65     ----Passed
AES192_64             60/256      16   2.57   0.67   0.69   0.19   3.83   3.69   3.71   3.57     ----Passed
AES256_64             68/288      16   3.13   0.76   0.81   0.22   4.12   3.65   3.84   3.40     ----Passed
ARS_64                 68/72       8   3.73   0.33   0.52   0.09  11.39   5.91   7.23   3.75     ----Passed
MKL_ARS5                1040       8   1.63   0.29   0.36   0.10   5.53   3.71   4.54   3.05     ----Passed
MKL_PHILOX4X32X10       1040       8   2.04   0.55   0.42   0.15   3.70   2.79   4.85   3.66     ----Passed
MKL_MCG59               1040       8   1.44   0.31   0.33   0.10   4.63   3.21   4.42   3.06     ----Passed
MKL_MT19937             1040       8   1.37   0.26   0.30   0.08   5.28   3.81   4.52   3.26     ----Passed
MKL_MT2203              1040       8   1.47   0.20   0.43   0.08   7.46   5.67   3.39   2.57     ----Passed
MKL_SFMT19937           1040       8   1.37   0.17   0.37   0.06   8.26   6.35   3.71   2.85     ----Passed
MKL_NONDETERM           1040       8  30.48  29.24   5.66   2.33   1.04   2.43   5.39  12.55     ----Passed
MKL_ARS5_64             2064       8   0.78   0.28   0.16   0.08   2.77   1.93   5.00   3.49     ----Passed
MKL_PHILOX4X32X10_64    2064       8   1.05   0.53   0.22   0.14   1.98   1.50   4.86   3.68     ----Passed
MKL_MCG59_64            2064       8   0.65   0.30   0.15   0.09   2.13   1.60   4.43   3.33     ----Passed
MKL_MT19937_64          2064       8   0.62   0.25   0.18   0.07   2.47   2.41   3.55   3.46     ----Passed
MKL_MT2203_64           2064       8   0.58   0.18   0.15   0.06   3.19   2.56   3.76   3.01     ----Passed
MKL_SFMT19937_64        2064       8   0.59   0.15   0.14   0.05   3.90   2.81   4.18   3.02     ----Passed
MKL_NONDETERM_64        2064       8  30.46  30.14   5.43   1.70   1.01   3.20   5.61  17.77     ----Passed
Philox2x32             24/24       8   3.79   0.52   0.85   0.15   7.28   5.69   4.47   3.50     ----Passed
Philox4x32             44/48       8   2.93   0.53   0.77   0.17   5.53   4.65   3.81   3.20     ----Passed
Philox2x64             44/48       8   1.96   1.36   0.53   0.39   1.44   1.36   3.69   3.49     ----Passed
Philox4x64             84/88       8   1.83   1.17   0.49   0.33   1.57   1.49   3.74   3.57     ----Passed
Philox2x32_64          24/24       8   3.64   0.52   0.74   0.13   7.00   5.84   4.92   4.11     ----Passed
Philox4x32_64          44/48       8   2.51   0.53   0.64   0.13   4.71   4.77   3.92   3.96     ----Passed
Philox2x64_64          44/48       8   1.65   1.35   0.45   0.38   1.22   1.16   3.69   3.53     ----Passed
Philox4x64_64          84/88       8   1.82   1.18   0.50   0.35   1.54   1.41   3.65   3.35     ----Passed
RDRAND16                   1       1 119.27 118.95  22.53  22.64   1.00   1.00   5.29   5.25     -*--Passed
RDRAND32                   1       1  60.05  60.22  11.59  11.33   1.00   1.02   5.18   5.32     *---Passed
RDRAND64                   1       1  29.70  29.60   5.63   5.68   1.00   0.99   5.28   5.21     -*--Passed
mt19937                 2504       8   3.40   3.43   0.85   0.89   0.99   0.95   4.01   3.86     **--Passed
mt19937_64              2504       8   1.69   1.68   0.41   0.42   1.00   0.98   4.07   3.99     -*--Passed
minstd_rand0               4       4   9.48   8.26   1.15   1.14   1.15   1.01   8.24   7.24     ----Passed
minstd_rand                4       4   8.28   7.25   1.11   1.59   1.14   0.70   7.46   4.57     -*--Passed
ranlux24_base            112       8   9.29   8.40   1.69   1.96   1.11   0.86   5.50   4.29     -*--Passed
ranlux48_base            112       8   4.67   4.80   0.89   0.92   0.97   0.97   5.25   5.24     **--Passed
ranlux24                 120       8  91.37  78.69  14.07  13.55   1.16   1.04   6.49   5.81     ----Passed
ranlux48                 120       8 176.43 152.03  26.53  27.84   1.16   0.95   6.65   5.46     -*--Passed
knuth_b                 1032       4  22.21  24.84   4.90   5.39   0.89   0.91   4.54   4.61     **--Passed
Threefry2x32           28/32       8   4.99   0.87   1.15   0.21   5.71   5.46   4.32   4.14     ----Passed
Threefry4x32           52/56       8   4.31   0.85   0.95   0.20   5.07   4.71   4.55   4.22     ----Passed
Threefry2x64           52/64       8   2.99   0.70   0.64   0.22   4.25   2.92   4.70   3.24     ----Passed
Threefry4x64         100/112       8   3.57   0.68   0.66   0.20   5.27   3.29   5.41   3.37     ----Passed
Threefry8x64         196/208       8   3.16   0.67   0.78   0.22   4.72   3.56   4.06   3.06     ----Passed
Threefry16x64        388/400       8   2.75   0.77   0.71   0.21   3.56   3.33   3.89   3.65     ----Passed
Threefish256         100/112       8   8.15   2.37   1.63   0.66   3.43   2.47   4.99   3.59     ----Passed
Threefish512         196/208       8   8.12   2.27   1.73   0.63   3.58   2.75   4.69   3.60     ----Passed
Threefish1024        388/400       8   6.85   2.59   1.77   0.72   2.64   2.45   3.88   3.61     ----Passed
Threefry2x32_64        28/32       8   4.80   0.86   1.05   0.19   5.60   5.53   4.58   4.52     ----Passed
Threefry4x32_64        52/56       8   4.00   0.84   0.84   0.22   4.75   3.84   4.76   3.85     ----Passed
Threefry2x64_64        52/64       8   2.53   0.73   0.63   0.19   3.47   3.35   4.02   3.89     ----Passed
Threefry4x64_64      100/112       8   3.05   0.68   0.47   0.19   4.50   2.42   6.52   3.50     ----Passed
Threefry8x64_64      196/208       8   2.49   0.67   0.61   0.20   3.71   3.07   4.05   3.36     ----Passed
Threefry16x64_64     388/400       8   2.03   0.75   0.55   0.21   2.69   2.62   3.72   3.61     ----Passed
Threefish256_64      100/112       8   7.35   2.36   1.51   0.68   3.12   2.22   4.87   3.47     ----Passed
Threefish512_64      196/208       8   7.43   2.22   1.53   0.67   3.35   2.30   4.85   3.33     ----Passed
Threefish1024_64     388/400       8   6.19   2.57   1.60   0.77   2.40   2.09   3.86   3.35     ----Passed
