MKL_PHILOX4X32X10       1040       8   3.87   1.83   0.89   0.49   2.12   1.83   4.35   3.76     ----Passed
MKL_MCG59               1040       8   2.26   0.82   0.49   0.23   2.77   2.14   4.67   3.61     ----Passed
MKL_MT19937             1040       8   2.54   0.70   0.50   0.19   3.60   2.68   5.08   3.79     ----Passed
MKL_MT2203              1040       8   2.84   1.28   0.64   0.35   2.22   1.81   4.45   3.63     ----Passed
MKL_SFMT19937           1040       8   2.05   0.40   0.40   0.11   5.08   3.56   5.15   3.60     ----Passed
MKL_PHILOX4X32X10_64    2064       8   2.57   1.80   0.62   0.46   1.43   1.33   4.17   3.87     ----Passed
MKL_MCG59_64            2064       8   1.25   0.81   0.30   0.22   1.54   1.39   4.10   3.72     ----Passed
MKL_MT19937_64          2064       8   1.50   0.68   0.33   0.18   2.20   1.82   4.53   3.73     ----Passed
MKL_MT2203_64           2064       8   1.79   1.26   0.45   0.34   1.42   1.32   3.97   3.67     ----Passed
MKL_SFMT19937_64        2064       8   1.03   0.38   0.23   0.10   2.70   2.25   4.53   3.77     ----Passed
Philox2x32             24/24       8   7.44   1.85   1.40   0.51   4.03   2.73   5.32   3.60     ----Passed
Philox4x32             44/48       8   6.43   1.88   1.17   0.49   3.41   2.37   5.52   3.83     ----Passed
Philox2x64             44/48       8   5.63   4.87   1.07   0.86   1.16   1.24   5.28   5.68     ----Passed
Philox4x64             84/88       8   4.03   3.72   0.79   0.59   1.08   1.34   5.12   6.35     ----Passed
Philox2x32_64          24/24       8   5.94   1.58   1.33   0.48   3.76   2.80   4.46   3.33     ----Passed
Philox4x32_64          44/48       8   6.27   1.79   1.31   0.49   3.51   2.69   4.80   3.69     ----Passed
Philox2x64_64          44/48       8   5.03   4.86   0.94   0.85   1.03   1.10   5.36   5.71     ----Passed
Philox4x64_64          84/88       8   3.78   3.21   0.67   0.58   1.17   1.15   5.61   5.50     ----Passed
mt19937                 5000       8   3.57   3.48   0.68   0.85   1.03   0.80   5.24   4.10     -*--Passed
mt19937_64              2504       8   1.78   1.78   0.34   0.48   1.00   0.71   5.24   3.72     **--Passed
minstd_rand0               8       8   8.58   8.53   1.31   1.30   1.01   1.01   6.55   6.55     ----Passed
minstd_rand                8       8   8.59   8.52   1.32   1.31   1.01   1.01   6.49   6.52     ----Passed
ranlux24_base            208       8   5.41   5.40   1.48   1.44   1.00   1.03   3.64   3.75     ----Passed
ranlux48_base            112       8   3.24   3.40   1.02   1.00   0.95   1.02   3.16   3.39     *---Passed
ranlux24                 216       8  74.29  74.27  14.21  15.03   1.00   0.95   5.23   4.94     -*--Passed
ranlux48                 120       8 176.20 176.13  31.03  31.27   1.00   0.99   5.68   5.63     -*--Passed
knuth_b                 2064       8  55.50  55.49  10.90  10.93   1.00   1.00   5.09   5.08     -*--Passed
Threefry2x32           28/32       8   7.25   1.90   1.34   0.49   3.82   2.71   5.42   3.85     ----Passed
Threefry4x32           52/56       8   6.88   1.92   1.45   0.50   3.59   2.90   4.73   3.82     ----Passed
Threefry2x64           52/64       8   3.54   1.95   0.76   0.53   1.81   1.42   4.66   3.67     ----Passed
Threefry4x64         100/112       8   3.03   2.00   0.81   0.54   1.52   1.49   3.76   3.68     ----Passed
Threefry8x64         196/208       8   3.82   2.05   0.91   0.56   1.86   1.62   4.20   3.66     ----Passed
Threefry16x64        388/400       8   4.64   3.17   1.11   0.88   1.46   1.26   4.18   3.61     ----Passed
Threefish256         100/112       8   9.28   6.37   2.06   1.69   1.46   1.22   4.51   3.77     ----Passed
Threefish512         196/208       8  22.06   6.63   6.85   1.74   3.33   3.93   3.22   3.80     ----Passed
Threefish1024        388/400       8  22.07  20.73   5.88   5.68   1.06   1.04   3.75   3.65     ----Passed
Threefry2x32_64        28/32       8   6.30   1.88   1.20   0.49   3.34   2.48   5.23   3.89     ----Passed
Threefry4x32_64        52/56       8   6.51   1.90   1.34   0.49   3.42   2.74   4.86   3.89     ----Passed
Threefry2x64_64        52/64       8   3.34   1.95   0.64   0.53   1.72   1.21   5.23   3.70     ----Passed
Threefry4x64_64      100/112       8   2.61   1.97   0.68   0.54   1.32   1.27   3.84   3.67     ----Passed
Threefry8x64_64      196/208       8   2.48   2.05   0.69   0.55   1.21   1.24   3.62   3.70     ----Passed
Threefry16x64_64     388/400       8   3.69   3.29   1.00   0.92   1.12   1.08   3.69   3.56     ----Passed
Threefish256_64      100/112       8   8.65   6.37   1.93   1.69   1.36   1.14   4.49   3.77     ----Passed
Threefish512_64      196/208       8  21.14   6.43   6.79   1.73   3.29   3.92   3.11   3.71     ----Passed
Threefish1024_64     388/400       8  20.24  19.92   5.67   5.88   1.02   0.96   3.57   3.39     -*--Passed
