MKL_PHILOX4X32X10       1040       8   4.11   1.83   0.87   0.50   2.25   1.73   4.73   3.65     ----Passed
MKL_MCG59               1040       8   2.46   0.84   0.49   0.22   2.92   2.16   5.05   3.74     ----Passed
MKL_MT19937             1040       8   2.77   0.71   0.56   0.19   3.90   2.98   4.95   3.78     ----Passed
MKL_MT2203              1040       8   3.07   1.28   0.65   0.35   2.40   1.85   4.73   3.65     ----Passed
MKL_SFMT19937           1040       8   2.25   0.41   0.41   0.11   5.52   3.62   5.55   3.64     ----Passed
MKL_PHILOX4X32X10_64    2064       8   2.56   1.80   0.61   0.47   1.42   1.30   4.21   3.87     ----Passed
MKL_MCG59_64            2064       8   1.21   0.80   0.29   0.22   1.52   1.35   4.15   3.70     ----Passed
MKL_MT19937_64          2064       8   1.49   0.68   0.33   0.18   2.18   1.87   4.55   3.90     ----Passed
MKL_MT2203_64           2064       8   1.84   1.25   0.44   0.34   1.47   1.28   4.18   3.64     ----Passed
MKL_SFMT19937_64        2064       8   1.00   0.38   0.21   0.10   2.62   2.07   4.76   3.75     ----Passed
Philox2x32             24/24       8   6.63   1.59   1.42   0.41   4.16   3.43   4.69   3.87     ----Passed
Philox4x32             44/48       8   7.07   1.59   1.59   0.41   4.45   3.91   4.44   3.91     ----Passed
Philox2x64             44/48       8   6.24   5.31   1.19   1.00   1.17   1.20   5.22   5.34     ----Passed
Philox4x64             84/88       8   5.62   4.43   1.07   0.83   1.27   1.30   5.23   5.35     ----Passed
Philox2x32_64          24/24       8   6.21   1.59   1.33   0.41   3.91   3.24   4.69   3.89     ----Passed
Philox4x32_64          44/48       8   6.61   1.60   1.51   0.40   4.12   3.74   4.37   3.96     ----Passed
Philox2x64_64          44/48       8   5.71   5.30   1.06   0.99   1.08   1.06   5.41   5.33     ----Passed
Philox4x64_64          84/88       8   4.94   4.42   0.91   0.85   1.12   1.08   5.41   5.23     ----Passed
mt19937                 5000       8   3.04   3.13   0.72   0.72   0.97   1.00   4.21   4.33     *---Passed
mt19937_64              2504       8   1.51   1.60   0.40   0.39   0.94   1.02   3.81   4.15     *---Passed
minstd_rand0               8       8   9.57   9.39   1.33   1.33   1.02   1.00   7.20   7.04     -*--Passed
minstd_rand                8       8   9.58   9.39   1.34   1.34   1.02   0.99   7.17   6.98     -*--Passed
ranlux24_base            208       8   3.85   6.21   0.89   0.91   0.62   0.97   4.34   6.81     **--Passed
ranlux48_base            112       8   2.59   3.95   0.59   0.58   0.66   1.01   4.41   6.79     *---Passed
ranlux24                 216       8  37.40  72.70   7.83  12.36   0.51   0.63   4.77   5.88     **--Passed
ranlux48                 120       8  89.20 172.00  18.91  18.69   0.52   1.01   4.72   9.20     *---Passed
knuth_b                 2064       8  58.27  59.26  11.33  11.19   0.98   1.01   5.14   5.30     *---Passed
Threefry2x32           28/32       8   7.54   1.77   2.01   0.52   4.26   3.90   3.74   3.42     ----Passed
Threefry4x32           52/56       8   7.85   1.73   1.93   0.48   4.55   4.02   4.08   3.60     ----Passed
Threefry2x64           52/64       8   6.54   2.01   1.12   0.54   3.25   2.06   5.85   3.71     ----Passed
Threefry4x64         100/112       8   5.00   1.91   1.14   0.54   2.62   2.10   4.40   3.53     ----Passed
Threefry8x64         196/208       8   7.65   2.18   1.99   0.54   3.51   3.65   3.85   4.00     ----Passed
Threefry16x64        388/400       8   8.02   6.70   2.15   1.99   1.20   1.08   3.73   3.36     ----Passed
Threefish256         100/112       8  12.00  11.02   3.10   3.03   1.09   1.02   3.87   3.64     ----Passed
Threefish512         196/208       8  25.57  12.25   6.96   3.34   2.09   2.09   3.67   3.67     ----Passed
Threefish1024        388/400       8  34.38  33.21   8.34   8.01   1.04   1.04   4.12   4.14     ----Passed
Threefry2x32_64        28/32       8   6.78   1.77   1.83   0.50   3.84   3.65   3.71   3.53     ----Passed
Threefry4x32_64        52/56       8   7.29   1.74   1.74   0.47   4.19   3.73   4.18   3.72     ----Passed
Threefry2x64_64        52/64       8   6.53   2.01   1.04   0.54   3.24   1.92   6.29   3.73     ----Passed
Threefry4x64_64      100/112       8   4.50   1.90   0.95   0.53   2.36   1.79   4.75   3.59     ----Passed
Threefry8x64_64      196/208       8   6.86   2.17   2.05   0.54   3.16   3.83   3.34   4.04     ----Passed
Threefry16x64_64     388/400       8   7.15   6.70   2.04   1.95   1.07   1.05   3.50   3.43     ----Passed
Threefish256_64      100/112       8  11.54  11.11   2.94   3.04   1.04   0.97   3.92   3.65     -*--Passed
Threefish512_64      196/208       8  23.85  11.95   7.70   3.35   2.00   2.30   3.10   3.57     ----Passed
Threefish1024_64     388/400       8  30.93  33.37   8.26   8.15   0.93   1.01   3.75   4.09     *---Passed
