1 1744490017
0 3009559574
0 3030272906
0 2784961658
0 492762539
0 2419713005
2 1940048580
0 1891801011
0 654710712
0 2231174826
0 4176698170
0 2962793499
3 416688401
0 2202278813
0 973970235
0 3809894644
0 3254476165
0 2456681553
4 3489075805
0 37271285
0 66476406
0 4223491290
0 2103025380
0 372506246
5 3180718669
0 1488744899
0 3578740879
0 1112034253
0 1628167100
0 1281985489
6 3565695368
0 3160320565
0 1421763730
0 3497898210
0 2501179844
0 999932449
7 4262126276
0 2058691279
0 2270805682
0 1063012724
0 1056928693
0 787845534
8 2847485746
0 2340577961
0 1983365442
0 2559857105
0 2041151379
0 1972967798
9 3626548976
0 1405237774
0 3535874376
0 1813029068
0 2907332418
0 4183414460
10 4069705572
0 2551466731
0 502532199
0 3127323534
0 3540665776
0 2649665391
11 3361802743
0 2679163707
0 2602955993
0 2586581636
0 2722896261
0 4009096513
12 992219927
0 1367153307
0 995318155
0 1971273166
0 1902754157
0 3024894004
13 745555561
0 1854974331
0 2272500815
0 2211764798
0 3116244692
0 2937304560
14 2526182307
0 1467063763
0 1574054437
0 863343980
0 492263679
0 1041722387
15 3333954222
0 887758714
0 2987495656
0 107281889
0 1474797739
0 4054542419
16 2437939134
0 791523074
0 1581346288
0 713171293
0 3993480117
0 4190306311
17 1548671066
0 4188345502
0 1164694882
0 1822407101
0 3764340334
0 147287528
18 1996591841
0 2841238586
0 3348580726
0 2607929032
0 870376267
0 2357406843
19 1076098788
0 126500536
0 278837614
0 2055743834
0 3744220232
0 2909226239
20 2014691784
0 3207043687
0 3888123395
0 3310967699
0 1178422786
0 808660450
21 4089914608
0 3787056369
0 3588340095
0 2653173499
0 2652050469
0 4293476746
22 3514731217
0 889409744
0 3664128526
0 4125515136
0 3650249328
0 2713430151
23 4278445470
0 2513623903
0 1443461408
0 4097505060
0 2124883989
0 1171380643
24 2806833310
0 1433037140
0 285265105
0 2951231184
0 933890629
0 3180421224
25 3283542207
0 363243920
0 2345296983
0 146762464
0 1087638931
0 1425243638
26 3461440009
0 769575531
0 3382451280
0 2776638276
0 2898545412
0 479779489
27 3001884157
0 2188912114
0 915269655
0 3066894723
0 2485412938
0 2157659672
28 2735913690
0 176379900
0 1505108609
0 355857576
0 3730157889
0 200528560
29 1957879614
0 4113356070
0 3102599145
0 622453412
0 665104988
0 2818226916
30 3734960100
0 1070557429
0 4011609581
0 3781828600
0 3877705990
0 1776786303
31 1069028282
0 192506757
0 2170646241
0 2866814392
0 2090853533
0 1178061850
32 961141203
0 1906106193
0 770243206
0 4110035507
0 1226491353
0 3068134691
33 3077030618
0 1472761922
0 872270543
0 3293581515
0 1524283985
0 489634457
34 161624175
0 2737096612
0 1697885778
0 735323363
0 3494058083
0 4094452559
35 1900493206
0 1760174683
0 1335103470
0 426982175
0 3652461855
0 3733967451
36 2510885777
0 1619702180
0 1980478443
0 4282067168
0 1838259544
0 350412535
37 908908192
0 847447041
0 3652155455
0 440242388
0 3090571086
0 3459206178
38 1870136122
0 252105891
0 1789254848
0 3360714524
0 3541379012
0 349494369
39 933253259
0 596750778
0 3607146132
0 1282842022
0 229772119
0 1313040344
40 157988714
0 1676841057
0 217998555
0 680003593
0 3677714276
0 3632076434
41 2647722423
0 1664550820
0 2062289571
0 2065489685
0 3710828569
0 1312846762
42 941309189
0 3591546227
0 3533575607
0 206759153
0 232209165
0 3751825021
43 4011375199
0 2582265675
0 2480431795
0 3141479590
0 578610263
0 2939808668
44 383805742
0 3069481550
0 1668235637
0 3681174663
0 1564048870
0 1487836707
45 346025821
0 2036389131
0 3364859561
0 2208769514
0 1891021002
0 3696541004
46 2289986134
0 2517620642
0 3262671642
0 3382077212
0 3809252824
0 1160735185
47 2548601070
0 3924619843
0 3914247206
0 4237876414
0 2756721615
0 2138832992
48 1664746369
0 3026684283
0 99491983
0 463848833
0 1064855417
0 2348853566
49 1823244861
0 3533858725
0 3956201001
0 1376412994
0 2442733793
0 3599223354
50 2968160873
0 3429129677
0 2948078625
0 60843668
0 30023841
0 1147369573
51 665275834
0 3504822873
0 2041653402
0 2235082754
0 958507054
0 3388751865
52 1401376133
0 1533872711
0 1117308801
0 1683994064
0 147078391
0 2576348043
53 2189080749
0 348959750
0 1836977140
0 3604701227
0 1346806351
0 2128827696
54 3714145833
0 989564829
0 1012721337
0 2417749511
0 505061381
0 1016386682
55 148786650
0 1250349885
0 2550273070
0 3519037738
0 710881800
0 2950701
56 1547700251
0 2206834882
0 1441468445
0 180149097
0 2840840789
0 1732489941
57 1233259815
0 781435918
0 4206551357
0 3142284510
0 2925316765
0 415512679
58 2891703564
0 1729791384
0 1369461707
0 1535364507
0 1906546254
0 4057173579
59 198582126
0 331371595
0 2206277995
0 3676786707
0 3798433655
0 273633091
60 1212796596
0 1572192482
0 1574530003
0 872614423
0 3419407877
0 3017397793
61 718268918
0 1800027394
0 1548673640
0 774598201
0 3325323032
0 2479922516
62 835461890
0 2500096267
0 2448576632
0 3056574731
0 836471605
0 176377550
63 36519657
0 2038142018
0 3364397778
0 823689847
0 1081938716
0 4005344030
64 1177317457
0 1975424987
0 1993174430
0 1662864299
0 3619313199
0 1551789897
65 1404850339
0 3925302888
0 1719792445
0 1239740622
0 3825550138
0 399487354
66 3645330877
0 3788698249
0 1181298571
0 3881335640
0 454635692
0 1482861518
67 4129734370
0 3837734093
0 1117868917
0 2506150688
0 2356057503
0 4245152758
68 756036076
0 4177562518
0 3971564685
0 566699158
0 1889844128
0 2804607933
69 252673245
0 1806255308
0 1552059830
0 2332181390
0 1334594415
0 829063999
70 3433920269
0 2122453865
0 1357361897
0 646399316
0 1670865892
0 3442806485
71 2590219564
0 625228875
0 1109107764
0 1288264397
0 484964842
0 1640908029
72 235667437
0 1107742611
0 536814049
0 1687739469
0 1448688075
0 2499725433
73 2826961192
0 4285193624
0 4289873138
0 1556451732
0 886499413
0 569207348
74 4169796627
0 2576471073
0 317482345
0 1968072275
0 1468603182
0 4144108232
75 3759213482
0 2413394086
0 79131633
0 1214442973
0 2104911717
0 1706546092
76 3322477351
0 796293269
0 4051948456
0 4279926284
0 3090146606
0 4195701988
77 1291762886
0 3495961324
0 216192649
0 4262493982
0 74297673
0 1310655900
78 1538824165
0 3343352414
0 1598798324
0 1980477724
0 3329348325
0 3788383752
79 2950627370
0 3193948086
0 4215039695
0 781271104
0 675946436
0 268827119
80 3038539575
0 3461106483
0 434357599
0 254242897
0 1644079877
0 3682296191
81 2000625387
0 1455123485
0 3327050752
0 328148312
0 68564202
0 2151780275
82 90288015
0 2959243056
0 1881775899
0 840776685
0 1391977024
0 2779706830
83 3374691553
0 273101462
0 2740472151
0 3351413393
0 471759286
0 2447833315
84 508699210
0 2296104995
0 3791973161
0 2176429912
0 1416721750
0 2979754757
85 3931280442
0 593323482
0 3216544130
0 3333362442
0 2400583653
0 2955484469
86 2893922905
0 472370265
0 90141944
0 153413647
0 4261844432
0 2551878258
87 2173407857
0 2657268305
0 2801841765
0 1342660569
0 3815349587
0 3390474853
88 3502212093
0 689129194
0 4114023014
0 4233224793
0 1973226958
0 392502023
89 2025606000
0 782805828
0 3915736288
0 2501166737
0 2776875187
0 603605552
90 123305243
0 4173742824
0 3959892560
0 1024164073
0 1331419933
0 3433873166
91 87614149
0 3664031571
0 1038267213
0 156044392
0 2865562278
0 561413311
92 2577024797
0 1346609051
0 1911285551
0 2347954601
0 1917641756
0 2531685264
93 3244077890
0 3326625253
0 3672398619
0 3865696920
0 3802977942
0 465360010
94 2658807861
0 306176027
0 58566651
0 3660357058
0 3912888939
0 3971802837
95 2023756526
0 2214729523
0 3026944106
0 792930691
0 2188898792
0 1689405961
96 2633437518
0 3333550213
0 2235812448
0 2482175545
0 1282563998
0 1113078799
97 2716867582
0 502401843
0 182827911
0 1221738447
0 3315270262
0 3675460064
98 1587926469
0 117396105
0 2096513819
0 13353609
0 1495629586
0 2497027896
99 1602679948
0 1234214186
0 1943121026
0 2212424776
0 2063382214
0 3973635629
100 1227632698
0 108768905
0 693047837
0 2605462861
0 3292783730
0 3032658815
101 1208804994
0 4170277367
0 1453961532
0 2541193135
0 3404319674
0 1347615566
102 2391986994
0 4134390658
0 50118058
0 3752127855
0 3103518569
0 4140356774
103 622084076
0 2062355855
0 2354486436
0 3413645275
0 4133474368
0 3667325978
104 1032690584
0 3732248590
0 2883168216
0 951529007
0 2401210211
0 1815704313
105 1945255559
0 1397347687
0 1592182828
0 1585597898
0 2251274662
0 3332610307
106 3472146960
0 2033212752
0 3404315356
0 1487889703
0 3341928964
0 4148745486
107 3399112708
0 2692583390
0 99450752
0 857932688
0 2750165863
0 3205474320
108 3462313952
0 831041750
0 1579678189
0 4258630058
0 2632247027
0 1697787836
109 29122579
0 3633538129
0 2252210464
0 3271131564
0 1853999592
0 624863051
110 2583510288
0 507039625
0 3932858378
0 3196673113
0 3070890632
0 1981582591
111 975730699
0 2522316291
0 2627225408
0 727578490
0 3350208547
0 1105347218
112 3101177144
0 3298256081
0 390963125
0 109341878
0 2676361818
0 1617240631
113 3364594053
0 819815265
0 53782311
0 684461673
0 160088528
0 209844181
114 3719257108
0 1689768737
0 1672289310
0 153431553
0 185163511
0 1945254044
115 3872865057
0 2400158016
0 3007403270
0 4165067094
0 2906590757
0 1464931165
116 739589072
0 1855348051
0 931779350
0 581231801
0 1186100950
0 3608449238
117 1045843964
0 3511777105
0 108524081
0 4102918487
0 2682796980
0 3085588731
118 815302866
0 2049894738
0 2759921740
0 1146060257
0 801038938
0 1359331973
119 963363882
0 3515444746
0 3848287269
0 814529672
0 3230962466
0 4164424799
120 4171787143
0 1689698950
0 3389790201
0 3425380341
0 3928911074
0 2271040752
121 3224059852
0 660679348
0 1251369981
0 1963183609
0 4067408925
0 1731346815
122 839760891
0 1190529198
0 2817534753
0 24759447
0 756955055
0 762833655
123 1494716852
0 1008106454
0 1184281896
0 1977253194
0 764133375
0 1967506190
124 397708746
0 3342928926
0 3823016637
0 2465100599
0 3757655166
0 977334819
125 816247687
0 539398501
0 3615183526
0 4116849367
0 2579553615
0 2690026764
126 841751609
0 645132151
0 2128860715
0 712935333
0 554865555
0 542194716
127 1009725898
0 3434826775
0 2669168739
0 135855560
0 2880008755
0 1252140005
128 3444681437
0 2858348640
0 2873228782
0 3450907402
0 1193288702
0 1803324855
129 1933849666
0 433011907
0 3914706586
0 4179621956
0 2771214092
0 2899365784
130 2249370369
0 1119529311
0 2968767737
0 239297365
0 1636228660
0 2705098585
131 1075868354
0 1868761111
0 253080381
0 1348610037
0 2809335274
0 1296175561
132 856441105
0 1676890999
0 93549019
0 3038149381
0 700075812
0 2364730935
133 2300518004
0 1561675053
0 3959118411
0 3058824340
0 669674976
0 2175061674
134 1548666540
0 2000453903
0 1077495907
0 3676084449
0 1346689570
0 4151818052
135 672348553
0 3841454970
0 1138643099
0 2056324057
0 785618754
0 3352858578
136 1610937737
0 1089355853
0 4138690066
0 3534581913
0 749053371
0 2024288991
137 2011016198
0 145275033
0 645933052
0 57728714
0 2401793861
0 2291122714
138 2396451910
0 3934379563
0 54511586
0 1651107826
0 446623186
0 481201637
139 3909969811
0 1204129901
0 2202597364
0 3688699477
0 1258695832
0 2153981816
140 2864841111
0 3425443805
0 2180926974
0 1521814285
0 1754418152
0 1969445413
141 3881029093
0 3726176248
0 3318604620
0 4067672847
0 689679607
0 3472365412
142 1409051467
0 1360196757
0 1174483342
0 3458247957
0 1375932605
0 655385877
143 1403777065
0 1217220729
0 3224257534
0 718705555
0 1940964985
0 2310377627
144 894086438
0 1193310411
0 633584756
0 411251314
0 2631704879
0 1508855647
145 1749643646
0 3964594886
0 1180239614
0 253704259
0 3144443988
0 285100119
146 2719386633
0 781984843
0 1893439495
0 1942196845
0 1196177782
0 3002046734
147 344093463
0 3460035190
0 3217054711
0 2140851371
0 587501157
0 865998684
148 3772577806
0 1504770702
0 1887382840
0 2445613458
0 1797333792
0 1386722656
149 515652664
0 3019962975
0 2037936213
0 3799694198
0 3108608849
0 2216482175
150 1248587008
0 2086917045
0 489169513
0 950185340
0 1086842629
0 2906318169
151 770850872
0 3448401510
0 3290513357
0 2833295306
0 660499993
0 68214920
152 1392534809
0 956151882
0 3033925610
0 3547323364
0 1670717224
0 1794340681
153 415423534
0 1341395562
0 3549011492
0 3270824290
0 1761199010
0 812753347
154 2870084568
0 296346872
0 230726389
0 340897080
0 2120110400
0 458489781
155 3207502416
0 3622495760
0 2454758822
0 3274769887
0 3493824025
0 184512506
156 2063783719
0 3056435824
0 245703648
0 3397020631
0 755469973
0 634421882
157 366838252
0 117417762
0 4160250242
0 982770420
0 1191304376
0 215400933
158 2615470812
0 4270547831
0 2736551335
0 3116676784
0 3028080143
0 578655438
159 903370889
0 903948885
0 1045234239
0 1978010217
0 422671256
0 3956681710
160 605424831
0 3304318973
0 2969477184
0 2570161591
0 2215497141
0 3697241078
161 1537801465
0 879840703
0 558326264
0 3920544049
0 1039804108
0 2034475364
162 2495579460
0 2079713027
0 298673088
0 2712227435
0 4205108188
0 1991103388
163 2589581349
0 3223979302
0 1036556934
0 16853425
0 2017427100
0 2042202106
164 897170097
0 468189706
0 3542556173
0 2275352562
0 2211705281
0 2591710378
165 700972953
0 1725630466
0 1575730506
0 3010777807
0 4139125883
0 2854100563
166 795022184
0 897172722
0 2133205662
0 2992892742
0 2944516237
0 626613240
167 2628233359
0 3080057209
0 3908755414
0 2969528146
0 1996843241
0 2611882752
168 2033850062
0 1460553376
0 2667464053
0 2816110406
0 4155018773
0 2947574109
169 1493154723
0 1639958182
0 885201450
0 1632664480
0 2731872940
0 446901471
170 3293777317
0 173800708
0 3786824556
0 2184714105
0 2882354242
0 574494809
171 2322769665
0 3034182125
0 3915572406
0 597310678
0 687204030
0 1270470322
172 1255867326
0 710402673
0 302835077
0 1824747531
0 1817012288
0 2462557990
173 257119232
0 3398552943
0 1222404404
0 231500395
0 422444465
0 3348666064
174 996284089
0 2059946231
0 3337777946
0 3550578751
0 2195037754
0 4241163190
175 2090992646
0 3868503912
0 2682148246
0 528916586
0 1122913689
0 4047833551
176 2414903251
0 2638551360
0 624236518
0 1437307341
0 1983791566
0 3383995297
177 3768520439
0 2489127807
0 819554861
0 1588539156
0 1809120089
0 3953729987
178 2631768262
0 1372654749
0 1473624316
0 2311225647
0 2267377224
0 3456832611
179 1150621704
0 1848824925
0 2163689799
0 349842367
0 2337833057
0 2093694095
180 3705017292
0 2351148183
0 4006670531
0 2860169192
0 3186411562
0 2449779003
181 3380050500
0 3033083858
0 3346866844
0 33267309
0 3070376438
0 2376177897
182 3566649722
0 2585101793
0 537502458
0 2456849131
0 4197960866
0 4079695240
183 1233903657
0 1342484756
0 1663637237
0 3179580270
0 1980935847
0 3190382579
184 1211529244
0 2179738330
0 2508790711
0 1474080733
0 3943128326
0 2434221065
185 3958479342
0 4268129077
0 244999460
0 1433925931
0 2311134473
0 1427152411
186 1195657710
0 1664375348
0 1885274311
0 1521521155
0 3765751358
0 3719312138
187 2774801603
0 4161061318
0 182944423
0 8773071
0 949370587
0 1227380758
188 3172451139
0 749612803
0 2626077777
0 3489705185
0 3185299368
0 2642457280
189 2123556646
0 3876025877
0 2683990043
0 2749651531
0 3887516025
0 3880635018
190 2015089289
0 3674300545
0 2697943786
0 2468322283
0 1358896497
0 2557859356
191 292950538
0 870466594
0 354879257
0 2333714384
0 3371229437
0 1356234080
192 2581540721
0 2722736946
0 2287830474
0 1624956971
0 1302150465
0 3565486230
193 3423943124
0 1240323995
0 2711551252
0 2768625456
0 2783153405
0 2983951910
194 91328114
0 2595441879
0 3904442307
0 515204788
0 327349978
0 3865169696
195 800865897
0 1405790995
0 1307093343
0 2503254513
0 3708822987
0 1894313870
196 1760866410
0 3106077382
0 1620320819
0 368022695
0 1690110793
0 2906771122
197 1410531900
0 409644434
0 3639655489
0 847783919
0 257545046
0 2030665800
198 262187464
0 2154372602
0 2365463846
0 286702903
0 2684382294
0 879493171
199 1938929667
0 1479970595
0 3739597454
0 511356376
0 538667400
0 1528744410
200 2710946301
0 198916279
0 3541687601
0 1179920408
0 931624549
0 4151971335
201 1431054796
0 555950789
0 4263860730
0 3501403457
0 2458902817
0 2163999274
202 3010408474
0 1955555814
0 4115552783
0 314297501
0 4098658996
0 1157209554
203 620744324
0 917203815
0 3244508218
0 2763634204
0 1576731055
0 207385734
204 3375936745
0 1250088228
0 1755859142
0 2519534544
0 2333510391
0 224575497
205 912982743
0 3439590432
0 2525568030
0 3041370872
0 2930028823
0 123323479
206 3233211499
0 3402091569
0 535501446
0 2895693447
0 3357613027
0 1155823087
207 2938059723
0 1869055971
0 2291290448
0 735337617
0 1677582837
0 1550282212
208 3149782603
0 15392572
0 1782340
0 584722862
0 483059383
0 2393588372
209 84362840
0 2185110449
0 3949830603
0 2660828445
0 509027345
0 1371223343
210 3890111711
0 3691473604
0 2197506701
0 2343178727
0 3834764912
0 2293532976
211 2602596447
0 3447287118
0 756262566
0 3539535603
0 2283297262
0 2997308976
212 2249811802
0 4100572338
0 1142208653
0 793552444
0 1469382026
0 2126051234
213 2788729996
0 2635670367
0 1585353907
0 2566992498
0 1189150323
0 1926059724
214 946049121
0 4190044349
0 1514781334
0 4238646124
0 844683162
0 4092228936
215 418339867
0 2145256937
0 2332351254
0 3881759376
0 2571096843
0 4037305545
216 3360350039
0 2637939774
0 265038992
0 3039000245
0 1407122002
0 162414598
217 1530689410
0 3999209329
0 644056055
0 489960406
0 3278958742
0 3599396767
218 2384703823
0 2883619034
0 2099125719
0 1755078162
0 3786703945
0 856273868
219 3575144631
0 2704776404
0 2676568638
0 4169922551
0 456845262
0 1723859790
220 857748164
0 2390427781
0 1152426981
0 186402535
0 2312745307
0 564963808
221 738279972
0 2395256404
0 1184956618
0 2460013938
0 590910562
0 4200576521
222 2417459695
0 4096815711
0 1783306440
0 3266769810
0 2237513692
0 2467884068
223 1475471300
0 3771705406
0 987150471
0 2455702922
0 2453393471
0 2544134035
224 1286155471
0 1519472564
0 182803153
0 340319565
0 2270889899
0 3601651476
225 2082232817
0 2434212819
0 1218134243
0 1598524663
0 441785032
0 1908416308
226 3195234325
0 847547977
0 2581538494
0 4045999283
0 1513547913
0 3470118450
227 186761942
0 1199809001
0 1477505665
0 1436666215
0 484410452
0 3663095268
228 650081839
0 1981602005
0 698222392
0 2144652197
0 2091011966
0 3289836543
229 1216944367
0 2533076331
0 60238299
0 3893714566
0 701363176
0 2987208689
230 1792391044
0 1874656139
0 3207407059
0 4004839051
0 4271249024
0 2940299178
231 2765493931
0 1008748539
0 4289377939
0 3094619867
0 2327982921
0 1413606971
232 1308066725
0 2002754570
0 402840123
0 1221284372
0 1096659044
0 3566004995
233 1073146101
0 4058417479
0 3108543064
0 28066045
0 3928293475
0 1351493594
234 1824417947
0 3417224443
0 2305745150
0 456927381
0 3594859437
0 1872296522
235 1264001684
0 1937809324
0 421179087
0 1596963577
0 2328655163
0 2620472521
236 3881143711
0 1499411464
0 3515100949
0 2499200474
0 3568874398
0 3718952216
237 273223305
0 249674887
0 1759835425
0 176104788
0 1678193159
0 2900330339
238 4049870458
0 1313995897
0 3776306726
0 3295882907
0 734681125
0 3531405593
239 1336038845
0 923209036
0 2444792998
0 2141541689
0 961958087
0 3787969306
240 323191351
0 2578952752
0 3155479370
0 346527732
0 175629046
0 4069335793
241 184456469
0 2608417200
0 3331699843
0 2226398600
0 903306641
0 1621869588
242 1402354156
0 275660532
0 2351821113
0 2775638182
0 847084219
0 1391669479
243 4124114524
0 3992380772
0 3159666199
0 1736288739
0 2685813078
0 3738218744
244 3846005548
0 4137474853
0 1422448006
0 2307567032
0 868575704
0 2030966023
245 2727965517
0 2316147488
0 493705084
0 3191628617
0 2195364362
0 4179894485
246 2761518171
0 3622512251
0 1711264633
0 2203251347
0 238673321
0 1993782591
247 4115222043
0 1947136323
0 2155246799
0 3208729557
0 663043341
0 3397790804
248 2211533054
0 1123003283
0 498043786
0 1748975584
0 3652722422
0 1163144347
249 3341193720
0 901099318
0 260294409
0 647348347
0 3247437966
0 1238933714
250 3353904792
0 1127086339
0 4171114090
0 1647975551
0 3558078059
0 3624806173
251 4263237803
0 3799018915
0 3713071894
0 4025474621
0 2317433176
0 837195468
252 925933469
0 3762200303
0 1773961727
0 4001605404
0 1028557052
0 2133555159
253 3510569400
0 122736958
0 4069798015
0 970647419
0 1384332388
0 2160951684
254 1655634339
0 3212153656
0 2755280308
0 2592739207
0 3591101061
0 3751947327
255 3526696954
0 275637828
0 775445010
0 2623456952
0 86532403
0 1076112845
256 1734145349
0 928789463
0 3805308171
0 2267142069
0 2227569097
0 3944788977
257 428892016
0 1076797150
0 3975137268
0 689042819
0 3902211727
0 4097669290
258 932577201
0 1451943249
0 283546641
0 1909566187
0 1744852751
0 3584850773
259 3848314406
0 3333730742
0 2832567200
0 874525
0 944058217
0 1584615560
260 2472143565
0 724470819
0 2830589460
0 1769278687
0 1885948130
0 3881336964
261 2629814020
0 2668416916
0 1667603932
0 3201764289
0 736618151
0 3781823691
262 1918732401
0 3796815268
0 1926204423
0 3988564278
0 4248237276
0 358599590
263 1238994599
0 350778584
0 626969036
0 1929129773
0 3714049784
0 2956208611
264 326640417
0 2561794662
0 2681948819
0 3916547015
0 1867118448
0 3172698396
265 501886535
0 3736788718
0 3736923354
0 314127815
0 1726579052
0 2834374980
266 3260864442
0 2427252469
0 4214032209
0 1035790950
0 2125501879
0 3254184784
267 724567566
0 437346190
0 2264156482
0 3146891685
0 2402539396
0 1972421387
268 756050994
0 2798557411
0 2786287298
0 3399219495
0 1957155750
0 1171988193
269 2719731010
0 3358075674
0 964795706
0 1367864541
0 1398303201
0 4258284860
270 2766327038
0 3680182267
0 2365139836
0 1981543187
0 3775546491
0 1438921584
271 3557068506
0 1436899325
0 3117602406
0 3250185814
0 3988042572
0 2371462980
272 301807807
0 258569210
0 3790358756
0 3034387867
0 2403263305
0 1927156827
273 869176597
0 1308181336
0 2853451603
0 2160522871
0 3769080807
0 2814855599
274 2088855651
0 2867673183
0 285826360
0 1938706959
0 2241989373
0 3576425518
275 4290665567
0 924154663
0 1976220072
0 770895068
0 3103650590
0 2819048393
276 3347188699
0 268840006
0 3015053749
0 3869089235
0 4059277372
0 3286919403
277 614247977
0 565545510
0 1695981525
0 417012874
0 238226820
0 1467497885
278 631112670
0 3586006615
0 1157281427
0 2839258612
0 3936302883
0 1739499868
279 728813193
0 3850788957
0 1239975959
0 3044536356
0 464462880
0 502815400
280 2327409507
0 3079506216
0 2583209609
0 3348807202
0 363538903
0 3578763197
281 14599753
0 1592063041
0 1545942172
0 2515787987
0 3198402073
0 2489716968
282 1805447361
0 389347539
0 489186410
0 281392221
0 1667702053
0 2214495523
283 873443323
0 3159673569
0 356187668
0 2696551980
0 3378502740
0 4207831096
284 1098574122
0 1441807678
0 1981485675
0 221582726
0 748411913
0 1191731975
285 3323244601
0 3958525521
0 804815738
0 1875370927
0 420699100
0 1720204163
286 1116619903
0 2774639539
0 3105477118
0 2042527485
0 3571792819
0 1708838660
287 2162451725
0 2447057644
0 3909967701
0 1827824657
0 4246837728
0 1912233771
288 2540152694
0 885147027
0 3520526241
0 2054485753
0 3160640338
0 322868970
289 3073022358
0 1181847096
0 2954977
0 1914334604
0 1425326391
0 1305817894
290 2049984346
0 4212488380
0 1554455597
0 834377779
0 3365500631
0 1887720353
291 2539537496
0 1046145586
0 1914510496
0 2096393750
0 1116483087
0 2751695222
292 954158022
0 1593708598
0 1808549865
0 4130394343
0 2105933888
0 3433363301
293 1802844641
0 722074697
0 756205630
0 2822777695
0 1568526045
0 786020696
294 510017987
0 2840235814
0 3745050156
0 596338131
0 79955585
0 443427468
295 2607356217
0 531005706
0 3012069566
0 2683382339
0 351785474
0 28073007
296 1231143511
0 1602807605
0 935094642
0 846946085
0 3626888046
0 4257923799
297 873437766
0 2205525790
0 2190244976
0 519784287
0 369441126
0 614181089
298 455421783
0 890984308
0 2652882183
0 12713941
0 2849196398
0 2627089104
299 1900239406
0 2951166196
0 1004227353
0 2876963161
0 510101979
0 4028688041
300 3735989145
0 2289829130
0 785505775
0 4163212174
0 1535241236
0 1059324366
301 3339627148
0 2192787276
0 3708360386
0 2780974333
0 3793286018
0 2103090343
302 4194444721
0 3122168181
0 1138358131
0 1824114578
0 1859912933
0 3976341266
303 1658628926
0 1184027614
0 658703557
0 400154934
0 1402056610
0 1445326543
304 2722126399
0 4099967073
0 1085702965
0 4234466225
0 434134509
0 3532301107
305 311668314
0 482426884
0 1808951842
0 2062159406
0 3329641099
0 1178134336
306 1145006851
0 702033600
0 981995505
0 3040348609
0 19539913
0 2298816959
307 2361357515
0 1819385549
0 2493252657
0 3166757386
0 2327653412
0 1419454176
308 2311884334
0 320214376
0 1057577196
0 998169
0 590666745
0 1909049120
309 3214766666
0 3689870926
0 398884528
0 1820322687
0 2386009789
0 3452816793
310 3901532093
0 915074342
0 3441762181
0 3162770950
0 3231742774
0 1529249549
311 1583644461
0 1205734686
0 975436505
0 809878916
0 2700818538
0 875280098
312 1670160233
0 361530237
0 1640376456
0 2478742020
0 1692213859
0 1194746962
313 513580439
0 2006990198
0 502094411
0 2919135338
0 2825940368
0 2395437764
314 3145279746
0 3722892157
0 375085389
0 1781218642
0 615641641
0 3834333214
315 3136948605
0 2691190878
0 1874816140
0 3449432080
0 1134543292
0 1142694302
316 1677065426
0 533498716
0 4280147431
0 2964842297
0 4173603739
0 3478288499
317 2696475159
0 3074626562
0 1965751742
0 2888816827
0 1305568708
0 2119085559
318 3827953141
0 608903144
0 2003006976
0 3574688985
0 1906275905
0 4116339425
319 4274999256
0 3953452249
0 727603994
0 3132761450
0 633153856
0 2151386927
320 2151000870
0 1624587422
0 1685980872
0 107185523
0 3571849924
0 3240438995
321 2022555363
0 2176267496
0 4018093832
0 1032590646
0 3774418990
0 3112551408
322 299547663
0 1844370544
0 1664940030
0 2173087162
0 575912642
0 3996001373
323 1491827044
0 1439290279
0 1095567819
0 2918720760
0 2898773501
0 289135475
324 785411846
0 3237099545
0 3417103398
0 3124058221
0 578318780
0 969985402
325 3321193713
0 4091540101
0 3887956002
0 2491101822
0 1615119014
0 1470325950
326 1065312538
0 2367281271
0 1523140823
0 1409556261
0 3790051577
0 2136029547
327 2086185114
0 3908689417
0 333798295
0 4126352050
0 1564974977
0 1538270164
328 825270418
0 2205740663
0 832508927
0 1674341487
0 1317285206
0 836045464
329 3699115229
0 3823663540
0 2800209776
0 1177146294
0 3350024793
0 3697787429
330 2610454351
0 445843343
0 2394972470
0 1264539815
0 2531786882
0 3745945349
331 3568476251
0 1717255497
0 2713587913
0 1537518203
0 632639763
0 1214022480
332 459405804
0 1098615709
0 4056242277
0 3807648674
0 2658717217
0 4280417993
333 1313354439
0 325812658
0 16988335
0 1167699027
0 126217798
0 1191617895
334 3678804230
0 26812638
0 318052098
0 2210197518
0 364693533
0 3956023831
335 1786148452
0 4053724751
0 2383099247
0 181505938
0 3462778615
0 4276468298
336 1515042396
0 2081782699
0 4272837608
0 3007308461
0 2931506278
0 3839825730
337 1532111584
0 162094986
0 3185665130
0 1555119889
0 3087527293
0 1951182031
338 120277924
0 3116169197
0 371798946
0 1976258620
0 614213636
0 828838207
339 2678647610
0 608784524
0 2136385703
0 2105659590
0 2235838702
0 835470060
340 1500182834
0 621274349
0 211612412
0 1416400302
0 555749181
0 2303499520
341 2028342889
0 316457385
0 727742247
0 2029703408
0 1134941759
0 3042073844
342 1355674727
0 3460411420
0 3675742901
0 2415974069
0 515910732
0 4165308697
343 4119653528
0 3282155047
0 3418557361
0 1675370148
0 3514065968
0 3723533065
344 784133603
0 2495758476
0 765918511
0 3012711725
0 4009700058
0 2682544276
345 3498813166
0 2851288516
0 3713931210
0 1910917153
0 3034779102
0 4241284946
346 2229675347
0 3065003198
0 2655306958
0 950263588
0 3734671749
0 1529965556
347 3381690438
0 323982214
0 3282778437
0 4165767558
0 1678730482
0 422989145
348 213578835
0 1267923733
0 56844032
0 3168945786
0 684855441
0 3205017583
349 1999735331
0 1959774566
0 1430527700
0 554689088
0 1592274975
0 859088758
350 2239418836
0 3984200843
0 2548728067
0 963619439
0 20837410
0 2338268311
351 2173785428
0 673123407
0 3825458288
0 2331364667
0 2433727800
0 2094455001
352 3736485459
0 4188508140
0 3698877275
0 2241142558
0 376489671
0 2535572295
353 2601617787
0 3439381380
0 592665800
0 817519553
0 2379067642
0 3244791097
354 2775166936
0 3101669959
0 3209292364
0 52021275
0 1540220441
0 696559624
355 3152343163
0 1875082410
0 3804436544
0 2861039104
0 4275483384
0 2932458068
356 1509298486
0 3811586224
0 3104830998
0 2659130731
0 1949876116
0 237347307
357 533501978
0 3046166704
0 2064185939
0 214056299
0 1180341534
0 2298427395
358 1457607576
0 2730545535
0 3851755786
0 1125911764
0 3748382140
0 2183383150
359 1536418404
0 982148858
0 2157285477
0 2313886954
0 729303947
0 2880208313
360 284052368
0 1991763975
0 1412879815
0 263482078
0 1873682451
0 3016558693
361 2749782788
0 2201483096
0 2867011147
0 1939534551
0 1779263374
0 2147333600
362 3913187131
0 1224962173
0 102710761
0 2686070576
0 2387282167
0 4231642048
363 2332594309
0 329885591
0 3618477192
0 4057099190
0 86487999
0 4270090110
364 2968378970
0 2138509018
0 932093505
0 1213215201
0 993427495
0 882019508
365 1544555950
0 3079570351
0 2700392688
0 3503087113
0 4174902793
0 3844910004
366 1846310329
0 268439846
0 472644662
0 1796696839
0 1690297166
0 1543515130
367 2171163882
0 809473314
0 944437984
0 802901377
0 971062032
0 2012928735
368 2161602166
0 2221333003
0 3425504513
0 785713017
0 1469493406
0 932820976
369 48184631
0 4051723047
0 1437825827
0 132263033
0 247498741
0 4283667006
370 4264541393
0 625312998
0 176770974
0 3094818317
0 2268540273
0 1389834479
371 3706778991
0 2267682322
0 3138062926
0 2874612729
0 1235615572
0 1023863338
372 388387349
0 2846209870
0 2964296054
0 2371073509
0 822438411
0 3090623712
373 2347600802
0 2994741614
0 1894472336
0 701119065
0 2782041908
0 3386996190
374 805529740
0 2968839173
0 3551586596
0 3080210967
0 2693915350
0 3987040530
375 1410104588
0 3337733377
0 731709133
0 2864600287
0 2377375211
0 1385896629
376 1947430930
0 648246093
0 2523250010
0 4050476323
0 3610830724
0 910358447
377 3546828750
0 3301509226
0 1736568413
0 3108606592
0 3216502072
0 3254667795
378 736768393
0 3638044424
0 221128990
0 2376517554
0 2259670604
0 3035408061
379 1239456451
0 846611309
0 4278041159
0 2520206271
0 619820228
0 453611730
380 4207511464
0 3419171232
0 3314096394
0 4097841908
0 2158092939
0 1759436012
381 726089973
0 2105140642
0 85199752
0 3735533753
0 3023145012
0 3746826083
382 2646027324
0 4294895636
0 3285414224
0 1793494160
0 1907707712
0 1251887326
383 3198952864
0 3918434770
0 4077536553
0 3796860357
0 2529054360
0 2737155833
384 2935011673
0 1925765921
0 958921830
0 2301375171
0 746924207
0 430142773
385 1615925091
0 313263080
0 2516452244
0 715585951
0 2899264818
0 3709067920
386 597650281
0 1655673579
0 2946767205
0 1289460962
0 359762870
0 3891306300
387 4154515501
0 841764552
0 4242930481
0 2496292099
0 1226369169
0 430051537
388 73402973
0 3040952026
0 226352061
0 3503810544
0 3625897024
0 4265414055
389 2022727906
0 1996953097
0 2628275626
0 710439023
0 1304723587
0 1674765421
390 1374668006
0 3735112477
0 3232276602
0 363644818
0 2424815516
0 2570382925
391 1191991551
0 3438643386
0 848143523
0 3067522524
0 1783934094
0 1921314488
392 354281901
0 1321100458
0 2330707222
0 2069734193
0 3715094835
0 2902018590
393 3288511283
0 1227812248
0 1496582147
0 607095887
0 4167922070
0 2048188510
394 4157010626
0 663965973
0 1817539079
0 1213531745
0 1059524090
0 3943447162
395 2429695085
0 594751271
0 1714189184
0 3703213454
0 2335490351
0 2239283266
396 1007919668
0 3373948061
0 1431364486
0 1232395653
0 4269587206
0 1815786553
397 3982650129
0 1065373529
0 4106206149
0 3435575915
0 2525189003
0 2522761093
398 2254526402
0 4177997680
0 3455826311
0 666047265
0 1978131401
0 1495051734
399 3894007990
0 3330019301
0 2781543375
0 3804792734
0 3107460950
0 3704733988
400 2364494728
0 3901385645
0 291526933
0 1558011068
0 1170341426
0 1000586323
401 2435034787
0 3945509392
0 537228718
0 891227680
0 2954706906
0 2443883830
402 1970788704
0 4089847365
0 2525274790
0 1866989602
0 4043206488
0 58412482
403 4282078536
0 1100192628
0 131095096
0 732639532
0 137234657
0 4149366219
404 523216370
0 1912679337
0 1859845763
0 3612565432
0 1652971356
0 76686080
405 2899059885
0 3561130883
0 4004321542
0 2651042678
0 811737168
0 219907924
406 1321873506
0 2869568544
0 3341909700
0 1105363169
0 3868462249
0 3251603243
407 1313636666
0 2369843144
0 3696136058
0 206213538
0 1555781479
0 546754137
408 1484833074
0 4197966441
0 3047304882
0 361155664
0 675376957
0 991414944
409 3808171036
0 1917777647
0 2932797513
0 2635120091
0 190312979
0 1538697268
410 2443557706
0 3410611493
0 1838873986
0 1070243457
0 1695140438
0 551800207
411 3750079601
0 885823599
0 941723875
0 166437020
0 4249654546
0 2000611765
412 3971669756
0 347994613
0 2504779368
0 4022299810
0 3098176640
0 1389420234
413 2201795023
0 3475303830
0 2797967928
0 1169849070
0 3355887401
0 1189650244
414 261911953
0 4151406479
0 500997173
0 1096940267
0 3295743151
0 1798929036
415 2696133385
0 691405763
0 3579798579
0 1692173275
0 4259672766
0 2129843575
416 1090555863
0 3931996674
0 1083408336
0 1076932431
0 3330407640
0 3043220079
417 1855465085
0 661293101
0 2883091522
0 1156648282
0 2175369037
0 3331401485
418 3657619854
0 2691572518
0 3399162852
0 2293018700
0 2366289540
0 4000690397
419 3415472729
0 1506419597
0 1666664898
0 585961874
0 3467623990
0 921173778
420 1466564391
0 1538747385
0 2895036906
0 411935890
0 1618526661
0 4173148918
421 2898006400
0 181212727
0 2409332109
0 929219451
0 1500551743
0 917210800
422 1679060676
0 1749590627
0 2305468330
0 742658357
0 3724621380
0 666119355
423 1033053909
0 3198747604
0 3161083509
0 1535980495
0 4027137050
0 1750774431
424 4026081381
0 2371707196
0 1153529492
0 2899421132
0 2551432961
0 1700620849
425 70519055
0 4078253672
0 3030275081
0 4259972228
0 147290892
0 3959369821
426 1645075218
0 3047073626
0 1484341637
0 2834210192
0 2207732667
0 2941345920
427 1274478285
0 601945217
0 3734352168
0 728230269
0 3771199466
0 627353929
428 263100798
0 987112861
0 3850002758
0 477114762
0 3245394259
0 1839304091
429 977957280
0 222513028
0 699028472
0 683649096
0 1568401420
0 1186378907
430 1598840626
0 2320480017
0 3733350171
0 1311955676
0 1352972290
0 3755505496
431 1201227277
0 2838550452
0 3386815350
0 4174724211
0 3662535566
0 2311428011
432 3382368914
0 2052582822
0 944992443
0 4039271357
0 2952166258
0 545464102
433 2370911295
0 416565121
0 2347606482
0 2880747718
0 3106100477
0 2708878335
434 3393011978
0 375656218
0 3775311278
0 2459748334
0 171780637
0 1340237511
435 4061029870
0 356980279
0 719670219
0 2154770940
0 2817352892
0 3205091092
436 1876425109
0 2521613862
0 3160829048
0 3359577378
0 2801832420
0 861931178
437 2817497299
0 1130615671
0 3201500692
0 281506946
0 951579697
0 604300179
438 2763480637
0 944726174
0 38384271
0 928616796
0 912580211
0 856475241
439 1969707489
0 2951616237
0 1818102369
0 2208100955
0 3478346892
0 2029716610
440 598688726
0 3188617048
0 3083311820
0 24272326
0 1130811625
0 3117166365
441 1648947995
0 2868237961
0 2488561815
0 4156047649
0 141283469
0 804220167
442 3907514680
0 1950577787
0 1668915987
0 2135032253
0 1544339537
0 875786327
443 694240802
0 1905824050
0 2530998040
0 1478638247
0 3126855533
0 3464796567
444 1460179144
0 546169606
0 3273620034
0 3747781017
0 2270942839
0 2261835234
445 835879029
0 3222810085
0 3538960639
0 923736294
0 3311937963
0 1832584796
446 882751391
0 2011033269
0 374657535
0 906147174
0 3040101305
0 826230651
447 986551389
0 922413911
0 2384431294
0 2700827914
0 3496494768
0 938530668
448 887975141
0 1227984133
0 4219923739
0 2624159972
0 659902454
0 1654034820
449 2279944692
0 4274546372
0 1219577161
0 1575921506
0 4069819462
0 4269194752
450 2305368838
0 3899109753
0 2901250424
0 1048651251
0 3633285628
0 1795773898
451 3600363099
0 786499277
0 3345373272
0 894171428
0 1870563562
0 3516909288
452 2249002568
0 466816007
0 2376646955
0 1090142031
0 592652078
0 4087996144
453 411306461
0 1261290584
0 30712777
0 274190910
0 3371718792
0 894063153
454 2645701192
0 1869794399
0 2400891109
0 1310701243
0 1776697353
0 3044344939
455 3091169461
0 1385517958
0 346067237
0 775584363
0 1792973110
0 1484024009
456 3409854417
0 993870617
0 2782430291
0 2371305935
0 1093339163
0 4198130773
457 29535792
0 1447493536
0 3730470740
0 1670000071
0 1214360783
0 4102654952
458 696628431
0 71660405
0 538042062
0 389927765
0 391076801
0 3691988325
459 1511960846
0 1416202409
0 4204847082
0 492717848
0 156347048
0 1639642701
460 336739998
0 1443442650
0 2663468874
0 2372255580
0 4041577700
0 703353540
461 2368573624
0 1081090708
0 2072952432
0 3403346253
0 2998828922
0 891936342
462 2185448950
0 1557271135
0 291785009
0 3895704537
0 162019692
0 1719342631
463 1782363589
0 2309599472
0 4091588387
0 3600425175
0 259239410
0 3618660825
464 1064954210
0 1532166289
0 3271739427
0 136882528
0 1613261479
0 1029353121
465 926959176
0 729373852
0 684993209
0 2838065647
0 2234193776
0 2195097529
466 3464116098
0 409099383
0 3203419916
0 471722512
0 3450672833
0 697489497
467 2892483188
0 2334197506
0 2964020266
0 4232658
0 3783489083
0 3354206645
468 1071029132
0 4021409647
0 568394606
0 2482328208
0 289218239
0 2628172197
469 2081128349
0 986634182
0 1805719232
0 3443176597
0 1750160822
0 2944529268
470 4075056250
0 1459358486
0 2267701527
0 2154231615
0 4138264623
0 160010491
471 3436206696
0 716014671
0 3796833408
0 630325411
0 1180434639
0 4002488497
472 183736736
0 2423716442
0 1914908274
0 3059397198
0 1533795270
0 3997560902
473 1578055379
0 3365432147
0 3484957558
0 1395581910
0 1651966028
0 3810453717
474 909097964
0 2824920022
0 2996395905
0 215842874
0 1567944979
0 1440972427
475 3627949067
0 3156890258
0 160184846
0 1037673263
0 2874279086
0 3648826521
476 205450001
0 1794677945
0 3616117170
0 1269497311
0 4056298263
0 1702870051
477 1021542016
0 1226294807
0 2787383301
0 571676237
0 211102324
0 2613369972
478 1906936624
0 3292849054
0 3754874283
0 2532837024
0 70010543
0 205622087
479 3146555600
0 4193597115
0 2555687282
0 4065379863
0 872329444
0 2822826934
480 3879471115
0 2339228585
0 2569247761
0 2425684994
0 3139028486
0 2234662960
481 1085438738
0 1224192108
0 2699459498
0 1300637881
0 71696200
0 3896732055
482 3618539877
0 3756970967
0 3962161656
0 568107726
0 2911288918
0 2903776243
483 3988595424
0 3914563680
0 4211520731
0 1321268413
0 1033451415
0 2300434064
484 1681853106
0 12662000
0 3903406216
0 1933515548
0 28005348
0 3086448007
485 1183665439
0 1189364461
0 1841678067
0 1198997719
0 3585622523
0 777736489
486 322361668
0 1279218202
0 63444624
0 12797488
0 519496882
0 3065847016
487 4087497601
0 2736459511
0 1194928145
0 3522522864
0 1575596896
0 3835850368
488 2351500357
0 3259359346
0 3558511117
0 3679154353
0 72680108
0 2384126956
489 587366130
0 1781370476
0 3991254097
0 2009630885
0 1327405028
0 4227622907
490 824005423
0 1855553959
0 1623133818
0 1206046667
0 2945905603
0 117544218
491 1932319802
0 2745565156
0 2003184100
0 259692929
0 3221138287
0 3809673765
492 3594641152
0 2547086643
0 1555732596
0 1783360207
0 2260123440
0 499033952
493 3459131098
0 25059327
0 2669274841
0 48338882
0 859824586
0 2071978832
494 280117321
0 2635948403
0 601160012
0 1711763779
0 465457441
0 1977393427
495 4120070475
0 219584551
0 426619708
0 1366319383
0 1049367025
0 857007755
496 526278305
0 3460117301
0 744296271
0 2346260320
0 2998924558
0 37635523
497 1505006390
0 4166206142
0 4190453940
0 533991132
0 3336049026
0 1068554654
498 3987485948
0 2040259906
0 926439737
0 1319745949
0 370164566
0 1758116390
499 999336307
0 219854005
0 1938335093
0 406598033
0 430892110
0 3036567839
500 3429396551
0 2195409173
0 2029058226
0 813518180
0 2193285085
0 3535084881
501 1058953268
0 2094534446
0 4062497810
0 4261827244
0 1378106140
0 656389175
502 1485213937
0 759203414
0 3422892082
0 2859665658
0 37120188
0 3485875982
503 3247948999
0 1007654709
0 867683005
0 588032430
0 1865124698
0 2803251112
504 3665608710
0 4203155608
0 3917429022
0 3630240475
0 1242152716
0 647633010
505 2573928819
0 2272749406
0 292504332
0 1732728358
0 4257311063
0 3636401459
506 1069594640
0 3307748534
0 2424408888
0 3232906728
0 3296677034
0 1149468836
507 4220244980
0 1763483075
0 4142376259
0 4103965078
0 1517648644
0 2956438520
508 218659204
0 1556053863
0 775800396
0 4073445555
0 3249233441
0 3302690701
509 3348648890
0 2286846667
0 1584676235
0 2440898474
0 1810354549
0 2853557371
510 2789655248
0 864145010
0 2415555599
0 559519099
0 3565930085
0 3003045084
511 1327198275
0 1568088957
0 1277335069
0 210423935
0 3560680444
0 3434827623
512 3639780673
0 366471149
0 2461217639
0 263820698
0 4290917737
0 4106974693
513 2549232091
0 1295073762
0 72553493
0 2492957763
0 2374487603
0 2846989374
514 965474945
0 2963900453
0 841277198
0 1698709928
0 3510447492
0 1978635516
515 2022708605
0 2313621759
0 2592479622
0 1094490509
0 2028317147
0 1377840818
516 2055787130
0 431834257
0 1371956232
0 1649102983
0 2744906016
0 1908480888
517 2668104884
0 889791522
0 3019752122
0 423185770
0 3320150903
0 2381189408
518 473072684
0 1068673618
0 2471252181
0 3153661445
0 1738190815
0 2783521662
519 2154106439
0 4275004042
0 2664877122
0 3222895081
0 494664665
0 2882708844
520 2086673949
0 4121963407
0 281864802
0 4043536957
0 1815337738
0 1579675621
521 2577933380
0 3228433550
0 3713451319
0 1711791891
0 1243656196
0 1094906405
522 1941652129
0 2343446819
0 1054994739
0 617530966
0 401766908
0 387648348
523 2887501506
0 4270662107
0 1234361563
0 2040440716
0 2046287369
0 4276344600
524 1990487761
0 1553212358
0 3008223183
0 4204587679
0 3871886589
0 3535584075
525 1966295114
0 3337217710
0 2573732203
0 2831864470
0 4140811635
0 1740795496
526 1164523806
0 1027734309
0 560668093
0 785038731
0 893597107
0 1327552052
527 2160842050
0 4169281311
0 257131565
0 669613246
0 337358084
0 2288015360
528 140362896
0 89945791
0 167809212
0 1917685300
0 3167617287
0 1618749853
529 3757018325
0 3567550482
0 1223421860
0 483220124
0 3311977626
0 2599669391
530 3192084999
0 3201469580
0 3352314407
0 3296789155
0 825805978
0 1230765257
531 3380151148
0 3329484536
0 3014920870
0 2674682972
0 2505650259
0 3835839527
532 2228973231
0 801933211
0 3112093307
0 4166780730
0 1538227898
0 1534159856
533 3444764410
0 1282061598
0 2654035286
0 436285704
0 3323122288
0 690609713
534 4142783811
0 2992565917
0 655844945
0 1331661534
0 2291600874
0 1538973541
535 346092848
0 1201735262
0 485011638
0 105557351
0 2646110041
0 1082584330
536 1680186154
0 624675682
0 1763756611
0 2861629923
0 1228425362
0 637989440
537 453060933
0 3317624960
0 2613000176
0 244810064
0 2049636500
0 3862301698
538 3793497953
0 1860388014
0 1376481378
0 3166513931
0 2627106417
0 612162856
539 3884382364
0 1179638112
0 4144445702
0 1741853670
0 3610536954
0 2524363201
540 119509278
0 4006626788
0 1398988172
0 3993674921
0 2553575566
0 1590317162
541 2245365116
0 2889864971
0 1053230851
0 301101783
0 3010359124
0 4092882748
542 1830638269
0 2381144139
0 870086254
0 2000872118
0 350965005
0 2315917568
543 3036562743
0 2216174296
0 3212841633
0 2179799754
0 2579278386
0 2019942185
544 493657850
0 1222773603
0 4031006089
0 1255686385
0 3665140558
0 3599392660
545 2174360992
0 1412992912
0 2937703710
0 1859614631
0 1199117015
0 3115071916
546 4166026854
0 2935349930
0 904713483
0 657894548
0 3681191188
0 1888706689
547 2175828489
0 4274303000
0 3171295349
0 621002119
0 2846949362
0 3428783475
548 3420634071
0 3779777246
0 2710658076
0 3718694301
0 1388095799
0 2107868153
549 3874837292
0 621458712
0 2257605802
0 1417129566
0 522638648
0 1419229214
550 3382335454
0 2356493908
0 1691501905
0 3818306881
0 2302594776
0 247048774
551 3079711980
0 1673883236
0 3849669123
0 3993258006
0 2714006627
0 2507815403
552 696815621
0 1161767125
0 2222312479
0 3513296137
0 678690158
0 2737093032
553 2445349286
0 3369656814
0 3432454678
0 2879862142
0 1229572927
0 3321088637
554 3282560419
0 3212146328
0 2069911883
0 1578082645
0 27127342
0 3568058058
555 1976073698
0 3390831447
0 665257164
0 691727691
0 1921282925
0 4052229265
556 130441904
0 3514213355
0 1476423620
0 2419800344
0 188623844
0 3354857689
557 522374891
0 3480531939
0 3965245891
0 2046051169
0 2598111940
0 3259374410
558 544718234
0 3779650230
0 984300142
0 1490592829
0 574127455
0 2054383246
559 1159570594
0 29587081
0 1076272103
0 3416734540
0 2582927745
0 3601466412
560 1684870916
0 1487709299
0 1641054325
0 63342367
0 3893430051
0 2218564414
561 3512290783
0 1732335610
0 3344617505
0 3650173399
0 1396627223
0 3081796714
562 2627816855
0 579801026
0 2667005109
0 862606896
0 254962070
0 3461236456
563 1766932402
0 3139441667
0 3076130129
0 993519611
0 3177359727
0 3135430742
564 1712899372
0 2206315905
0 2798667383
0 3421831033
0 3728211368
0 913914126
565 1853046169
0 1606890143
0 4146781395
0 4086861112
0 1261767047
0 603696863
566 3520622331
0 1818916415
0 1170742195
0 2046275267
0 3622504501
0 2757626396
567 2658416987
0 1938270933
0 1333919920
0 1005027384
0 4076429135
0 2845298255
568 3514093912
0 524138069
0 2607108227
0 2081620737
0 598504642
0 3575317547
569 2238071573
0 2010256166
0 3112805755
0 2572897188
0 3354303231
0 2220097329
570 4146352241
0 674353389
0 1317976419
0 2181762559
0 1444365508
0 586412557
571 768340192
0 2906863609
0 2481062537
0 3779560420
0 3829946707
0 1000247572
572 1409358862
0 874750084
0 957113894
0 1680202942
0 223145635
0 741129401
573 1062236372
0 1970363179
0 4228947345
0 2122505384
0 3605879066
0 4037659941
574 2670969125
0 1173083427
0 3271826348
0 1862796880
0 3543580422
0 2045173814
575 3851292636
0 1738793789
0 1621853778
0 265236141
0 2237277294
0 1141714987
576 2040593149
0 2612921193
0 1009271432
0 1002395579
0 1999816974
0 452927358
577 3308708658
0 4276753184
0 259621658
0 1218860918
0 121505890
0 2950186383
578 3121621718
0 1806689777
0 2277058831
0 3032804731
0 1643578638
0 20192957
579 640429954
0 373807201
0 3130255040
0 3632399118
0 3328923474
0 3727653275
580 3575189100
0 3960987963
0 2591470711
0 250466348
0 3483993590
0 1299404240
581 954072883
0 241017841
0 3622078424
0 3818985571
0 552888453
0 1051972588
582 52293894
0 50676449
0 1338781450
0 727154728
0 252439774
0 3526753249
583 3690960959
0 2436921738
0 3133836224
0 2424176482
0 4140581811
0 4133408634
584 2666031789
0 4199995481
0 2353001424
0 946464992
0 2382013972
0 1975724941
585 3261639972
0 1930941537
0 3649588119
0 367615134
0 1476924894
0 1712115741
586 3424178220
0 2619907691
0 3842003033
0 3306723421
0 3625866028
0 4187904891
587 2763379569
0 1412603679
0 2331629475
0 1339022050
0 1145443578
0 2616763432
588 628083805
0 1625265904
0 509064381
0 419906383
0 1911236790
0 1236105861
589 458386383
0 2301839450
0 1609457038
0 3421604865
0 3959540238
0 2943967339
590 427389285
0 4039763816
0 1543150103
0 1383763192
0 3519693658
0 1378148891
591 1156391386
0 1116129705
0 2337177083
0 949145084
0 1163939450
0 974246581
592 1814706901
0 2725678445
0 2882044792
0 1355555837
0 3237939627
0 2816501229
593 1889118860
0 2108246519
0 1757645381
0 1474723683
0 681068228
0 924507040
594 3456023577
0 2393181527
0 1395306739
0 2952990195
0 3517829267
0 779734366
595 1543073487
0 2237424770
0 1664445109
0 735513703
0 2618492834
0 2376623380
596 3474688263
0 194257344
0 3047015618
0 1570703345
0 2115065849
0 2434148080
597 767061798
0 695569375
0 2633231860
0 1229705212
0 95150651
0 1702588590
598 1556755498
0 3189972573
0 571344812
0 3484729729
0 2664242472
0 351648737
599 1510710547
0 2061864628
0 963226035
0 2076407788
0 3651619428
0 1999880276
600 1165960661
0 3239644186
0 2428971944
0 895224572
0 1215712542
0 3811712887
601 1024474195
0 2617378404
0 1920515846
0 1360914358
0 2693264691
0 135992711
602 3964489993
0 194799563
0 2194284752
0 3191165878
0 3940619951
0 3490686468
603 4161062340
0 2099524293
0 3087488984
0 3850401561
0 1267869070
0 465070647
604 201607669
0 2773224457
0 2370922495
0 1442798552
0 1825402986
0 3931797463
605 2893764330
0 776408250
0 3735585049
0 1701827042
0 3661799161
0 3315223452
606 889728580
0 887776354
0 852387505
0 438156574
0 2613551918
0 2613045452
607 4055776152
0 2966684119
0 501010642
0 3065047932
0 1869333545
0 3906752836
608 3665451745
0 906391085
0 890363068
0 1063653172
0 639559490
0 4022907407
609 2383225021
0 2106389858
0 1375699050
0 69722304
0 622773951
0 4270663765
610 3562091706
0 1020418421
0 3709135133
0 1936255367
0 2423451551
0 273458960
611 2931557361
0 525526859
0 19152540
0 3699934947
0 3431465937
0 2010753721
612 3543243699
0 285457212
0 1956003461
0 2587519349
0 2958442824
0 1941344232
613 3558782049
0 1783803137
0 3589363506
0 3379163213
0 3525754507
0 1645269333
614 956184633
0 3141246027
0 1090379496
0 3092166676
0 1386157390
0 718460700
615 2341208607
0 596761616
0 3123529975
0 3038374650
0 2325043810
0 3765319393
616 2478307685
0 2039463452
0 678151486
0 3233519392
0 1753849125
0 3873392905
617 3905945824
0 3591682433
0 1925196234
0 1588597396
0 2835875674
0 2019987752
618 3003967442
0 545151449
0 861784885
0 2589315568
0 1452931947
0 4103302327
619 3855990765
0 2109905582
0 3671666284
0 670306318
0 724061482
0 2136204766
620 164126959
0 449031945
0 2958203750
0 3722622793
0 972543877
0 1550219866
621 1695378110
0 587466277
0 1959311481
0 2002401248
0 2889455416
0 1264975481
622 679667152
0 833706988
0 2204306503
0 269877113
0 3836313559
0 1910078641
623 1796572116
0 2651378004
0 2920325322
0 186825897
0 338160371
0 1807685595
624 2731309835
0 3547141640
0 1385178536
0 1150354687
0 2343928134
0 325929789
625 2482191281
0 3585721182
0 1263110359
0 362093822
0 3607978301
0 2603703935
626 624491464
0 3331901570
0 3966443925
0 3670091748
0 1307140952
0 3804612411
627 2207996429
0 859582730
0 1451625531
0 1714538470
0 4202527857
0 2658819589
628 4083075036
0 1537886590
0 3193823108
0 1956714875
0 154122927
0 2711160372
629 3842402964
0 2268253124
0 4018281965
0 1340245830
0 1234847379
0 93551044
630 314717460
0 1856444341
0 956807761
0 590560345
0 18583263
0 587209200
631 2454190046
0 1924772357
0 2562746837
0 557706957
0 2657087873
0 90609633
632 2131837839
0 2782422970
0 1820843809
0 992820621
0 1151759427
0 182170896
633 3740466138
0 2702053462
0 1838255282
0 1367421894
0 3752151216
0 3041305969
634 2261135629
0 2021142379
0 1498135993
0 3140599571
0 2681919510
0 845686058
635 639333171
0 1107734711
0 3223966778
0 2595225784
0 1506169706
0 2163215356
636 936006020
0 3604655609
0 1429270711
0 2462021456
0 818480550
0 3083455294
637 467506346
0 2252304988
0 4103205524
0 213424937
0 4268816991
0 251717061
638 2327558653
0 2421293239
0 2423917122
0 144460586
0 2148269118
0 4258372494
639 2618391914
0 1450665442
0 1125509557
0 4125907030
0 376219192
0 2957988785
640 1128848183
0 3703492297
0 2873762848
0 2509581828
0 2431047365
0 3459832982
641 1194268839
0 3576280354
0 2416503162
0 2123626267
0 3690420018
0 3705315029
642 2384829555
0 1962266371
0 798937782
0 3956716531
0 972227939
0 437160576
643 3212109758
0 3060933425
0 3692406011
0 4082498786
0 978724520
0 2239336840
644 3707924371
0 3810518099
0 1070800406
0 4067423276
0 1243571986
0 2837005467
645 2508287442
0 3983464365
0 2021647564
0 1601960843
0 2182095181
0 2686644667
646 2346375363
0 2544305968
0 63213018
0 316718719
0 164817902
0 4293180431
647 2473691583
0 1244927191
0 1531098492
0 297900111
0 805150372
0 4070027376
648 3114578649
0 4027675074
0 3663709910
0 4167859842
0 4285873965
0 3295210388
649 3433358579
0 579746625
0 627341022
0 804907878
0 2363905062
0 2616909650
650 3965945170
0 1918163355
0 1675010997
0 1766011247
0 1839474492
0 407201040
651 4194516844
0 1598611588
0 446799916
0 2021235327
0 238078837
0 2180048216
652 1366743232
0 3249420164
0 3920451573
0 3206602643
0 1631598927
0 2085578501
653 734187494
0 872650045
0 1051147491
0 3083365401
0 1653928961
0 629595948
654 2306118528
0 2486261937
0 4147850424
0 1952514201
0 2767925397
0 3454079588
655 3312849778
0 2552605746
0 1854914730
0 97606011
0 2060161930
0 3618037689
656 2353919931
0 3828572962
0 1721905822
0 3826612636
0 3062143892
0 3168167653
657 2540109165
0 3325164700
0 2038935830
0 1547649833
0 2203215847
0 1400400425
658 388753200
0 2528536850
0 3478737790
0 4015707047
0 1896110545
0 1250426672
659 1060272546
0 73109647
0 2080196199
0 668122588
0 1087742545
0 697217382
660 3634220606
0 3279401425
0 497631497
0 3429147242
0 2284781865
0 1939676885
661 2154342680
0 2029620353
0 1102573204
0 956188403
0 3672751880
0 309884838
662 1159722061
0 1163096299
0 2814993047
0 3015708293
0 1258355770
0 3777958407
663 2524768188
0 3783095105
0 4147384316
0 1965547989
0 188122137
0 2453743375
664 2808711916
0 963379547
0 3583590644
0 3790983512
0 1120202926
0 2175024002
665 64085014
0 2358236972
0 4196655533
0 1234366697
0 1819719587
0 2406913309
666 3975811854
0 1823787507
0 4253334866
0 1712498599
0 1829038489
0 616942213
667 2486423445
0 927135074
0 2810385313
0 522307174
0 2153887159
0 3652060411
668 1884171063
0 2857727
0 3114545138
0 1838307589
0 156120903
0 4177847027
669 4031252924
0 2421942194
0 4040974290
0 3678971627
0 597111213
0 2617377727
670 743108267
0 1290461605
0 3298965219
0 2739093981
0 2127459950
0 1640549507
671 2611666884
0 1459005909
0 2465866326
0 3875836201
0 1891818259
0 900722359
672 3406934927
0 2768348293
0 2745514170
0 50215774
0 669922002
0 583776595
673 2001824885
0 1183170346
0 2381555262
0 2333090402
0 3628877966
0 2411286011
674 3503582220
0 3322976919
0 4048896196
0 1845818816
0 2239032965
0 2838089522
675 2800419716
0 2138806466
0 2392773735
0 135571514
0 4021175281
0 2915812096
676 415230473
0 3968676239
0 1402089791
0 3204016606
0 4154191073
0 2805718954
677 1859687798
0 3610541590
0 3942367515
0 4276538554
0 2621762268
0 2890944641
678 1988672844
0 2741066998
0 438008042
0 1436550835
0 289123803
0 424020254
679 3030939585
0 3609119090
0 2135123997
0 557656610
0 1882847155
0 2732532250
680 2781029169
0 3089901939
0 3158301551
0 3028534586
0 2262477333
0 2815881279
681 3733083946
0 28355889
0 424795006
0 5953216
0 2501771281
0 749803859
682 3041688020
0 1093409898
0 75553516
0 2670864581
0 596343113
0 2390695720
683 1818680351
0 2837179411
0 3837351525
0 2336419349
0 483489245
0 259265601
684 3620304524
0 447637245
0 800188444
0 436041192
0 3964980454
0 2276999768
685 1947358614
0 2037756817
0 1312053276
0 3743893716
0 3310115206
0 1205418194
686 2683999597
0 1944760661
0 1812108035
0 2808194861
0 1173327481
0 789776067
687 3683587784
0 1153745041
0 1949887356
0 175381281
0 1800990906
0 1697271018
688 340673500
0 3683723112
0 810109070
0 3007443739
0 54552137
0 3694348922
689 3376102043
0 4188018269
0 3144001442
0 3398831821
0 4189224831
0 3547725158
690 1750051235
0 1599659159
0 2380841502
0 331047190
0 2992853142
0 93387700
691 1080365840
0 3535254468
0 3235256999
0 2224519102
0 2969009277
0 4130224484
692 2323583062
0 2260133000
0 3362831745
0 836312999
0 1009769434
0 3436445802
693 2761188936
0 1937300941
0 3910613846
0 726503683
0 3233097259
0 2379818139
694 509386444
0 4152708360
0 3341562209
0 1086385118
0 3428706181
0 3886273576
695 80804557
0 1465676758
0 583312405
0 2015071197
0 2035720833
0 3599405398
696 2914462788
0 3004558622
0 4086536845
0 1642214057
0 642287132
0 920785307
697 3622962376
0 3526092304
0 1629319533
0 946937247
0 2813845450
0 139023810
698 2951323209
0 4040032315
0 1454920426
0 346723437
0 3236231499
0 3527298891
699 1968803212
0 1594682618
0 4058768849
0 4177461951
0 2947252578
0 3038196203
700 430375858
0 383572511
0 160950169
0 4564377
0 1453116824
0 2912321984
701 1736059074
0 1879842857
0 2201671106
0 408224929
0 3302811836
0 2121795728
702 3169700404
0 586037847
0 3851465222
0 3767286806
0 1860045969
0 857678396
703 1719098628
0 3014041611
0 2820079868
0 1903805443
0 3947197649
0 1077454403
704 1971507478
0 940776609
0 2031036889
0 2549992395
0 2577385455
0 1955348031
705 1663188725
0 1283465751
0 3203869769
0 2690626055
0 1881892751
0 1313525105
706 1259574325
0 3233398863
0 45281013
0 417809710
0 555766573
0 2071576295
707 1587334823
0 3277721281
0 2563619316
0 3462722609
0 1253099864
0 1473968844
708 3044523850
0 3824205037
0 288484140
0 2105375961
0 1377811272
0 3144081482
709 824572559
0 1455605414
0 1357022802
0 2758873061
0 2136518524
0 220517584
710 3978250821
0 1604241902
0 3506253902
0 3271322322
0 3986259921
0 2280226131
711 4065914776
0 3936496763
0 1688218911
0 2049704646
0 4135936038
0 3535068925
712 2751256994
0 874219620
0 3455832151
0 875308060
0 2681761954
0 1558844094
713 916548276
0 1409317516
0 2751619503
0 1228742096
0 3471099404
0 1192917482
714 3655547709
0 3024072024
0 359263869
0 1857578714
0 3672506686
0 2078134799
715 2555834592
0 2737336041
0 2846190261
0 640451218
0 2965324521
0 2215546301
716 412184226
0 3228870108
0 1760895461
0 4163128614
0 1845964811
0 3065456788
717 1587548684
0 1749498979
0 417230660
0 3746314335
0 2852493519
0 4166900218
718 2327189950
0 2063069905
0 1070590952
0 1885139394
0 552567515
0 707382450
719 3764856027
0 9633100
0 3920639461
0 1475900851
0 30064350
0 3235934419
720 1887919121
0 3523510289
0 2545795137
0 2515718769
0 3081467057
0 1832125183
721 2282687258
0 1137788769
0 3775562603
0 211984088
0 2636426438
0 1374845827
722 4046760497
0 696824706
0 2943593930
0 4061148686
0 3546145998
0 3266131702
723 1794537747
0 3341014828
0 1685699367
0 2865033457
0 2639286831
0 3553838163
724 1161801992
0 1627372762
0 2295425009
0 2034077781
0 2270621205
0 1293459683
725 4108623617
0 2112589157
0 984989187
0 3242932157
0 3178768834
0 3346644843
726 3599966375
0 2299222135
0 2174376245
0 3685595388
0 3316580754
0 1383294211
727 754900663
0 1352357091
0 2129179185
0 3351925724
0 1702458109
0 384604241
728 3835916826
0 3727018624
0 2456373817
0 3290917716
0 1816660724
0 3775223007
729 2420834366
0 2689341244
0 1913612508
0 1796476708
0 3972674234
0 1080535739
730 3471371948
0 3799252058
0 11220339
0 1690514312
0 3658524881
0 2965310026
731 2539776869
0 1593983691
0 1404787344
0 3649435846
0 2428259604
0 2404082480
732 549868110
0 1918151242
0 2556092793
0 3278424624
0 2509292123
0 3079374003
733 3081388652
0 1267798957
0 4245789528
0 536104783
0 3400136962
0 1020886338
734 2694118558
0 973445272
0 1383315909
0 3686827430
0 1056731181
0 3623149487
735 4020569850
0 1159804414
0 88496449
0 2277908091
0 185930340
0 1253701923
736 715517024
0 1680114884
0 2051462841
0 275732017
0 4038277507
0 3025339382
737 2918281001
0 1521001786
0 578200692
0 4195164446
0 121344774
0 1619115154
738 453084531
0 157125673
0 3220760174
0 1298419619
0 2267531593
0 196898709
739 859184512
0 790614687
0 633362207
0 4131823485
0 4226057490
0 1839439538
740 2936453689
0 2611862792
0 3268924690
0 661252850
0 1051427866
0 1457106080
741 2809296501
0 2772632553
0 2209460075
0 1950501177
0 1291083106
0 2014244128
742 596132533
0 1026714686
0 945247915
0 3820927394
0 587712239
0 882214825
743 3106371398
0 3989303527
0 4174054190
0 1249101575
0 1506142548
0 84112296
744 3355058817
0 3601581055
0 1299636779
0 1164723235
0 4098301249
0 4185651034
745 2895829174
0 277385028
0 1656913637
0 326489754
0 1982468770
0 184022708
746 2844366962
0 2245252854
0 2811291616
0 2029861613
0 3740670894
0 2233168841
747 332019219
0 1674651048
0 2339489865
0 898696402
0 3771002020
0 2815379277
748 3316319424
0 1530310929
0 1971635504
0 142280731
0 3841744709
0 1259530855
749 1422655546
0 1298923989
0 1774781965
0 2781007886
0 1424213599
0 2882765797
750 504596550
0 422467566
0 3601877545
0 318835616
0 1035452083
0 4106489927
751 2825429309
0 113413636
0 3063201983
0 1418878525
0 2438656410
0 3043048348
752 851320035
0 3854776590
0 615422615
0 3283423433
0 3222163455
0 1841639502
753 3233681898
0 1186946125
0 1872344478
0 2561283791
0 2690902513
0 2016207155
754 2677430211
0 821052222
0 561278832
0 1676574409
0 1620144795
0 2577371953
755 1750751350
0 4195983974
0 2342223387
0 2518994604
0 1678874628
0 3183155743
756 2966667229
0 4146689603
0 1453137086
0 3589617905
0 1624481259
0 3032066840
757 445148183
0 776980239
0 3587704863
0 789317531
0 3807976325
0 1436287632
758 1975501254
0 3364748512
0 2730614171
0 2339967136
0 826745494
0 2340522246
759 26365211
0 1294288932
0 1643989432
0 2841451308
0 1853508714
0 3077409176
760 268246898
0 1602907210
0 3954227026
0 1809529344
0 2218579554
0 1858322125
761 820813622
0 1451371233
0 2279882005
0 2966352747
0 2531926855
0 1929522027
762 2087308958
0 2145082308
0 791484709
0 2542542004
0 99813437
0 1699344185
763 80960614
0 4285158457
0 4138771436
0 684678608
0 2028336883
0 1656379961
764 2735822569
0 2185912059
0 560270711
0 2963723320
0 1671185869
0 1123500464
765 3442757074
0 917852841
0 3969273010
0 2920832084
0 2138326176
0 14206975
766 2528192962
0 1441229669
0 902571890
0 1588460860
0 2821809411
0 3572424768
767 2439460784
0 303851282
0 3048298260
0 209928287
0 1280412587
0 809846455
768 4260655382
0 1748243352
0 3770408706
0 2227381306
0 1167936104
0 2431959289
769 3238748881
0 1963291583
0 128342110
0 2627036146
0 1401092217
0 334775823
770 3331091028
0 2921394472
0 2778113281
0 865862985
0 697019524
0 1021841459
771 1794202868
0 1089751562
0 4048874573
0 951010303
0 2550736117
0 3469664596
772 3320807153
0 2443235069
0 2109396031
0 2288649754
0 2344989232
0 3771205087
773 281124224
0 3772161590
0 3665468355
0 2721844377
0 4032831322
0 299368169
774 3616305180
0 2519216303
0 1754459648
0 3788361989
0 381331536
0 1453338677
775 1694218301
0 1912824686
0 1770818626
0 2594569890
0 2769324301
0 3616196115
776 439675304
0 2861951878
0 1119104538
0 1913035682
0 1184049276
0 3707827285
777 3961633000
0 1982525043
0 2920345712
0 2097952511
0 4024241800
0 2959878773
778 675022822
0 1537930628
0 1272503472
0 3929862609
0 2584498943
0 713776642
779 1516231706
0 3650597932
0 2890592172
0 2290650977
0 1739988269
0 3514331351
780 899195220
0 4252301727
0 2493119653
0 3019687787
0 3982917450
0 2012213242
781 2591724483
0 2723793799
0 2090738810
0 1139019901
0 1891883684
0 2553819568
782 3544274338
0 2041854819
0 1239205970
0 2542200247
0 2179980883
0 3002823516
783 954444648
0 635327757
0 2496817342
0 825633880
0 1676321788
0 2056931931
784 1426886118
0 4125242784
0 2205131724
0 4130570811
0 3322422663
0 295480535
785 2731628375
0 3088550341
0 3817172903
0 3007425545
0 1491405841
0 2645743964
786 1934837701
0 2028166515
0 898739778
0 1356467981
0 2300863990
0 3376009387
787 562213164
0 2140009216
0 3470988911
0 238446154
0 3224739865
0 3741732066
788 1196575449
0 126939818
0 3762351731
0 345612566
0 2364615068
0 1157197295
789 4163199543
0 1873052447
0 2949147464
0 758274782
0 2044342784
0 2215071176
790 1030921966
0 2409363864
0 173294900
0 924276111
0 184953972
0 428502739
791 2493490653
0 2122056840
0 735067430
0 742613292
0 316773893
0 3302427329
792 72365457
0 3440641194
0 3610107426
0 4140612300
0 368466347
0 159847730
793 693405485
0 3434825104
0 182386349
0 1883153988
0 1658225069
0 359403730
794 4190645625
0 2233511209
0 3876018945
0 2147007730
0 137415605
0 3405248185
795 1425434443
0 771076633
0 3046482716
0 685198483
0 861366668
0 702820142
796 3265312141
0 1960565337
0 2550843831
0 249063986
0 2995006312
0 2909137644
797 329790732
0 2338680856
0 3447285567
0 2541094361
0 2065186221
0 1199698632
798 3729412754
0 1518627820
0 638072370
0 2409251251
0 3853122678
0 3416762161
799 2093003872
0 61712967
0 446136108
0 3534934699
0 1133598161
0 3463271847
800 2113313342
0 217815898
0 1446017500
0 1216454673
0 3868692093
0 1356045655
801 2285298030
0 4136216013
0 3769904392
0 268296205
0 4165719801
0 89320587
802 3923715504
0 330714463
0 3459904710
0 1871305011
0 2004573132
0 2012494879
803 706813758
0 2918054502
0 3992520419
0 1131375767
0 1682046175
0 3626028272
804 3845063973
0 3701555472
0 3482958200
0 2617533326
0 3085906614
0 2588068819
805 3060226388
0 3711374511
0 3098388425
0 4223331455
0 1373748559
0 1849938963
806 39900017
0 1840110182
0 3975901079
0 971071499
0 2947050350
0 843230978
807 4217681851
0 1360405395
0 1589151204
0 2130165898
0 1630109344
0 3154468048
808 2958116624
0 890435924
0 4016160582
0 2199540593
0 2131477804
0 305889736
809 3904544918
0 2970297586
0 2265534916
0 3859290880
0 1281322665
0 3485508877
810 3256503757
0 3050882829
0 3818268987
0 1963288518
0 2785671249
0 4215386630
811 383378258
0 3623430729
0 869135273
0 233477119
0 3037954574
0 2899215332
812 1115278881
0 227635454
0 2716507732
0 89081570
0 3287036241
0 2299430787
813 1773032071
0 2308288462
0 530339697
0 4166981986
0 4018582184
0 2868195903
814 1819332905
0 1371411740
0 41733788
0 2119575655
0 138639951
0 3380333353
815 3513906738
0 4081283900
0 2285154306
0 3059111746
0 2376089943
0 3056823600
816 1338835854
0 2296703220
0 3516667842
0 1982129212
0 3735729868
0 1908731045
817 2571314601
0 3655226597
0 1222014255
0 2504592174
0 3456730417
0 1780126636
818 2812788995
0 4263484508
0 621028655
0 1151919283
0 872104261
0 2999190484
819 2682270339
0 240863839
0 1699110904
0 1868440048
0 673061334
0 3095557378
820 4136045368
0 3182719920
0 3089176025
0 1261138943
0 3088852276
0 4163383478
821 2658715778
0 664968408
0 2718127173
0 1692954568
0 239372419
0 1149320219
822 3586325873
0 1887265827
0 2750778825
0 226501610
0 1125286266
0 1739332692
823 2021448464
0 3531425953
0 1167985383
0 1840206066
0 3547324343
0 2810102612
824 2343517170
0 2802358393
0 2720872245
0 2325316552
0 1635836112
0 71849688
825 3357653274
0 4125209217
0 1362341582
0 808356299
0 4239976478
0 573939698
826 2989912195
0 3322450546
0 2133129301
0 948043000
0 865665164
0 478620689
827 3439128811
0 3199308982
0 100776554
0 1008840266
0 4118998345
0 1358919818
828 449578479
0 4283446878
0 2522923797
0 3622670770
0 175897637
0 2456744029
829 702023641
0 1099968033
0 848907604
0 3504709948
0 2613812164
0 2743823050
830 4059990802
0 1550873123
0 475807912
0 3776542147
0 2859815099
0 976666046
831 874175436
0 4080762154
0 785207092
0 1300837407
0 4096170931
0 905614069
832 1113976152
0 1262392479
0 1773441407
0 3920246990
0 1690580616
0 2059997526
833 3893682710
0 1756498180
0 3673143672
0 1229093492
0 2699682259
0 2937985651
834 2485829875
0 2644001481
0 4123746219
0 4128241235
0 3410422214
0 2650677934
835 3888445621
0 1228479498
0 803107721
0 739650158
0 235693488
0 3578354203
836 3720004650
0 2548942349
0 1149210433
0 886816038
0 3685552181
0 3445307837
837 2610758230
0 3705268342
0 3608082850
0 1133973013
0 2664111086
0 2849461034
838 2779014725
0 3158739275
0 1562459672
0 1637493577
0 3470197908
0 320560390
839 2049044038
0 185761907
0 3621879369
0 757167844
0 1690425158
0 222235031
840 3020434736
0 2157502951
0 2720630099
0 880212553
0 2553222534
0 130535323
841 856752760
0 176186951
0 1632073813
0 3266249571
0 2889272517
0 2438439467
842 4052138879
0 1445821160
0 2599022533
0 795748309
0 330150683
0 1346939306
843 580688063
0 2968859384
0 1577199952
0 3342593623
0 124520557
0 4220233415
844 2412236880
0 3298280263
0 212190365
0 3689494949
0 1968651763
0 1680613975
845 3188967442
0 1152121432
0 1696260403
0 233079613
0 1204797687
0 1854627121
846 64316787
0 587495140
0 3498936910
0 4258730885
0 1628775547
0 1961838074
847 1797187591
0 3643848878
0 2993000930
0 4219066776
0 432573473
0 888482337
848 3392248385
0 3074643840
0 3522009141
0 1014471617
0 1174394717
0 57824535
849 2955198229
0 3207300093
0 591459513
0 3109889374
0 1278829173
0 3329383154
850 2180172610
0 3817297314
0 2588070860
0 230535543
0 533389760
0 1609480609
851 1773173743
0 3099170135
0 3924689527
0 1426074322
0 870688542
0 2799693987
852 3875997667
0 2227196926
0 1135819247
0 1091413001
0 3301019622
0 404020837
853 2706783088
0 4157240054
0 1259690691
0 2458357020
0 4257630087
0 2026004285
854 1452146181
0 1572719056
0 3752186029
0 3386280158
0 969922377
0 1479693451
855 3221622659
0 1033351246
0 1450627561
0 2258332701
0 1776728330
0 617417887
856 643284324
0 2134258245
0 3345944392
0 1041766604
0 3730234403
0 276415679
857 1839936919
0 3043756363
0 1048327716
0 824691290
0 2530216970
0 2920085349
858 2796320122
0 3454233003
0 3776944861
0 67489216
0 2636427044
0 3435333788
859 1854309723
0 1013641449
0 3045901794
0 242556091
0 1996368018
0 758422362
860 448018980
0 780754423
0 2141332723
0 21186965
0 2768397229
0 2845537661
861 2242207483
0 3869846687
0 3047196173
0 3083485292
0 4113743105
0 1569723762
862 2408014606
0 1901285463
0 3505084613
0 1258275318
0 2024567405
0 2444248993
863 510884271
0 2248277217
0 649451932
0 997878330
0 2021884355
0 375103065
864 724635331
0 1632110690
0 4211022559
0 901793701
0 4048132300
0 3947685474
865 637227536
0 3698505896
0 2734622881
0 2465140409
0 3791399183
0 2683910536
866 3870649918
0 1669539795
0 362176027
0 3815357087
0 275350750
0 4273968689
867 2910014004
0 902896658
0 115668622
0 1716775180
0 1691144384
0 435756207
868 3061127587
0 363470429
0 2621265771
0 1413006367
0 1124272149
0 2249621818
869 78380282
0 1573607800
0 415789170
0 4043356689
0 2746015872
0 3817238433
870 1274891935
0 3124845622
0 1001532162
0 397976654
0 3698794901
0 2623586232
871 697162469
0 361568248
0 2298567944
0 254772755
0 3722306555
0 3810530813
872 2494938503
0 2668694616
0 483735487
0 1071883024
0 3528601073
0 4170704196
873 979393750
0 2617276206
0 3084928077
0 2636478220
0 2540369783
0 3398492499
874 2038343592
0 2262557043
0 716994645
0 1808948235
0 1449690178
0 1401576375
875 3259936033
0 4192642073
0 1066751540
0 3147833842
0 2064615179
0 669845367
876 4000144831
0 1494987126
0 1711676064
0 3488657767
0 3784230768
0 6951330
877 2499837258
0 316553513
0 1561139230
0 43403143
0 1515761815
0 627481395
878 3048236099
0 102594829
0 683893351
0 50415635
0 632398743
0 2953158027
879 1937034838
0 2119821292
0 1522239998
0 989104901
0 3036239323
0 4052591398
880 1682147171
0 519275171
0 2989007392
0 2142440900
0 1968931554
0 2990163994
881 551854306
0 2991372721
0 2048951793
0 2442696707
0 170169534
0 387919065
882 213448917
0 260820043
0 656390994
0 91574083
0 3172906305
0 3146920248
883 1063597485
0 678703406
0 2133020370
0 1532328275
0 1362785211
0 3907004575
884 4011260134
0 2044639069
0 1318475344
0 3947327849
0 1829851084
0 1727091608
885 2609619156
0 1836113217
0 1064456234
0 3069865520
0 3404135024
0 38097735
886 952358202
0 4279225754
0 2284339118
0 1737061344
0 1558642575
0 2367843398
887 3185878868
0 3081402506
0 1672072535
0 189508602
0 113065167
0 2867862645
888 752880303
0 980686134
0 4158490290
0 3445482976
0 1232106401
0 2241147020
889 719746905
0 3140445578
0 2757571124
0 3751328987
0 13535655
0 3084236229
890 1971179380
0 3093525663
0 1739399124
0 2187242530
0 1764650528
0 3775211029
891 1100359793
0 1436262184
0 2291651303
0 2686965674
0 1518405111
0 2617145968
892 3983127752
0 1694316165
0 3798802673
0 516697099
0 1390755986
0 3117557283
893 104917724
0 1896315265
0 4051358698
0 70035827
0 3764931066
0 646360092
894 2004350326
0 3638476199
0 2939596914
0 3381023340
0 4240116278
0 2290692100
895 2729320442
0 1254312858
0 3512254617
0 1417156255
0 1756503542
0 2930015404
896 1946241491
0 1568921778
0 2853511699
0 3386455441
0 2539270368
0 406859615
897 1271072235
0 3461856073
0 2022310403
0 897645666
0 1041780496
0 512538673
898 409235128
0 756010119
0 701220133
0 2758139096
0 994718985
0 2075086306
899 1102959315
0 1190110871
0 2672004852
0 2896355660
0 2804050907
0 3036002432
900 1537640825
0 973018277
0 2729862436
0 2017279219
0 35722365
0 4149265658
901 3329983349
0 3336316921
0 1163699499
0 643410853
0 96880445
0 1949049711
902 2888422241
0 2160862970
0 3918519736
0 597657592
0 271667714
0 120425815
903 1957565278
0 3274066664
0 4017286842
0 1156141493
0 4202670082
0 811662096
904 2337398836
0 2979152953
0 284531464
0 3296791503
0 3893432819
0 533609998
905 2108545798
0 3567902850
0 1025856530
0 1031688039
0 2181727905
0 447282105
906 3735762019
0 960357854
0 31262153
0 4159789506
0 2211037951
0 1412237561
907 125975648
0 188791792
0 1175956170
0 3960632756
0 1178572532
0 98786974
908 587480777
0 745409691
0 3350633656
0 593399295
0 3431395282
0 3531910269
909 3735156542
0 802896764
0 1428520937
0 1210639602
0 960741815
0 1844994224
910 3054801939
0 1258446863
0 2434165440
0 1105272340
0 3211910565
0 3436069383
911 553156222
0 1975999848
0 488777686
0 2662063878
0 1861446516
0 4010001491
912 3407283244
0 1705273386
0 4250978780
0 264121145
0 3287145747
0 3736580014
913 2324051672
0 3309309981
0 1501948495
0 4205230255
0 2093752538
0 3023273574
914 317251780
0 4179005651
0 2394592602
0 2221812943
0 515067973
0 1017178976
915 2676154896
0 438745240
0 4091775005
0 3627231689
0 1699790975
0 1714815432
916 466089940
0 959545653
0 4067527616
0 2231498722
0 3882841702
0 529577676
917 643407269
0 348377360
0 886270189
0 488111271
0 1382197110
0 3008796594
918 955928089
0 2980950401
0 2540456639
0 1941332129
0 3621610533
0 1936748779
919 1748607925
0 416022661
0 544138889
0 1903476451
0 2464424773
0 4004278785
920 606314437
0 3185774176
0 3173205311
0 1328681136
0 1524368397
0 2724641326
921 1578490217
0 942287098
0 1297063303
0 2496983751
0 305742151
0 4235095510
922 197403641
0 3964334380
0 910005244
0 630213822
0 350157326
0 2818474079
923 4193094603
0 3292180080
0 3320661772
0 1953288765
0 2835413341
0 3000661376
924 2215661068
0 860767190
0 1511949097
0 2061850928
0 1324806895
0 515612675
925 3938173023
0 3137909949
0 3636698151
0 1961327867
0 2585105130
0 4024325241
926 1791354580
0 1765714384
0 850037523
0 1013572618
0 297245227
0 1560000129
927 158647990
0 3528059229
0 2414894042
0 1516088606
0 3615787104
0 1844901210
928 2565821302
0 4277164282
0 489221190
0 3300949417
0 3857766952
0 522870431
929 650660510
0 3602305814
0 1127219307
0 304347161
0 408803246
0 3465448386
930 2633537065
0 805912633
0 110121091
0 2164137469
0 870975981
0 1212135675
931 2563699925
0 1688030267
0 4125114395
0 2916740943
0 1097181796
0 2255808208
932 2750145080
0 3712783630
0 4196109304
0 2068039796
0 2237177487
0 2433703085
933 1497354557
0 432683769
0 3144021706
0 2652729555
0 290453182
0 3504460371
934 2639044925
0 2039463574
0 1757447309
0 3104354536
0 263128132
0 3630613201
935 1933834022
0 599498362
0 3995277341
0 1830805648
0 1735056613
0 2478355865
936 3452967195
0 1325460769
0 180524222
0 4234110467
0 1863249177
0 3047246227
937 3612450538
0 4193063300
0 2962062083
0 1380209447
0 2598394683
0 3890403799
938 630679137
0 2993334727
0 3140636471
0 248367510
0 3267172780
0 4090851388
939 1390388879
0 4033966913
0 3841447834
0 2372900890
0 2441718182
0 697802980
940 2971162096
0 2064870240
0 1668111609
0 3055543057
0 2680114325
0 2502960677
941 3769218968
0 3735019808
0 971616741
0 2505320582
0 1991290418
0 4269707534
942 1577713560
0 3026408109
0 4180150860
0 580705134
0 1635165960
0 3710289758
943 1769209648
0 333778748
0 465946036
0 601249557
0 3086994301
0 983335045
944 4219214159
0 2280826271
0 2201423642
0 226193605
0 1377429951
0 2662349076
945 3064467099
0 315256485
0 3948912791
0 378676973
0 2403347579
0 2016533501
946 1119859106
0 3460680201
0 2059340817
0 198720557
0 1671922681
0 2839352933
947 3210697697
0 383902357
0 1731969454
0 3258390393
0 3626460222
0 2721739490
948 807969968
0 3260623928
0 528542328
0 265713894
0 1461121529
0 939762472
949 3812928103
0 2842988738
0 1651720063
0 3481809180
0 2033248325
0 3267511732
950 392042165
0 1466099616
0 2116591625
0 4183645799
0 2643293532
0 2029087552
951 3801203285
0 1403683112
0 1903701083
0 16775438
0 1521151203
0 1572126029
952 6955410
0 4155169690
0 2818425970
0 3552908385
0 1833887240
0 2058991585
953 3962741400
0 3833921011
0 326666795
0 4097434261
0 3443387599
0 2260399327
954 1517406713
0 298224947
0 1174970531
0 3298680398
0 1724174115
0 2217347201
955 621423042
0 474946729
0 3040428957
0 573197581
0 4043387955
0 1249338803
956 654338390
0 1519408423
0 108304293
0 742819398
0 1302839320
0 3990835725
957 3131567668
0 2625061799
0 990937312
0 1531100103
0 2662220442
0 963377844
958 3590656962
0 2068880895
0 2641259925
0 1900012333
0 1059784533
0 1637373600
959 3039846421
0 3392433868
0 1898322518
0 815871312
0 1592379704
0 1379878141
960 4245280718
0 3844525581
0 1965904919
0 772654090
0 4032011061
0 2010337864
961 1510246490
0 139999136
0 3351737145
0 2730891213
0 3283506613
0 2385256401
962 2992054036
0 2998205058
0 916337732
0 4273480522
0 3137068611
0 1155463890
963 2904534268
0 4061634147
0 645081136
0 3624117586
0 777364271
0 2023988164
964 4023615195
0 3888988019
0 253487588
0 4142581720
0 3229498418
0 79004754
965 3000348535
0 2970104024
0 1100347912
0 3273166545
0 3323904033
0 2416212720
966 1083753843
0 2139825395
0 3699368291
0 1945737875
0 4218153819
0 386517819
967 2204351124
0 2450880456
0 3166476357
0 533962302
0 4009005263
0 691040429
968 1556135778
0 141803751
0 1510894298
0 1548545234
0 1972712355
0 3235374338
969 1629053299
0 1671353431
0 2118010724
0 1741028209
0 1274271092
0 322994278
970 4229101712
0 3814058304
0 2348340208
0 3819200438
0 4268738101
0 2421014065
971 2362320646
0 1461595622
0 3414224091
0 3861679753
0 376063352
0 3565215524
972 2659856414
0 4124014690
0 3875019367
0 2067023865
0 1468085061
0 1240979786
973 2895043142
0 721642948
0 3088784610
0 2439822589
0 176640633
0 84827977
974 1983468738
0 309405762
0 3610410801
0 3314650135
0 1910489230
0 3075515687
975 2642813080
0 2236831734
0 2539477799
0 3197631150
0 2450195692
0 2182376888
976 729087398
0 616984605
0 2852477444
0 4057214899
0 781896869
0 3122872081
977 43727600
0 2008413155
0 3124534113
0 2344214670
0 1990873857
0 1347537363
978 980801154
0 1077475499
0 2234561433
0 3156181285
0 14420484
0 1953929611
979 3415322601
0 1774848684
0 93235000
0 3390318979
0 226596120
0 2172522683
980 3109554675
0 3106798427
0 996542163
0 3724303766
0 129099564
0 1796673673
981 1338670068
0 898651869
0 967760709
0 2838987355
0 3863134965
0 3820643657
982 1116802125
0 12429212
0 2914633191
0 1860307702
0 1817391192
0 1308836761
983 1410057810
0 627928661
0 1315989373
0 3394555843
0 3880965113
0 3863481905
984 2169311732
0 3507836325
0 2881975398
0 3006972411
0 2248670383
0 2156786235
985 3926472259
0 1511613469
0 3864559511
0 1865591190
0 1162881137
0 1029148321
986 3267439006
0 3932439424
0 1917075020
0 408082033
0 1479223284
0 3147666887
987 728850897
0 406818914
0 3766234380
0 1777847942
0 649734908
0 2035057985
988 746532022
0 2588246375
0 4272573566
0 4078373629
0 1661899639
0 693148916
989 3099693042
0 3241207902
0 1732760601
0 2407684774
0 3071517119
0 2014978298
990 231517267
0 3259766441
0 2964502667
0 2013739599
0 1865078076
0 3625377470
991 519560279
0 1693884024
0 1692699111
0 125944601
0 856239622
0 1915393742
992 1282082362
0 3181503522
0 534682705
0 2336533076
0 3092666582
0 3223747133
993 2838932166
0 4212741602
0 232214920
0 2496691219
0 272831980
0 2098529036
994 2423553494
0 1990764650
0 1057288793
0 1004684341
0 92573833
0 3189191596
995 1818498808
0 2750035445
0 147553379
0 1764415062
0 1252661400
0 2697265420
996 1065763424
0 2444144939
0 1879957496
0 3481139901
0 482204127
0 3857130851
997 706739308
0 3767461957
0 3551210558
0 1993547661
0 676340566
0 3038878185
998 2540570238
0 382465216
0 835875684
0 2982212043
0 3842371602
0 560083177
999 1745100383
0 3953389453
0 2508582161
0 1259661284
0 4210152289
0 1872297588
1000 765745777
0 1433934380
0 4194613374
0 2571188044
0 2163918355
0 1288844584
