16124519160171992091
12102967235123903047
10265617376382137328
17000304051890399886
674114310275059617
993513940060476057
12235237851606640904
15383323932138625665
5452440581865733702
4803372148756078498
2236207636909721073
14140962314838990630
8623275175347923197
9594675754445232437
16818304400999112089
14002931168488450196
12184621103553989016
3558256872330126309
10319225101008008610
15956809563088971620
12511613797493205488
4829509198542163589
18267998574702654986
360417897725380019
81125693341884887
5952328920072875619
15262164077700522419
8451255622025466968
2057064138603038482
9627325508244692177
16070617835717059273
15933137275235445982
16037551340795777599
8983587663633612778
6984017413201104676
1235288968172562800
10478571548305009128
6786250981918346023
16154906620975912849
576632290867552279
5259938799988137026
9307349773094790291
13729577958523706648
3385323329732168392
3229860170372475701
9326255151729268780
14788346976190840617
11538405106431102715
4297561186601846642
16345538632732659987
10549906677858750409
7798521473897156907
1846944935691166899
5558289004569992599
4785591048600858292
6385255725422379339
14546754458827307942
2279007801994266286
3071395409348329312
5610552669192310869
17534275362864158012
17469346057274882114
9651534362172224739
5899681820146966680
17488552083626127437
6976689772142543827
16079575810192441038
13543898026229602767
3932100585454806561
10337921993734747313
15402123217869817020
3819374789036396023
15008085087179554870
4418683494827837857
8196110247692084936
9232857568626109163
9172233830255950798
6828416773969161988
14751968705609605161
7795051093889311965
5413457792415131528
15063955125802119261
2054775905785410444
1802465719711923624
17892371697759926062
18215276553784175977
10414205857330036503
2040913825054989933
13494703028854057938
5030999442201353068
17265624853421777541
1614810485624245900
12032726053929114131
8977357073418339702
4882323529210129329
2639520110943083398
2757045511165924449
8633926033788492352
17465641577466464783
18106195056112317144
3362581886418491043
8176988550001432224
18439514893667702367
15879768651475761264
17973288738932590678
3681711163326327781
7101358101302354432
12720682573602565543
10647667212167848949
12938172408713536635
5939016131822452982
9613167825279964695
10420672963579389589
854052403396580882
13424474426729209802
4822578280988506253
2009670877614954152
387403128822095404
1075870632301947838
12527229453630305301
4360796966586540714
3264981368973433196
3624339539120582306
4563032872071585335
3013970444038426212
18393889659418900499
8673996050886264263
5343170715853377324
18435936068640394884
6706393416959148798
10489932215815270840
5203269586105635421
3633516733858122369
6972847686904676250
1102260669674350319
7922767040790060692
828308596066172470
12750092222975019173
6421514251732459512
18238913426042864187
6023175736038327166
9967829499971109942
16711472512861495132
13926122620659273558
5141321749545653864
13956457221708568910
5201382479170903906
9035742907816012281
1892884542754350927
16922230524889966427
11233757006039425922
13918930198815917242
12721986189148034071
8351530243549491897
10299986641100157990
14189020021152335218
8904643460192932309
2088572362496865241
9780395790163735330
6250267258294341316
14089862610140897445
264400908728299470
3539209196442059074
16469881594043448537
15869851235904005152
9995712033764484972
14051452998478547296
9404973154873022480
10648138107387368054
11066953173920635185
3392684317436058257
13623579699643832790
9947400991050974713
11843538762925540633
3057705847765268084
11858296291435655022
8214758267508696994
13553286691032686788
1015656912013640704
7793467284508645828
659338660092323879
17485230998428644283
3892553840976267441
14035138836093058283
15719476542041446581
4452094263614409295
8696135551616499327
14123309746636635725
237661681407635264
10449691173260473206
913595577949810645
3648026848614080210
3076198634442757349
12296003514236628128
16718082363821527613
17171575710169369997
11987040831454174607
6917719612509893536
14226151330881868266
10370365904287344493
13018603724714195541
6816905042054776278
12299613478783408869
8206244712702490650
2960833404905828130
5306835358881070399
14267275185363071923
3190025490983658822
3133873326988475167
10717131414297078765
2464050276746229900
2288698534978588933
7531559549256233772
7058580821214051776
16105543662820382608
3269074258627420480
16531893306742555475
1336065499332322395
4984734691873210880
8321649238124144659
15321672552050976015
18120517019320644362
14416288986324208826
15977063241598223640
17712964729810874427
2258673869307299464
8823881374168174343
5615895382745233027
4786932586316718421
102430740594687834
7356014370731628213
10917756503708284524
4697174769833862813
4023797244371452397
11157976051819354721
4130162263585686280
17299450894106443832
8032531634811395368
9916854549690321287
13477849214414968230
9130824978902514063
3970497267020888410
12861226616779249775
1703110623908000256
11826043468110308875
5385721667417743213
3979635863903617005
4728072223993221769
4060789553402715637
7284509435542210519
18166461058789914633
5231957730795568205
15536835301667761682
7304125165194892996
9926407617364770088
9189359397449894012
16499555720304804247
9396975854068680164
14406012507941124120
2119965943361320258
8731081116017986641
5209384178986303133
5372953302641082529
9633740482161605212
11146483761889260115
2290726330496845573
9749545946278841658
11206832065950113576
3977055832505330286
13389140547789574572
11199729740140071662
2411703652793270127
10171854266227429080
17705427551356259283
16674755925915144567
14099932027417788507
2682477050875616412
3112827258868987240
14359350407193555807
15623059158825700798
4925418520404576257
3684502579488593295
18157795256307598863
12624960013596541008
7090718691913791487
2598127662576664901
9915812376571694620
10062413473446328349
9492251041647291306
2833767445750004907
11975908157598817157
7256818922143321534
5944931074407315853
3028146047876814875
11590919344856965608
14953294304535526700
1589535644334066619
9009407094373594209
5431767833315566082
10681885209398585468
1522051518579597890
13645008987835206870
8545118598025750987
14567429414564474355
9031841682120545831
1915305549861389476
1991819136305624236
8474854738830836165
8377726984203099803
341588419144327462
8142411238409579807
15396892455643655307
9156577192381363996
4617730424630038955
12188158558877471083
7564821889235253367
6458371353550440908
10596977250124242748
14237422963398333775
9233455526854807703
15273749597029515281
12832629754770464993
14377133007598420092
14046324369549936096
13967436030624726472
4126012739817211857
13174687739633250102
10290328505357126052
8290787262961347418
8673615169674673037
6504630790744222716
10705726824962210086
13123933120992710950
5648358249974626125
7645326237053861979
497488493262625252
9214718708799730111
2694659821484927166
15720294827265065411
5790519084619485418
11945506600336952921
13402567317071650680
10020747592546038821
17284193703940549252
10769356896071121013
4346498848115475960
2071277000573079276
15919032094217195424
3545735363347721732
914373683821227962
10460594632299700721
17225257122664080564
7012479233224559906
7893273116296307284
3202929631774583399
15501265283793983288
2008919173052803054
10840584644595050950
2552995448846009520
4223709306190259676
15318817212040716964
9646225765713145841
2305643962244424539
14954524683490133188
14752992048913765637
14776206573547682202
14320041469528709794
3730531722967750388
11495080555424327203
17704173720226521519
4903078765901151166
12996552404178198721
15659651148582013593
7813602444770291793
13832193121968128351
5245899850337534513
2364006478853000579
1743345381649992484
17126054094271819635
17957577750228746594
7625123044333237282
434157367187184439
16872069223123516574
13149198465211643020
8429157117739613
13496240167813658485
7742972041636279527
15344993061413233443
11300736451840353564
5134134801350128361
6629479859893592212
9989746978234225279
8969083108864198085
14294035803120160061
3532727692618038793
5289623698282932309
15364063368005404902
1015890472905665600
8658384205252841591
10210361939379971299
15246710906069610722
17199996385653062441
16045998245970325277
11371007488947138732
3662029668192605328
16279485258687164533
4506575858823750889
8235165742319686095
57061286791691267
17055277528439376050
8390149094599539919
5438124375306919191
7487348546052046415
9602935904053216360
12149690512336334259
5898115290899366870
2599392461965853423
7501469781317076027
10775835653727743027
14015615301341016841
9640497761690636722
6684014261120555179
5036223567459220863
5351371104579967362
10861196540853049692
13978719929068846144
2781902196478115241
109865599044913935
11935592411834700037
8807251882693762622
840050625638426784
4496076471863769979
658626649601038975
14858842634512302018
14585790973956447255
16605307264425207451
1796377167995682508
2768193719989844011
4048224448122181770
8201935181115855204
17844193436464809126
1928957665849861435
395733995235023813
11770244160754717073
3742645876904689605
6750620418659950542
16966437486156340295
7807767633379284342
11280515924600217249
7799218565616128561
16668076383136148362
2798790207603470133
8325080615517645954
17077935681018741489
15871407447901905886
2711790778095432670
17574427420875886748
17144550799384467058
6052116529941193406
10778356168108413023
13255581331575656666
11343396502598486244
14699806764982412847
565839607320568427
9471836193484385390
13239858188988112598
17840546096461988790
370439519587541647
14239954492948092824
12440113849961195050
9908048809374808797
16857420744849398534
16584589368794594516
6034607531983634179
18283284534763425429
12570610489530950977
17720306265002355072
15442396352142982217
10755235400676032207
10232474403622442897
2666506965134319023
3720441364280514934
13581494878475911724
13495746556800678910
3257852637559771312
886689865246139628
4222298173789138514
11076611528085375356
15497396266313102889
3555808458852602307
373868086819992815
9168156836247897942
17117173190156393859
12070696689247383877
6176906953168425284
8385711781036213747
15686756249227942316
11396400988991340624
8814306951218288322
3171385970644208333
13792456697857871964
4119297356233685977
18102529551387779708
1072753129117485726
3656394206637963934
1084557621986437735
10008012597661425733
10085050139567857053
9238421609462720852
4233887499318522993
2689359414770761271
4595785902738888470
3463807785982048874
8116035255342656901
4923324002638051801
4551881420458980454
10754242552163253352
16260431335767841131
18021434326114608357
8331675072106001601
10408623517833964301
10321376591065423290
16653694802230333832
18136271758583113853
6535001696460433745
4791707813755191901
14161346443796619259
5708783600171289954
9611102673336892816
2505024941014950084
6288785774647184856
7090892893467506644
11746058702232243911
16070072795160211337
16071921451720640434
15752805463767353253
8326494657310306644
5815838997902694330
3160593594744812966
9788190883396872275
13491541410847910450
4663677956461588656
17528192312866223313
2671803742292302747
12672808245974687266
3281225484368082367
3308552331414047637
11676146818055048935
11360768135834777036
13278446336421979056
14385595662365355399
4833689710351802643
11735669590542197677
13388074571519938893
827993559022276370
13295535958985697098
9985991454271641007
2198092864867210373
5108768129656156739
14557165069602188490
4957937024457146219
3630817427425250345
8135376113022347345
3387724376651039298
8083746801150240599
11233365376451193012
4877655694434989926
10204524200887617146
1797816732592122318
18092510293368415085
2012389008878165608
1880313877718047715
18051592631531170715
11625009017001962778
6712852113640116999
4556709927349580013
18372581044845942432
14829054301023392663
3380790193005754410
3138338296668959753
3338091616451130053
17598393745747656224
9362344672334698200
15429577737017791789
4819529088699397157
15118934135531133677
15956729179196852928
10450367627027637873
2897706357994098257
11727480135381153025
4976531103177249592
13554592530376075644
16142222591757507393
16107025037679701336
6876463711470536667
9823456091862375545
6115224623745907462
11593442339250008176
6699394403547991347
6310698817841274064
4851998212422372899
7542346964295408701
8609108813515236531
15720847040295544568
5924021850947654624
13957405986029313651
4949142203138083578
12056651869729891676
5887861322054617170
6915772262339882383
9659795257775018581
15300400724209866166
16493581117831664654
9179149211772178617
5007626226413938749
4547351418009689184
14559925127226909589
9140337232698804315
16147087315047172092
11561815478554190682
13818981084855407430
14550015821009849614
6134906854384639779
9322633585395049129
16246377299223919288
9074390671151892315
7574447415397515323
6489822408611243521
15530445320647982455
7434586490297158949
14486282840594511870
7214861104813023494
16591969303834747568
12927797236500080042
277060020535117263
10477057208589180808
7816536604230452674
1012071014919229107
8349248460404598795
114050931711172742
380719721242777525
5870811189455977633
2924138753909739618
11370320609423332440
17248641506707973638
5527308311403863989
11456959851796433615
6611538355068248842
18393690427397931349
3397269619467003823
9668688935382663800
8438545271609799450
10170975356670461187
4514939423516626227
2023934246532308548
9708483569658428344
12598721473018187634
6549942044557630678
2476485518411227217
17272231942148139772
4302491273473299897
10725931158576630166
17852600857071962789
1479078359735330956
15390144522189000627
12282630503130525943
2346584170656548815
2995114956839585227
4625702678264253750
4933374602971646162
8193723868926863951
13668922132780904937
3842205150618730813
11510428789907936438
8108859880737017639
7098112506160620447
16517748065275876535
10437879709536472885
3169085540440751889
13909907346551631565
12299000329438198589
10057839980059990513
4765890065982034283
7992279714331697955
5807141342957908180
12798799328175020185
5821037984975585217
3122211808009282863
11275045596200243124
9217401057652050488
6250866643174265058
9712180912262790850
6721746685899375653
10331600654445814256
7691184462004956093
8310865916423402468
1854824639415543943
15809034964160550225
6814699042337146979
654604008653403406
14194589706800827570
14797255332700063875
16999122127192782532
1573469828009346859
17268404493946901087
17005077455330289327
6705533633320985696
16034641393027771356
18069170979663918639
7767418330287749981
12099651620956315320
13594157636964239386
4698725280965516067
4284186385770357826
7037751566200234423
13704621473234415367
3869044779783908905
4880082978701430873
8687703564829167805
8873487714855882264
6667032286195132909
1912642970213728296
13679081787356360180
5916150017048464263
15350014636748030240
5736217562213324595
17950103764257703594
7571864282065833698
5107292706073554131
9791259010598824022
15621433665474952372
8034850415422898563
9300814563770746268
10124480155207672369
7818499211130875473
3593057619038892610
16292112774506568928
14934625734672824117
15463084931602998021
691440142174822033
18029323361637314098
822063418767676749
4613526529110111966
16158963760473928661
9635786733261497113
5023387996651997943
10387683304549371121
14418341403139941049
10525918674204058618
7548681490447733889
8655344242794047264
1858854258611157412
15359254814942518370
167684515201965181
3305226067936994850
11514928188264696306
109662839102333113
7936542384095996504
10654633170686709463
11107270269415695295
6605513651434156255
17140668765861357203
8072684830731809371
9315293245691243686
17089064970257581710
16787576802590020363
684418400085172785
9907285305790875898
6993456932536129963
17080519300235549056
11674621192121288954
6023929056510048175
17728008758291203574
13761559426782692604
17120818751565895115
1783049645325561212
4639628868114443882
7843834670945327809
9795105145682345541
1430637783001841884
7428287653874125392
236232270391359643
11254430173050178905
14799895713996301278
14132280132739994674
13996986880099847901
4643891932854278859
5223989879455426953
3730224477367164452
10173575168419133032
7954371701415685707
6316318743910752760
15138087389525804202
7370923204534745604
13307912008656679275
11170404432007554924
5535854344346465910
15256457289485202560
13062131148996863485
6649308516993818826
5489681131771516456
13740016204770334535
7064827639242979795
17350099098414982036
4043719765449262502
7671694086828172632
1564605647593482345
3016507151865337861
14359865039121222156
1265887209837302679
8335892643822403552
14881834540310085646
6971449685856402165
5358263427581365760
9154522076996122779
15624834002211010277
10925961847270306945
14718778020724967265
7482684208114192358
4723239173504928597
9324175100168065473
13414003540872042207
6391102268266709284
10204835561386052818
16791145059557892551
10914280967242462014
5668667358740624568
8291528495950064339
8673699471891668862
7507940125050351621
12381737265092952407
5814055712216564422
11894189671830634719
5393812911918911537
10113465501759028992
18045437991633395714
15886565405266898488
1874426454026331035
7843033602361839637
1582891144051481228
15752716931229894089
3344441839629081530
388038489087900181
10394388674753246371
9795811944399668321
656346129650629222
15975160284395774170
14660934340432895417
3974529653097346911
2082125610608757958
569314612200615784
1505981495901408860
17164965581066546843
10250489655806084632
11045950642306637669
15900343309709684344
8031598178749394978
14400439919427308204
2599687548716352332
13343501728365327074
3742284448439074156
2393704978750900281
9072598295271678982
18332540294906722562
3608515065694590138
12986315537453695739
4796615814121613150
15303574811734999073
11877771638824320721
12570385387612924523
21784386378640860
4503101165826105048
11892388990089299627
8776655855974419211
10670194223397454410
7274027839189510047
18413211089910272775
16174397457056446816
17507231269879177762
9666080932484356257
17351306600805954293
17223336883944768178
2412942183218399934
8850083321634953945
16813508622727080611
1770041920720969372
3043433407893387073
11278384170468048102
1473972154704055806
16565925523538323082
11679031209833899357
15449047161098480600
4394266987302226736
3420602415930742738
6909497511133890121
2402446302964189618
7113293384009230581
16540353163792422266
1862745638169398237
6039814543669842640
8853754055447920406
10884057973298950172
7081709837739917685
9234071077100202398
15794037348541030357
13861921611981613566
817091597016106496
12422809809463297094
7259071228764895735
6894536555630498312
13256152852110537197
6601271225075434953
8141025604542433936
1487557953416035641
16951257144860185890
549025199363886300
6738966878292968002
1803835899654919788
15793909219848446785
2699414146716233210
8648355266316974097
1879802031200075952
12927199604878036207
586418230621064338
5163537544933008590
12698455574242829025
15758378101998860317
5009092102979158228
3707083612616054735
10387774488394424750
11943929456260226332
10211812912425967142
9781745092662225390
4587002040035849426
11848328853003211775
13339565613414933028
5940487275327762535
13572334713192761438
966793854869503771
15297491123899207193
3957889451456395672
14421964424623422530
3577342281788234749
4994945287044403323
9061065003462029927
4888189094408380895
14973424156553635278
8449402745365030676
12035893638831721049
12415201570041527364
16828433674131770079
5066356060428443075
10114973367710483518
1128969053500724263
14299871879168688733
11070399334349570924
11132166725909412002
3027607305098659921
855967037214084492
2130557095961549208
14480576593978769453
14261464448093998803
7187417249404946755
4352883124161280165
13004514152864184654
7065874686277977192
14712241401092295733
14906213177872415157
15898565769357654552
5337681930634851803
14214183983376296607
10830267328768882442
6141209940826425637
3315836685352117968
17968141581606340703
7494785670120014439
13232525072377521418
9167875055495314058
3169510991312464352
5141001046874794864
13475879189119845081
13214613713476116696
7456542072858760617
18158542827407192740
11554743661562466128
9282054357188882697
1547596162207620870
15993043030550095128
8825323145179061371
8299949054925767981
10210032759491968630
5486206837051605146
2868709771572460860
3578637832817800178
14459273855204976202
12458021039254353526
12219367763619188260
17723173654914727632
6305723830851678920
11736028914504327732
