323214372
3159125144
3144193892
2126471790
1348104172
2256089819
3116691432
560409758
4239313619
2467321443
1848134523
1345145980
3641645205
176781704
2074808868
625923715
4036397317
3733019357
957048707
3700562545
3021994779
1696674551
3077556589
1414350044
3394942684
173029025
3663622747
161995905
2408614236
2319993926
2965418195
1052989719
3141650389
3188761166
814010877
3553041021
3485642373
1620775404
1343935693
2928193325
1288814313
2670340603
3495666163
2810844278
4238365281
4151004304
102557370
703911247
3192913912
355414642
1155455464
2488139545
2413873812
4182328101
3667173219
17765080
3049617560
1726101703
1009415081
205903312
2382173459
326149214
1945342137
2963756225
2969579344
4148512059
2242986504
1449563475
3230105446
1889696665
3988745216
2052554761
2480335085
794886593
3657417784
3496554772
3010724399
1343404302
1531453225
2877822358
1438675372
3483865028
477153308
1727358562
2357925800
899373193
1331644500
3638406100
3520255937
3869211611
1203375549
625662825
2324710874
3454249975
2167723922
2857881467
3370822820
624341679
2462243836
3273241978
4226938554
608013260
1805848639
3066608921
980297888
4074590769
1018541420
3562582957
1529948347
2540921280
2229971643
239893684
2657770850
1500801696
2799790580
4065703872
1612358756
1745380413
692754170
1816525745
3560927375
3413227728
3038373838
3759808931
2947789366
1428515799
3393842117
3752066010
1252949241
2321920178
14439747
3815411441
3168842127
1715757885
3023895039
2123145926
24513826
2957817893
2735654338
1853699343
2526931757
3864858964
3203570482
768198665
3098437220
3777167860
3295151423
4280814211
849443100
3043903537
715424669
1027176837
2426231242
205437383
1188969856
1557766831
3873331339
2743702419
793387034
2339067208
1292225382
3877227642
144220993
1981751376
2350820653
2730767299
1848582502
930452753
3994638762
1411886083
3879653390
2322859832
30874005
4263688540
680867019
2097161578
3850264875
3912421504
68407293
600092815
1141567075
232066262
1974861814
262219714
2487150829
1936318562
1767226981
863864495
3301558701
4012241053
1413081622
3370109149
2383407765
3832984571
2975907700
3844062566
1948447646
728653444
2688139676
3293968107
66216276
2576203522
3848843150
4262916002
3482801781
310921589
4000843917
2770390512
2474376832
912583260
3310011069
3915924263
1233481186
4120996800
1701877556
2729712881
3597229873
1100015545
2320034075
3064693718
2491486014
113159558
4269049678
3077776449
2379016355
3487471418
2113187606
4191679663
1172503950
2483982291
3764278662
3997894472
3763703189
2019012199
121400597
2028255756
3692305434
4126381132
565132538
2484793025
3906716462
60455894
168307885
3948579746
1228311883
4267589691
2547373093
2524502721
3124770963
1819264879
3618027672
2905758026
482026882
1518047906
3657656668
1675916828
196368268
3671729671
555401602
369823394
3433284857
3525912286
2773135902
3656429934
1329263365
988072124
1569783083
1424583734
1496469933
854152214
866256894
1768248527
2644014055
1756118747
535085886
625645659
2645195581
3941711071
676343389
1609912939
265829754
999494896
3375683383
3747806306
2497529807
932651619
4178756961
1511774932
2679770034
1801114742
3334271275
2061907996
3266815272
2841545906
1448337403
2697243377
1218886622
101852153
2114134253
438153249
3091890713
2447012197
3113502948
975684305
2463455545
1142841102
711973130
2881205221
630149194
2671272049
1472279923
3642514385
1439275661
4124727938
1312563734
1527469777
667093691
3020993722
1524466964
2359123852
2672845243
2703413953
1073607971
1635834298
3446169294
2605482435
3227628482
1469165581
205850609
2342632141
108341557
3933339838
385009318
2420772854
4074460746
1192665665
904366010
1628592690
667062371
2868421580
2668011227
1684513513
4206959376
1552841553
1442690297
3402657227
315394281
3379100450
3128906575
988791998
318538359
2294734774
165191614
1680169725
2343312277
2200963021
1212580535
533542701
718868281
370698078
2743306625
3487223623
4026029485
2903531725
3584644972
3886609974
1584511350
3985507986
258155671
976532857
51249174
1467015902
1964605983
1022110386
3346440847
3057262872
4000142633
2552979559
1836697473
223296005
2958687896
2789910618
3707873166
1285254394
2236431747
172291027
3973481456
1422744308
1060708308
757807118
2418666854
30192713
2033120852
1019764113
1823980211
1121410104
1415138730
320225552
2567926514
2774191294
3444831771
1249061221
265609886
2144289067
4088706147
546735087
841185516
3431615869
1657987607
3247004414
3051901187
2327837703
19469817
1301648385
2290111909
3695568650
11011424
2460744820
2652544438
1514758661
1415441344
3887293054
4174494690
3194782803
322819313
3000340746
3177655424
1424522130
1857453016
1914590646
4162653841
2943660211
1686578491
2137809958
1707324125
3360658818
2372593656
1376018194
1955108143
1061886564
2369651879
1546531651
448754153
519129790
1677502597
179748135
2204822349
1799218721
4291773124
2872124845
3121730269
2759206335
4030591654
2221990743
817173819
1229791926
3177568219
2942209922
2627787877
1778892877
2064347949
181084414
3833821409
1063740994
2682972388
1155915814
927222823
3981069060
3767591629
2057332196
4277934090
289939023
3765851872
687675422
2823787225
207592104
4181824086
295761662
368454816
2205368795
1718795871
127551524
3638429302
1664618219
25869285
3011439546
521324674
3625602045
2369260475
3479953419
49219015
1618822941
110574995
495666545
899602323
193507703
3070842480
2632706990
1424892883
637116941
2276034471
1281626010
3060651970
2332822574
3592425725
546234606
2108189533
2518240715
1629557456
2148068730
4274749765
642545366
707838833
361384246
1712647145
544870336
1005489302
2481617386
1426382492
402886410
1760218749
3525461309
3772892045
1446306639
4087532451
426417989
4177722731
4104286162
3254851049
4062078563
210521007
788666606
4205806853
952070015
2696852773
357650679
3423912028
2178787002
3597561469
3550112906
672080868
2991948957
1753415871
486258619
2356764841
2670488898
91693664
246811394
2968342941
2147904449
2477648766
1602022561
2057328803
2277136722
931588628
1376439700
1375852624
2768989464
464902484
1050103360
1556323297
3446997235
3981576101
1443326197
1734258248
1163033153
1808859898
1037714744
3888838114
968524899
3066469222
2545698259
2532380448
3497229528
1040025831
4168009780
1821133572
3682719349
98034185
1834278650
2090491555
1310291409
763909333
257792706
3005349390
279162448
3085432102
1696196703
1659937600
2774049135
37867413
3997260742
1056141121
3819025139
3287472216
3120577567
1505035703
1799999017
559648608
3847796338
762547303
3321444943
2051727413
3946344862
1010046605
2635127848
4276794540
1391877471
1897998392
1820576706
2595449713
2877373630
2317902769
1727094598
2981309056
3396832549
1696244448
2628453389
1281850374
1961723755
4006185165
1120268692
81335301
631259022
1351680235
2112489942
2119094090
1874055728
3104540992
1660929744
2545719398
4177196526
2741096227
50018121
2087791438
4177624127
534409313
477157244
3560154485
621093519
3090338161
730536959
75145200
406896946
3200770773
2922616580
2976657056
2988920016
693894273
2724079251
2340070958
583044864
1952616006
2664554690
3200355872
81132341
915971146
2620878187
3407443377
503770675
4151292044
2740616697
3703125490
105017056
784498084
760383677
1740115097
1390124607
641346328
1146374738
786827889
321785909
1959522988
2182392150
883910186
10255518
3157509995
522474124
2590348748
399832185
1430631373
2315377229
2596444411
3271482833
2735745433
2642252037
2094205492
3363880110
767603010
3076238900
3551015789
1119254480
139980682
952787547
2716722881
125544635
1243000926
383052612
325933560
272459530
71325154
3055741214
1043703274
4260159405
291640714
4077014062
1914937292
2134727438
2833005644
2420294202
2036761183
3867242474
3348280327
398394138
2491644598
3668426296
152152643
2591428515
4164781830
597568604
168848185
2745445027
3657082110
896109669
2974091130
1237548198
2580592607
1282563927
3857950097
2243823046
2416134302
1298297630
1557066143
2301254943
1014966696
3256077689
1508996054
180929488
3945831622
2824312448
124586981
1010922530
1516720884
620097885
2773142643
2760743918
1405270705
2096468717
1610150962
2670161730
1755393716
1192692300
1171195838
431924068
106788604
4108265088
426702549
1210639182
2954654829
3011590309
3024657793
3868568965
57077558
510603664
2797724857
261910017
138442638
1245007122
184945569
2812247100
1478638742
1998045513
686969284
4026988885
1312870073
456617301
1564466938
3410483040
4076518087
2957202219
4212346480
4209747882
1489604593
3194774199
650225131
4227881443
507498316
3678141692
931999678
673618186
308486015
2975222061
4032492385
1629678991
3583112173
2454286715
2312396618
119896267
923073229
3005057152
3088646976
2810246993
2707265212
3983774042
3220535644
70250730
3226288276
3479020221
2271137328
571142454
2680236402
1962193887
2154742752
4232853913
2627941992
2166054716
219553627
2466505263
2768125720
978408671
1972247887
3944805402
3728515875
4197505783
4293723410
4209225775
1469623944
3245159463
3000346626
3840817095
4201259635
2813029932
3138213006
998137329
2434014111
2851632905
3409422073
3315335768
3718519794
2237813777
388434935
3522734152
1320558916
1478557587
4279270795
3007689628
1975244303
387829564
2400616759
267466342
3688230737
3614441879
4114853594
3432000184
631221252
3979387060
2028458140
3807372679
3786281243
31098435
2353394208
4054784694
836559127
608187556
2792322893
1502118039
3553785363
1198420640
1825282837
1322261720
2217166039
3868752851
3813818553
1558890007
313996850
4212589462
3317651503
4008178623
3276640281
1251085911
263987019
3815021861
4290304040
1951281869
4240521073
145200985
1138856585
2544523288
705763916
2087049545
2606976553
4099424799
688968418
1323488908
234095694
625701048
553851435
3009423317
1233377109
3047889117
1979217024
542684291
378176116
520776794
2553887596
1370821508
3303190645
1447122312
1475204512
559620216
603437860
3066563638
4003806149
899844803
1664458473
1140210718
105920384
3130661591
355186322
77409267
4087119923
2577974240
2540397663
2193611522
1763517089
358846831
2819324645
393972624
2003392976
2626092161
859553335
2473317840
2373065534
3842711167
55790345
2395443700
2024602483
4059943490
2671069085
469909790
3155924056
546636548
1154264279
1606777693
2770989525
1395376604
1479089940
2822354571
4225105194
2783946593
3010535252
3888563557
545276667
2726587656
976991244
525341783
4092689898
324703842
647348134
3969720749
613685251
3227490124
460371021
1814994586
94729691
647231394
2555131748
1720636299
2117128868
2906709572
309975779
1696553083
3114584370
908036256
2893854344
275024985
2617066622
1615498884
3013871573
3395420590
2059468906
2214910322
1383955011
2703782621
3471439100
1313009548
4292181792
1237204623
1547738545
144465575
3678890024
1797616617
2315630155
1106824243
4239964501
185503754
1979196203
122575894
2675494505
4122360362
