6450694235377294934
5201238702116808142
9446192930433569896
6515749303235266005
3639513694105169120
15171607787031323542
8323629469419305370
10584535567642172283
2752210905369657423
1872226381911918475
2024618753180943589
12215599492469595426
13260948541264616429
13698791225175049406
15951266690228177151
5463592753157142028
12981538988990960761
11884244352427844530
14928458385787176146
1172472089382326655
17085855802715429155
14786310924495804366
3782821330130646586
10893107289948390952
5484967826074284609
6629816514307615274
6491098652717877910
5541972765277795593
11643866922107711607
4544727482117045287
5305694492191221415
13360529969188345550
14704791725103860274
7955001664185546971
7687067047688221423
2840780031317867955
8120089137247394233
10816183491428391511
13137642402506648138
13777750530740178734
13172540183179023922
18199329018297364771
4342067890450234162
10522543540941187936
14784496841635002762
552547021530891970
8474700542945300315
2496812265170352898
8347869938381582409
10078891932109253704
15990058070693040897
4041316773522355817
1844329895727578156
2312033717298341507
17633212741869903390
5187450155457718108
2191295507279049209
16986160675989196338
4351123362429496337
14072971285052653241
17399328417651985850
10943718157406274653
10605894387444058855
15910274189351248077
15164287494791742303
8797991738525883034
8109847895793628031
2209368662090402095
3775607037748623312
8405913399421672439
1039942590818867406
14698424135631336605
1037298162758455489
11791231643965501144
5013160204283591756
16638492831007706779
10498645122604191923
1687308165043949374
16206667921961730933
1648228875970416439
7795513984181317805
3540917155432938317
9292307695972881111
3084361579078704124
9123521800567284251
7721048487302346155
1601989214440798757
12822450864361774868
6720900202258602978
294638066199926962
16548955738924341640
11334191731692079715
14358189898668921368
9518737043651466750
9239144570000085749
4547838005404323980
10851810406210580915
13986817761753120237
16663853777495709724
11494784736143508472
14532211445947331777
17251655095626723450
298041041180512225
1882233070311304461
16394925600113006207
9914414529242080628
12379410992853447472
17590045746073152863
1599580288436773580
2793835687691850302
1866938107859083112
10818876943877046669
14454257911224662061
4743181723573555955
15155966444757490701
8850058729243868115
6377636968215513525
12458100015568331483
17995380592861016689
15571056546141298990
15345552033833844911
18115687804802011033
15578664718440959127
11831486228957583915
1424899753460968495
228225657535945915
7818434713712282884
16515111083180665087
16390322901611924134
197561075253047939
2766552346831368109
15529631737255130663
10322862196440094668
11672144506033200855
12830879627080832028
424702666841972319
10609210334077159299
674295657701440872
2067335742748876739
10352105327778187246
7439517638496145729
12212376397022042051
13972376230941279879
4859827196225116328
1140685886799618862
1423610151571908847
11212956957749667430
5850989956151474467
3138066645114967823
5949564298288926453
8561654483588556878
9506702976323365512
1567528558117941491
9954554815214836937
6157974124195002697
5212819649694378964
11901918805461626410
16023878152074166045
7477768881372326584
13007520482678519770
3526940399172974881
14069193323322584039
12193728892789872132
15890825246776067169
16517033370461646486
16042813320121694496
6922258317432708412
2826318565029988591
5064427942833786886
1169190753749121800
3350580873750731243
11214257762992376453
12890339846397827534
1885389155146857041
14929228127696491477
6394004019743774758
260602254775457417
13638831052240069861
8289019136851282074
4420744899869666925
11397467554639875500
1827326472889818246
5845577355523991308
2013810219798092801
12209423968101943135
13006104599209735294
4536858884035173662
848963460080349079
14450032995666787845
9516894618803633723
12187820071894534696
3618663130378771436
8844522610824325919
17990278105820305151
3414774158617364353
10509817409780407106
13685531324932131257
16017932519585718897
17158938853051894085
8649958107013212318
11797713795588829093
6039818034689518189
3365660757983447150
6116159967119248556
14036712019021845186
7136155732141494424
17755614253023304778
9928524041269652009
18398994493904243301
3451190072172958636
2085500225503201205
1214700965721455051
3946027879126077175
12890254842231017695
16285200094575232321
17208683929622928460
15945724447284291849
3959754490558734379
11945052000281794470
2886660005665989231
18198639965560329767
18289895993486858500
9522319104658834142
5216291695644596353
15169482065207322633
1499766737726687505
9232882579186275879
11973987619080633495
3303381969442537564
4157433564682662928
2023352417597837451
270310812159165472
15854947393013546250
50868675788419909
5416444060685013154
11919134259685861768
12741941468143057211
14033685570298284181
12743357012686952204
7969425169666170497
13093716538056962316
16335058576867815246
14088762208829166057
11898267921518493500
14613139749932285005
4947984256387751581
8632156426571449087
9864724358207429678
11034281511235637605
14202687406060316235
4050346825800115968
14914449987689278024
17270363199469401556
16447246850570869436
661401222884568491
6334505086988253253
7767392816532234922
606633129719985058
6603446368733027954
16036507846745227533
7897303509740350561
9856101999882799342
9205830148143249349
9774010456920453651
14190164041499979541
15441686269957984483
5847461756131796710
12341678785543876577
3088055355720921837
11579609594492253244
3816560417243483348
12164846676013911263
7432739022901342884
16776680592854696940
5256168546633096261
12475209410321221511
18057534156287180231
12847963682520673771
2923515631372513134
8633880731291455803
7532930435635338232
12067492406200092474
4106634140686098616
10348505246437981916
17651477602225506858
13044185703582928167
17090653066304995189
2995237471608950854
494824048329361471
5902648353903033658
3677519043254273759
14328630343325092241
2059539977944820032
7499047784160342617
11156342280734220059
1295879831846820389
13481993073934354776
13120579462932853788
14845523908958316759
9959863997965499500
10283028718039480225
8450967366231711646
2133243389952799596
12524170364280226526
1488594188929630000
18222064722827056711
486677508851666095
10743672513449990098
14762601649529158232
10060547650716110152
15696532693238017929
15205140444322453198
11619374606122326562
10610336644214934025
7371393251315045644
17581099192086291036
6160040281017919466
16236048428561366584
12994042027460437973
8398129514577388365
13896416675951028186
3098075527118433823
749272048114713298
7488015468274647408
11354561872999752608
13103166990356827964
11683319495861979675
14004358555828121725
16233524518625789331
7713975252117047016
14167720674804053513
10531690848467781099
5292246513995979300
6935144931071470012
8659606080211628545
10508400845678096576
12364008379767192065
6516754133752850649
2120985783941880982
5446279874336624285
18166641786062303356
665940089355237594
14408505659572643329
2997189671577862227
9516341691150359329
3921943618974336234
1395263050854652965
7086034138461015489
15231618548540333704
8041514047595338313
1504577067605541067
14194776957232374541
15013223231189240650
18308815402954032662
6052190629095302123
4614180448196643207
13038636115233450668
492222343803581969
9541584560839920340
17637351121921440022
9015118215696645467
2345739746008500081
8496097433127408117
10697342128207269925
11701249219156042855
6691862297218794879
14475734965832360539
8259726598147169933
7331285637008346200
5011837723253857084
12074271701458930237
264720337650330094
2831116777901869273
8312180809325289382
11063823231986595213
1923090387673516560
15365485300666621831
1499681858390827265
7281952956713566308
3927325001886158943
15548712540254409680
3565103813687031305
7612438518760905918
15632524930520051202
15804721447817458124
12510501457114181063
9191160593507534881
4004580768708634437
5995352218432910560
7575611955005921751
12770924594799443845
15965766224325724309
14139089674026101570
15139206095685330087
9635378346009140024
6514043648954400287
4523180693777704612
13844617225220918649
14656658239746301248
15113859059905504330
7244576115196571077
194002503167253488
16813319291004844455
11649043023878685138
15375251435674857720
10230147432750049463
882839567758814643
18251910801677312012
5157846716302042382
14890906747246361759
14421268301879419701
16658175859028794442
7233097411819009480
10848031865946231559
4889294993505817233
6156890342512634228
8860480296539555797
15067605709282946699
10139471885851450003
765013583756282740
16128239821256292336
6516723376944412690
3966031494421552780
1651433415893785366
14922397154323970981
10897697939056561371
15689079242697462077
7706093745844197161
1640779304204057199
17023627497108873594
2057413849241722444
3546972138543530018
12400393539444596588
183251758358779354
5062707256344827502
7353683716518352802
8565020451794779359
15615437681777031535
15292365528180134291
15622010867380650600
3880839555444923254
10814349933537318122
986578783103250748
1788993119914700875
3790890308041132106
17631926634817154199
837932435363191807
4601102588747206373
7659383527896769244
3202694299054802248
14005659960005786974
16515705422708199233
6545957535491223346
7035978453031943563
1364269760085848669
12186193760145746348
14272859728265061022
3427114415552850489
12610965705124577541
2463359180036327771
14382670929464224767
12649592568192556475
583550963440231385
18230076721200652663
8433138970786406572
16558724572104892866
2414190294671465103
10848808611824541221
6451416153255785263
491590545467304153
15652326124066220159
11147898065906439410
16481666601756823288
14354818167895640774
18275725948155727774
14506479531715393946
284768983555104230
9537528461810387555
10367368652558741296
13445211021349930901
15382784311630929984
6621298018926350171
16956017048232059280
13731208775495938884
7041201181444611642
4623113567481850736
16197439454164674191
1596618084053171605
9352861674751184237
16845735373721335509
12697220552204803271
15137639956679403613
13266269765190045460
17442786702001220628
14971889373576785425
7695886307291775008
1962242425386827941
5287386405318212585
9909841921148587718
11807867378611448811
4271651681155306837
12373522473455140081
14560769021339043180
13749971006277778268
5504896011986088255
13439395519844528006
11864473184255905385
5008070668360480938
8972109094554408339
9182882663638467432
11549206264984281014
13422790139198631728
10050820521421850463
4738435870721437001
12193037495830011405
4816923297922466563
12423592145235879784
5458505059871014167
16664151740192749390
17990511110492817985
9485757160565293734
2771076562551292053
138845588083077706
15578840657154865986
97191097232736939
8962348282360949294
9849982442452354296
13660145172955242729
4435285647556256124
12909099222517198739
13988191315940767093
15904155169820545261
17965872626131452931
2953989036518614426
6545188358522765365
1427216055580033121
718361267222581833
1574697571819528625
1773729338414519549
3307169870403730072
12621433438938630991
7586830823045343226
4783928467274541297
8014472516133069200
13797399073472901543
5903412713620393210
7453935115469557886
2203013893160879414
294156906878861308
15332341872615939840
9464892213238958638
5434135844111864977
7997614306198496279
10489325740693443478
13601386678017459695
8162469337397689579
12861409295684439830
15336164770516060762
15711043886195378880
11558597045229735688
2875080410309845140
11733658788640110253
2050613904076600413
16912145129908968395
9972232704449903391
11593490684572632262
15210898680129184467
7195878590055020090
2316307149158831152
7741647087485565678
5545606363127294667
10648096194756472987
13984310148818382178
1049894984044802640
16563644582572684519
5702936971426712174
11282172475659000510
12276093246837755336
12963514988496317713
4396985570044903760
7092543972145724946
12850738246773974104
16073398181111226527
11980996499489860639
2196451137517338776
17534868472259277282
958935612802049168
7243352210551348368
6088398654062186336
15494580620562345492
9776487985965731604
16936536550118778637
7905696471593553283
10886211516276820398
4687730937906602163
3552603718155346891
3334760413290846353
9507385839456900719
14550689135054874505
9224753341808048152
14843372483307182814
15780436392847707760
6462694647570183932
12640846636724952857
9732436392069480833
8076020122794283039
6741766649198481439
10469137774743695375
16578231301454052416
3985629285847612617
3912232676344417708
11527185795123514631
6475447182108080740
12717568204020022346
18004895423515925547
762020535361652510
520381717705385301
7770680383002293208
13233474927489880019
17607368662946255301
4253859862511036045
6850484872202139509
9418852214547944883
13900794868488705637
2123972026450986391
2484561580536105279
691115450702769084
4892098195483467343
11293781275686082138
15148579700722664036
3841432902052444611
11618843029731099175
9981186029785576008
11876506270081726944
10291779964772353851
14929711044417105374
11482706443094487110
13465338416017576715
9427147063994586961
16788467776744361663
16784757752563908893
4493332051695206379
12196858750310461825
6786579350535569569
7872288268795519638
17344151041065325646
9442661957276768160
1689441689135540646
8462750826642550490
4177717985830849437
5437313891826487615
9346672098744440181
941185918587248799
6029324260146916662
633586530535056163
15920922896573098065
1090738754712584985
12099229792046301180
15398039658166033508
18159263815726404081
12200457760740893536
3926261231038027757
3054644888371763165
3241844887501653585
12787676552978181568
10584340035994615443
16470960183350789098
2333852797402434617
12080950850424572632
11377137043350355008
2446396950776445274
11861299499200458571
13666170459243956
6225884292994100437
10371364601211324089
2226811279438376529
5626812014904234609
10558520851449610829
3853448407620558821
16158200428660921822
15317358180030323089
10354583391881919260
8108916350177765634
16275689555223756319
14715830253701423115
15954009039893321534
2914479841905455987
5638830586547800377
6544410105091175122
7522065407338082387
3576164874062553258
937048964409573734
7910593859856440724
12123808799041617592
4869989582274863323
11824296670003997350
678232716556980708
13085853110376446535
15930219722578138386
12740494507945075828
15582251307580077517
15549485045281396348
17292027785659533207
16777448112561620451
15532073379158346542
15387988105803460843
10001486308884022008
12514603658396837648
9603829221318790611
16444999136986797653
1109750845344279511
16856162484770794952
4915681191530239717
17705040161236320716
15475450456105439416
3908365949831328421
135510166510585329
14354453025563632143
9978185884639347961
10877844369138798333
2355833175429097579
8715749687453334535
247036191066845774
5945247011323792818
10942104036495023908
1915456428288717603
5490785075343299227
15527262851214664124
3454075703199591423
6322346914247264049
16876869847985857651
15859607239304216611
17865855671665912416
8716999723114920487
14751390197712426436
11142771363122885559
18344785908906058035
8905618463817887136
213093168606997748
5200378680943779869
4306449564274442237
8147147373488336300
9233593880252299428
6320503549971281642
9921721055984596595
11627022846424174701
13035088036513093342
13256571351767670921
7607289737691763712
7174079587727244456
17622491443321411599
12678084229439337793
144086594471804446
1231730873315118625
6903293483219509368
5476379834159986969
2956263998362613545
17535315978894998680
12984250527572842761
3803136758344409266
5239428269634465463
8139183107876801084
16708400839237329775
15389510509943470896
12698225517733891963
347186800941714844
10916309101436187076
6240265209040939565
2622755184643925889
4423715671143798954
14637613865020824698
1540578747083916874
2597386358041645406
16134277003894646686
10076877665814527389
16024979289468286653
832824647628871221
16837810570586738783
4008948230480220033
1844922311038414752
18356556012481283620
16415506243264054954
9672086987578473377
13044072805392792210
14719178666975156197
11613612054184996785
15835956276322211715
9643531631050841252
800829965614738580
11107947114056366699
2604075223337195343
5104092043863404880
13964954852524722198
1545931199198713620
9552742277875088442
17399133932974759584
7004941129481678301
10707130311977952365
7955721986625893766
17166681915408914590
3019458215475095227
8458939644903081473
17241256641089829676
483308739535284268
8995348197756114354
12736450855833519159
14168418009689747707
12692027720488298358
11580944310339721725
6138944214250141433
5832712618007153211
11418741700462104488
17567396795402392012
3678017051087470350
2737978002496112612
15803181121492185505
11197519400461713179
17521371449679199143
15326102594879174081
11027304605103162866
2466431564275976072
10493359222164203285
387345484920711977
1889397728226887500
2417537452456578817
15434998080070230468
8088667841539389571
10775494208288308587
13463326303324872597
11032682211269421430
10249212094033427080
16173740995367021286
16722665999868358030
6402674389067154313
2779123716281896955
13590962235493230494
16917430922624057132
17286190266738947958
8144769353125946857
12160017704502297756
5036788766842487536
12409858219640956577
5573560358651710380
15419647060378060539
12315870226237282715
16514307844330965687
5657799993109409266
4149010184819275235
17928641065525780186
12017740627226484067
17629703246111521998
113284197180055616
3266823960051590862
15850340522385669280
3943225003046864853
7634197861693928744
15046805268846855398
10453178538438647842
6357764376923824059
1875256916712252876
5883792089998452736
14033306265419106811
15962637824359816857
14711766572138442158
10073957306263202803
5104197777722612089
14154536360838676628
15659874127748530576
3677444080007629082
641522548086528809
9557635816082709062
13606834429775482829
14377898765425996220
2569576567702390755
10022174631773686866
2643682892307786058
11363020372098181153
4474814336950220926
16948812225133866439
13622246421118025719
92776465847811240
7375354120206267923
15064850930369901354
9807840540496505446
11430825274073831428
9956373503566152147
5254727922290772324
12406834941405822714
5801283276903259451
16593560593954458882
1356969741048557734
15429050300022319077
2689956612799015120
10577343780679894205
13417080915272477974
5884503242580369051
5307707878103266956
5118446733223256649
15275410774911228883
8656831558604492567
1146836690036574937
4429822269688214445
10932007575757385982
6703219046169356944
11932614650753120307
14256207898783998170
13847428071947220698
10172795356778980906
10527366668404754437
14164858829686961377
925112824059096528
3130320905021381950
7916196990208437709
3035232832160654096
4347059074350851662
248806650433745987
16903826002524385624
13287814248008059796
7033853250928666142
7357803638466006052
17969430981293823585
2980236158942997778
1074887591324499537
13075117996003648970
15735402811224568604
3385004132693892324
9116743918957548548
7565602573951583958
9627984269998145276
7694801865373857346
3231898613152231647
5744314402773464133
13198763496489689259
6749691664502230190
10294409472516599426
6984169924041197371
14351960366072882487
1000940560271110771
14685457373310557075
4555053864089467987
9949347575024196115
16746031629346162723
2593450904790379602
7577183941967617906
2639212518990792190
12901798347456581345
1074919928177146564
14331605158333905017
5360081811830793815
7027396320866149408
5156398496266593091
16454872424386495216
10055279350063782207
1772497503214906486
4454849812606246143
16495383874798016846
4520163021736711067
693894353309192433
615004954068409116
8109312810458896873
9908708573832605114
14091537834060714416
1872153697892510947
16355649405928670919
7234047001274227648
12849049294232924806
16873309134362902777
18070364699335943054
3358297739036960124
17322622565414889448
12002172987259508159
6256353742353831253
4003836969921487693
5845781167084346861
8966232356375211131
5962880403368295520
15651907059447318983
8101953571478029830
8719455175777124814
9842260672567494773
10251170971682116273
3565203510189554136
14290115089820816495
10266100212216781184
16855437987250290700
10639116653858569259
7568117877982330311
15575586868882854362
11052739355145811117
11800716321824094619
13416029472629396065
7337274167611759036
9316295175183417482
18297879961380016237
12361510102095007557
6803090477529295852
8735001764293352772
1042095814117873710
16555673687784018489
8495064746436544226
