1 26899474
0 2490114529
0 2574214689
0 1481733309
0 4085175158
0 519291492
0 542518231
2 535688615
0 2889091828
0 2546426213
0 4003049744
0 2050394288
0 1473051674
0 3179184959
3 3274127401
0 1848404431
0 740688733
0 3464115370
0 2309741434
0 1874397558
0 4291147012
4 425558488
0 1894335313
0 169204942
0 2499085062
0 729289225
0 2148803358
0 2687170427
5 1097306152
0 3127551808
0 3596061702
0 1426911176
0 513720007
0 3071770860
0 1504314218
6 3087841401
0 1269869330
0 2253187081
0 239169487
0 1591094075
0 3980676226
0 1914942709
7 3334563966
0 2765230667
0 1054080714
0 2559874831
0 3851933202
0 237304874
0 1256410080
8 67031633
0 1203974525
0 3991342558
0 1072007740
0 1808677470
0 24750676
0 3180616583
9 3358532960
0 442161747
0 4246313431
0 2734061039
0 3333918467
0 3523202470
0 1166024947
10 2272807862
0 4206885700
0 3005338845
0 553057860
0 3956494746
0 1540367325
0 125101433
11 3222300515
0 450247049
0 3694278487
0 2605816643
0 1341115437
0 866912198
0 853317255
12 4267606135
0 3127423136
0 3385918533
0 79106972
0 2913723600
0 1741198537
0 1590551874
13 1828000156
0 3658085188
0 2943204326
0 3236415162
0 2332756791
0 1422081990
0 439706009
14 3695814979
0 1984325364
0 2816882010
0 1718535753
0 1267092022
0 2645159474
0 3514026190
15 722054121
0 1213785284
0 3247099460
0 2635895568
0 3606999540
0 3785573605
0 3052127590
16 831322906
0 907633311
0 2969440852
0 3154031033
0 2223309964
0 4035692128
0 3619495968
17 670537300
0 1974974769
0 2896250106
0 2944931712
0 3725513978
0 1603793828
0 2817406579
18 2726509785
0 2629514579
0 4186741370
0 1060576007
0 4223373861
0 3409226793
0 2896276213
19 274194768
0 2428603081
0 416262317
0 2305112240
0 1064086231
0 1759265272
0 1213226045
20 1194737227
0 4238006846
0 2578862893
0 1428587137
0 2873476362
0 1743277530
0 3248272626
21 2965251834
0 478931377
0 1966474509
0 2335262148
0 3288596954
0 470292924
0 2262215653
22 1045829155
0 2718949568
0 3612162354
0 89653375
0 2295760581
0 2937039834
0 727565611
23 4280642465
0 877585537
0 2933651364
0 1198135981
0 945292505
0 4253592768
0 2709555812
24 1146900178
0 685317133
0 2806516203
0 3253886635
0 1260005384
0 2703776413
0 4286388563
25 1407515980
0 1079779715
0 3221027565
0 3833208487
0 560380504
0 2857884266
0 469739510
26 1824059736
0 1511732748
0 3911000484
0 4192755258
0 4246039310
0 3366645886
0 261513974
27 972596763
0 4250209591
0 3478747861
0 4254760441
0 1635453185
0 2860199226
0 895617923
28 3594568567
0 1741638175
0 1610030352
0 2891904978
0 1310005488
0 3389768301
0 104303905
29 1339633530
0 954882085
0 1410233656
0 3238348949
0 4275653056
0 3537678
0 1739793117
30 3204337474
0 2502084345
0 3401109743
0 3964640747
0 1930444941
0 4119440488
0 3282895046
31 1680946307
0 3429437917
0 856443128
0 2895402702
0 3978633122
0 1676324666
0 3870099054
32 4043105000
0 1412328287
0 2454967404
0 1873516031
0 824632303
0 1850377881
0 2307968933
33 1985394744
0 1105964279
0 1615949843
0 3742067352
0 128209744
0 3661210275
0 4171642006
34 3927619008
0 3673017127
0 1254894601
0 777701528
0 3502573479
0 90945043
0 648398035
35 2931996590
0 489793877
0 1391503520
0 2688637456
0 2854222297
0 2878349152
0 646043203
36 413796993
0 2917371205
0 4267287934
0 73185732
0 1791186177
0 589242602
0 4161418682
37 3086791451
0 3782730107
0 2577468515
0 3030580678
0 3877932382
0 4035426416
0 785551764
38 3707102997
0 1598348765
0 1000015865
0 3438560906
0 1150660532
0 3723761372
0 3877474629
39 2795189525
0 4104941179
0 2225420360
0 1219993810
0 84338908
0 2051844969
0 1936570266
40 2557247190
0 1053629337
0 4036543944
0 2514491190
0 549909270
0 1087574785
0 3254182640
41 409723439
0 4178307864
0 3509034358
0 3296041517
0 771095886
0 2521685107
0 995546018
42 2926699352
0 811237012
0 2418034818
0 1071796489
0 2307623909
0 3240308794
0 3799336846
43 297488979
0 3729074402
0 3616321048
0 1687039749
0 2458028298
0 2947513369
0 3100465034
44 2675051705
0 3417526488
0 2469513830
0 3928907598
0 924972941
0 3302455695
0 209864260
45 3251017306
0 961544163
0 3536836779
0 1520778554
0 938857213
0 2077621293
0 476169203
46 2423039149
0 1167158293
0 3945105093
0 74905370
0 4038461704
0 1032324618
0 3028147962
47 3844544011
0 3084693723
0 1766781026
0 3328954664
0 841517422
0 2421692388
0 3079566658
48 1996490842
0 3772305829
0 2607602073
0 3754339082
0 3036803396
0 4288100403
0 3125851818
49 711619799
0 1754241647
0 2793783426
0 3816379058
0 2990561502
0 1151786588
0 616373650
50 3106674256
0 1026142200
0 855910474
0 1340939756
0 2377836540
0 3505446828
0 986426973
51 1086143131
0 527363787
0 1496195441
0 3955401855
0 617522633
0 3626736560
0 322809188
52 605960707
0 771910287
0 1864381368
0 1532086620
0 3991524319
0 2128504011
0 651422073
53 3342509564
0 1910787433
0 575201017
0 108154683
0 2550633515
0 731185604
0 2309262493
54 2702192860
0 1908243220
0 1129039905
0 120739451
0 1191259827
0 1218027876
0 723382784
55 1341390995
0 1304893386
0 2312981928
0 2789124045
0 961954039
0 1064321303
0 2101232218
56 253721676
0 320161972
0 3793710326
0 1275847918
0 2520439115
0 3331004601
0 1454134480
57 1269112104
0 1404687966
0 1477353445
0 1529192758
0 4142081259
0 3922730026
0 1222325357
58 949588872
0 4066121996
0 1378014594
0 1206505684
0 3813432612
0 2113922521
0 3227595659
59 3963427604
0 1338439791
0 924696395
0 1798671555
0 87569717
0 918235907
0 169312933
60 1069671996
0 4087150575
0 587134958
0 3152894748
0 2786513466
0 1995572074
0 420151092
61 1554074394
0 3655519467
0 4001335850
0 1913768516
0 4079065840
0 412344690
0 2228933630
62 3023318531
0 3487003488
0 4142024457
0 3474905453
0 2777091691
0 130177596
0 4244480745
63 3407199105
0 933224050
0 1897529570
0 870232429
0 3487123893
0 827759578
0 579534472
64 98094852
0 200540936
0 1356830933
0 3402928561
0 3261329773
0 1115110780
0 4115882256
65 3122739014
0 2941652462
0 678124473
0 448902075
0 1931788892
0 1623516445
0 29945585
66 3815772172
0 4076311951
0 603380590
0 2103058820
0 254813701
0 3026766549
0 359894709
67 52181553
0 1628377351
0 2176243674
0 2223752787
0 1434479480
0 2960251052
0 292260112
68 3465148660
0 5786023
0 1819587625
0 137744570
0 877557141
0 2468232400
0 1654613982
69 1222296412
0 3431649038
0 3159341799
0 3742557093
0 1081331736
0 2081602390
0 1115693757
70 2014335572
0 16917966
0 2508059272
0 1868837043
0 95628736
0 1512373928
0 2123036284
71 426742246
0 3881279542
0 2191523916
0 4234753782
0 4157801866
0 1878390960
0 3521224250
72 1016284112
0 204175379
0 3989260892
0 1359862693
0 3735369976
0 3450198394
0 2693275061
73 292822149
0 3513764906
0 2557727075
0 3992948133
0 2566127606
0 138959342
0 443140118
74 2616509941
0 1828597407
0 24256641
0 1204928315
0 3781526540
0 1299042243
0 1290408735
75 3936669269
0 1649338549
0 91820541
0 3802214000
0 3873095123
0 2537292976
0 2132340049
76 2667581345
0 4030827689
0 3060079181
0 2547235721
0 3103555056
0 4141087011
0 2068739403
77 3764389387
0 1529320263
0 4287933062
0 2500400162
0 3863931858
0 78469367
0 830100435
78 1532946896
0 1393341903
0 1408571618
0 1895790730
0 2272462434
0 4288020929
0 1082200330
79 1103197439
0 3123809844
0 2026917701
0 1886366315
0 1944258816
0 1771866570
0 3225189589
80 1999330904
0 2932762844
0 3216953766
0 2156418664
0 3526828799
0 874349436
0 3124331601
81 340401233
0 1603967250
0 1554098837
0 506401868
0 658807424
0 3156374947
0 1383501744
82 679196568
0 1453338328
0 2833751588
0 649039172
0 2439617527
0 2181528887
0 1819285638
83 4234010534
0 3577746495
0 1543122634
0 833978493
0 4292277607
0 535911649
0 4081877082
84 3403379764
0 871258781
0 136231730
0 2396619099
0 1327654296
0 2307593768
0 2113986412
85 3260966634
0 3666270146
0 3815692911
0 1062578681
0 313038242
0 557133477
0 103137178
86 427060493
0 3551363302
0 745459607
0 4110087404
0 378509308
0 1437320163
0 1557069863
87 571680921
0 148382996
0 2569240214
0 1634588508
0 2182726197
0 1127788314
0 1871610292
88 1579045777
0 272581763
0 4121490217
0 1880659639
0 912021259
0 4167265401
0 4161204677
89 3932403071
0 1044251796
0 1874959570
0 212639040
0 4090770418
0 1087931626
0 1502904568
90 641837223
0 3664389553
0 2522188590
0 4127979184
0 4227423765
0 3601212834
0 2737656562
91 3874391811
0 1025909519
0 121637661
0 3327642449
0 2343519932
0 3623359235
0 4118632340
92 3036002332
0 4255903013
0 2298602739
0 2576737246
0 1492992979
0 2914868005
0 4252375322
93 2819246704
0 2630667025
0 2453292602
0 663899988
0 128373430
0 2412838512
0 1449488156
94 160439225
0 3010367093
0 2180981172
0 1133554681
0 2499806482
0 3281693600
0 561747871
95 3235133086
0 3582199087
0 3194347291
0 1087378970
0 1000487223
0 548152985
0 3447284887
96 3896786353
0 4033413381
0 2806812300
0 1244542655
0 3085605678
0 890144163
0 57572310
97 1992200066
0 1857496973
0 3561790701
0 3694962553
0 1277777705
0 3434377212
0 722070808
98 2729403378
0 3325300606
0 53400803
0 403321339
0 3110415951
0 2083639922
0 2768677418
99 3327805161
0 3103844046
0 2584471268
0 3495833174
0 3113635534
0 1144131079
0 2778294639
100 408015372
0 3800508015
0 1050722080
0 2688271015
0 2355332230
0 242675280
0 1952926290
101 1484028731
0 2914289626
0 346725719
0 473225643
0 2249457543
0 1479763903
0 2939275162
102 1332528046
0 3457990047
0 2949999730
0 1476089467
0 2584613338
0 2764222219
0 2963627457
103 285373357
0 1613727045
0 2966794093
0 2539464616
0 637680250
0 4030677841
0 1413340988
104 2417525062
0 3095678664
0 244964886
0 1389290528
0 3586368621
0 230771517
0 695785464
105 2563235384
0 757670949
0 3994058476
0 368442151
0 1465456863
0 2061475140
0 282305023
106 2887292154
0 3868658491
0 4202398936
0 1935653743
0 2580649254
0 3049682084
0 383555460
107 2820960247
0 4154301448
0 3623083224
0 859343295
0 3316719491
0 2808935372
0 1975003252
108 3976721626
0 1861042147
0 525890817
0 609215119
0 969494338
0 39742471
0 2202796259
109 2415336721
0 2195765629
0 3690476747
0 2877671346
0 885084060
0 223664274
0 2991036427
110 358856660
0 646850165
0 3484795709
0 1985934334
0 1410626029
0 3622769194
0 2602332199
111 3832136780
0 1717853512
0 3861437882
0 1288713353
0 2936018797
0 3588488360
0 585865863
112 125441172
0 242873056
0 457842448
0 3771140535
0 245350392
0 3261494676
0 183698976
113 1935096398
0 2676406236
0 1736758062
0 2373951005
0 1035994948
0 2305465284
0 3610636655
114 958327334
0 835167533
0 839129096
0 774276281
0 106011277
0 2441154539
0 2448364756
115 162342177
0 3349923598
0 4075622135
0 1366090638
0 1601486511
0 2149558074
0 335700804
116 2494067020
0 3821968619
0 3344922733
0 3733937933
0 1116533918
0 3248427822
0 3473251470
117 2586500593
0 3237937057
0 3543244172
0 715311008
0 3671212334
0 4053374948
0 2562084511
118 3591973496
0 1148574329
0 2193864901
0 3366246708
0 2609062462
0 2378233149
0 2109095002
119 2411890982
0 2604560180
0 807984638
0 2772160164
0 3422241632
0 9826350
0 2967520731
120 1637608757
0 3955094020
0 1880470720
0 1744237819
0 946629517
0 1869123669
0 3766080749
121 750754524
0 1693500749
0 985701519
0 4143817274
0 410391661
0 3384383153
0 3005014199
122 2341730260
0 4257071637
0 3603940629
0 2173615433
0 2601183644
0 1783561589
0 380502171
123 3322815515
0 227480092
0 1456688306
0 3175925894
0 1658785229
0 435906390
0 3000627811
124 2691319692
0 3741582297
0 994436023
0 168402575
0 1597828833
0 838374472
0 4266186556
125 768270329
0 1732185209
0 2266919195
0 4121030298
0 1816559979
0 2375056184
0 3651030567
126 3863159939
0 3771646833
0 3688525463
0 1625223041
0 4085530599
0 3258974156
0 2608322725
127 2754828824
0 956792931
0 521416273
0 2859317883
0 1892321733
0 515581484
0 664867365
128 1472728989
0 2470226274
0 2042470626
0 1726866588
0 557997105
0 1817188757
0 3228785139
129 3455325044
0 2063534732
0 3903280077
0 3193897621
0 1962828288
0 4179249437
0 4240287537
130 4073465488
0 908425915
0 3326079747
0 3642794942
0 3618446112
0 426931909
0 3586439129
131 2585885052
0 4066529218
0 1426057655
0 2711022459
0 1796836754
0 3503412976
0 2744020633
132 171571790
0 1557663205
0 4139170471
0 398718150
0 524450908
0 590080444
0 1015963759
133 167672944
0 417319737
0 2898795054
0 1003879723
0 4183643837
0 2054110228
0 3669934647
134 1780669468
0 1935204073
0 2019811830
0 1258961385
0 2551087670
0 1687301413
0 3422609388
135 2132255726
0 3353484462
0 3626629052
0 431990415
0 169131685
0 1309114966
0 2252851307
136 3270399960
0 3483736200
0 2596407044
0 927250658
0 3414899597
0 3016228246
0 2835051892
137 1848974406
0 2743738585
0 2704925645
0 2831985331
0 421498054
0 761674261
0 1434707576
138 3458820161
0 254958700
0 3887483154
0 2817646738
0 3092915961
0 2847439015
0 240042818
139 4272926270
0 3775627183
0 1753074408
0 3010348908
0 3783203120
0 1962129603
0 4216915373
140 3834220954
0 627257866
0 3092726001
0 1530361593
0 2161512302
0 3393544797
0 4288063453
141 3035820467
0 150228747
0 1196237998
0 1976213540
0 1532770965
0 4157231120
0 3853811773
142 40991889
0 3593313089
0 1762957166
0 1044269884
0 1225571112
0 1328311880
0 4183606266
143 3253934206
0 2591346045
0 3093816696
0 1765414248
0 4040587313
0 2516790789
0 1116195175
144 1257260888
0 1265103639
0 887312367
0 3807392552
0 4010839232
0 4226122777
0 4267305776
145 2905696148
0 3836987159
0 3393529083
0 50255264
0 3516196122
0 2891341462
0 131435053
146 3418123725
0 1525850962
0 895991540
0 1736490155
0 1764455522
0 3359518176
0 1240308264
147 4182045342
0 1376325501
0 321766442
0 292777052
0 4151007502
0 2493919068
0 2017466725
148 2981446742
0 539300831
0 3570145896
0 3285469226
0 2629633401
0 1350774296
0 1669105793
149 1414862762
0 3342496451
0 1610343200
0 1320507841
0 333569951
0 1056661134
0 140302642
150 4288307898
0 760487491
0 495789575
0 1342704001
0 2072156478
0 2570106109
0 2069969921
151 2719246630
0 388885099
0 735888496
0 1104886338
0 3511018018
0 3604272709
0 447314041
152 2212323720
0 2087271884
0 2531307639
0 3531434292
0 1683762159
0 3207062909
0 3564177863
153 3965037652
0 4090459240
0 2433835301
0 3049721784
0 3097736403
0 3483584769
0 114175242
154 93436836
0 3961863752
0 3900111349
0 658065732
0 470022171
0 302416385
0 188810127
155 3871179774
0 3255963050
0 2466058708
0 4204608687
0 442724710
0 1687834970
0 581096451
156 3633761230
0 1034870754
0 669255510
0 627774688
0 2143423918
0 780418001
0 2156325896
157 1825473514
0 795226492
0 1262560949
0 3650232503
0 82709783
0 3690573356
0 1442664141
158 2407473677
0 1805163513
0 1890574430
0 1154741171
0 3505098837
0 4014892383
0 1348128876
159 679605682
0 2075322766
0 1148197957
0 981855041
0 314973393
0 3897820942
0 100166849
160 2128149491
0 1699991537
0 1845156148
0 2009788164
0 2992402510
0 4024896596
0 1175292388
161 410647345
0 2052741011
0 2223574341
0 4251613817
0 2537228200
0 4284327045
0 2693794382
162 1651315193
0 3530084473
0 2413114161
0 3543447365
0 2904737095
0 138511741
0 3256096993
163 4086656080
0 1614246869
0 3195425495
0 1386038215
0 4200680118
0 2908276483
0 248319560
164 3921653654
0 634839112
0 4002413414
0 94267618
0 376404990
0 847863626
0 3754268911
165 4144440029
0 1052867174
0 58431157
0 1022461329
0 4148174339
0 946011615
0 2901245035
166 2799647049
0 2483559739
0 1020020215
0 3472051561
0 3243482360
0 385891556
0 878517012
167 2124438469
0 3627905929
0 3763227481
0 587069992
0 2269032278
0 2322943595
0 2083114793
168 433940919
0 1925185546
0 227120613
0 524910131
0 3309875629
0 91486972
0 2073431937
169 3426669795
0 890103473
0 3195530161
0 3555762953
0 2551491489
0 4056722021
0 2510367136
170 3152645270
0 3538771598
0 4289410417
0 3249977346
0 3497237534
0 1842611327
0 66005481
171 3508819534
0 2695612855
0 1201335218
0 1224605310
0 520523817
0 1069003207
0 159969177
172 2106293097
0 2608690612
0 3965365235
0 1114817936
0 1446563175
0 1762498770
0 3746391910
173 500961522
0 3261301864
0 699020153
0 414294749
0 3734641449
0 241464834
0 4229476555
174 180527233
0 1609221803
0 283277172
0 2849325640
0 3571262103
0 1438120154
0 2723627255
175 4211516403
0 1868713370
0 3848838631
0 3179075704
0 3560439941
0 1684837368
0 3434048880
176 2141289400
0 1852335178
0 3233366791
0 1211630881
0 299354823
0 2824056443
0 31172899
177 4092743766
0 108227014
0 4215280917
0 1834110676
0 4104855830
0 2804973554
0 1577085794
178 873210001
0 2653864883
0 2316292922
0 2701851734
0 2179605636
0 2610114546
0 3757127814
179 310426992
0 2278541663
0 3807812351
0 4160544953
0 2960121850
0 3430791806
0 3158882999
180 666652026
0 2260403956
0 3910059099
0 2523565500
0 2418687222
0 161265579
0 3008659590
181 521497348
0 3692675133
0 1165610511
0 4238707273
0 232786357
0 4019987870
0 2701882446
182 2738991760
0 639579558
0 4112542716
0 3082101610
0 3045694817
0 67968426
0 2344964916
183 1994542203
0 3096301385
0 3011868552
0 1980505305
0 4273049199
0 1523558800
0 2313197462
184 1814719829
0 4053465498
0 220334539
0 4159489833
0 2237393183
0 2901628815
0 1423631870
185 3303850133
0 915541985
0 4223613360
0 2050008824
0 757523769
0 1288512601
0 2561550720
186 1802632339
0 1094473113
0 3714207917
0 467390207
0 866073023
0 3413186351
0 1716569864
187 1928011001
0 3222294416
0 1158186638
0 542802473
0 981844735
0 2203765394
0 2096462097
188 3907168377
0 2753374039
0 1335202372
0 2466176947
0 4089094268
0 1195003699
0 3507521231
189 2941565432
0 2713696648
0 3260340745
0 1119810622
0 4078949920
0 684875914
0 1362227210
190 758117605
0 3100453980
0 950086403
0 4265192115
0 571057727
0 4263327515
0 35026068
191 1833000434
0 65042712
0 2683927182
0 2838292481
0 422548441
0 1930510411
0 578701399
192 788336612
0 2517112033
0 1364650825
0 2549349938
0 4146832433
0 2780584092
0 643435313
193 3197581799
0 3238090481
0 4054167194
0 2498845228
0 56695112
0 1810841097
0 3439247112
194 1678901669
0 2196687805
0 2756944884
0 186815563
0 4195573861
0 3966804919
0 1696585022
195 75177945
0 3217091198
0 2354153926
0 3131063742
0 3887954238
0 1030360204
0 4041710245
196 700594837
0 2122109094
0 3600550167
0 2701007713
0 3576118083
0 106284884
0 2629721336
197 2356330632
0 2537282984
0 4256272176
0 2607265181
0 2094667401
0 4014532788
0 1394076303
198 3226209302
0 3813075744
0 2197565384
0 3684564033
0 3473387173
0 3627042297
0 2367784229
199 3121761634
0 482138218
0 1670233730
0 2966176470
0 2923630171
0 1629800631
0 2820130350
200 3657280249
0 1871711456
0 1433353246
0 4014989240
0 3185523992
0 494384548
0 2355563355
201 3693782838
0 3788536375
0 3481943436
0 4157679115
0 4286188006
0 3703573229
0 3925403400
202 2452689166
0 2341735324
0 609228215
0 2785972832
0 1681712152
0 2886516655
0 210938228
203 318219646
0 2336997726
0 755363382
0 284397594
0 3653272475
0 488809499
0 2437260753
204 502514022
0 2589723862
0 3457638092
0 1882878053
0 2757769101
0 2760823838
0 394036806
205 2241212799
0 2441144332
0 3508592223
0 3768939009
0 2274919448
0 2922072542
0 3292229376
206 634534281
0 3514902003
0 1567261904
0 2483022439
0 1138087686
0 3475740543
0 2100196641
207 1062490489
0 454847986
0 3426340497
0 3388821757
0 1224449026
0 705324585
0 748058643
208 2146648186
0 317561309
0 1415231615
0 73211696
0 2083505349
0 3471258313
0 1050064189
209 2796141875
0 2572093251
0 10963337
0 3690855961
0 913234859
0 3364886717
0 132305644
210 3217340129
0 1462822326
0 305401587
0 3069011635
0 1670639097
0 3528616219
0 2019452006
211 572565134
0 181159818
0 1073542618
0 887610418
0 1052603656
0 1011923140
0 4272421802
212 1915585239
0 3959370823
0 3893011504
0 2450384309
0 1925577602
0 3740135587
0 379859004
213 2813540980
0 4179539407
0 3736536967
0 2058485022
0 1507222777
0 3049125234
0 972368307
214 951333048
0 1722284067
0 2004614818
0 4224900551
0 4017205078
0 420711476
0 2781016773
215 1556423539
0 3390905748
0 1931253493
0 979155262
0 3704864669
0 277372513
0 4214717683
216 2524184242
0 3957446472
0 2643206833
0 2187691553
0 2567281824
0 2084651507
0 3156355158
217 1843660241
0 2859706926
0 4016302208
0 702581689
0 967425203
0 762753462
0 3970821894
218 1052111310
0 3593277759
0 3781467080
0 4099225443
0 3152699594
0 181314475
0 610897159
219 358238272
0 2093794681
0 3833112369
0 4212334566
0 2238952799
0 121732390
0 4112605268
220 267238276
0 1952490079
0 1283553003
0 1576029444
0 505595020
0 297812483
0 2916250773
221 2841527544
0 2551270422
0 2618618440
0 594477561
0 3381403063
0 4024576476
0 915191896
222 1844837677
0 896435530
0 603750928
0 747675867
0 1050689585
0 3793976862
0 804955966
223 2974399261
0 2142162994
0 1878114381
0 1350912757
0 1647938424
0 3098987969
0 2045691805
224 44528880
0 2720598391
0 3617261304
0 1614268341
0 214787619
0 1842637564
0 734418131
225 4101128207
0 1442538062
0 2468378403
0 4017686866
0 1750209294
0 736276332
0 2488044397
226 4159399899
0 2101705715
0 1037262610
0 3714624832
0 2050477797
0 2991775507
0 2447654284
227 2442005275
0 3716105483
0 3321869310
0 4118927100
0 2924855754
0 2476212665
0 1124034076
228 3984019839
0 1460667274
0 4112245065
0 870509841
0 4248568415
0 1713479995
0 4143925912
229 2395612703
0 2172179887
0 2903851739
0 3338331722
0 1431045623
0 1830914168
0 115025246
230 734761585
0 2304020278
0 2370347364
0 1519219993
0 3834070472
0 668706218
0 4274041466
231 1300009085
0 4112939094
0 2461252077
0 432802919
0 318134395
0 1359390957
0 2119619790
232 3325587035
0 2614550367
0 391010897
0 677392869
0 401909902
0 61535686
0 353775300
233 50042670
0 341686826
0 3478283106
0 3540896965
0 2655910191
0 2916282949
0 2569555508
234 1696008147
0 1268366460
0 2359628604
0 1335690992
0 3509413610
0 2332607034
0 3004662847
235 169592835
0 665871525
0 3703080449
0 2294191665
0 1120091819
0 1681483376
0 3423465308
236 3458225908
0 3655510571
0 91886241
0 219338159
0 3150482802
0 543498527
0 2126662824
237 1647920724
0 1027763555
0 2907219387
0 3506014351
0 1793789722
0 1437796248
0 4007800633
238 49594278
0 1231931574
0 2668583284
0 4063188257
0 430321005
0 2679926365
0 14158575
239 3139115505
0 1576229043
0 1862975074
0 3098537975
0 3650364097
0 1946571065
0 507501638
240 8290933
0 2882974063
0 2479391256
0 1725507746
0 1028142020
0 2294353742
0 3434677041
241 3095594225
0 41006277
0 3674183227
0 3003832995
0 3578204693
0 1823495666
0 2912961142
242 1935991490
0 4262895193
0 1063172335
0 3124143736
0 843018520
0 168557243
0 344749958
243 3159729715
0 3815473849
0 3187210317
0 2879484311
0 403722617
0 3648646616
0 1569314286
244 3664677004
0 2032447806
0 938495499
0 2645128091
0 1195769628
0 1278300104
0 1236127735
245 135097655
0 2428207536
0 3139371498
0 697648007
0 1378333253
0 1272794994
0 334815839
246 2841192218
0 2271224996
0 98353845
0 270526421
0 3455119159
0 1940429954
0 389017309
247 3057152674
0 2185411587
0 2821183809
0 3267571031
0 3249258300
0 1277941562
0 3032041628
248 1360363452
0 1128878057
0 844486477
0 3867379835
0 3555571653
0 3089807783
0 970957044
249 735513275
0 1661816592
0 1986924446
0 3947262698
0 1045645173
0 2569758311
0 3987511629
250 857240634
0 993555413
0 3598303167
0 1664402954
0 656583
0 3014227564
0 4076984022
251 874247438
0 1736129096
0 3320335595
0 3699300478
0 3652055759
0 1386169325
0 2602134515
252 3183170928
0 1483733738
0 2341552967
0 520749369
0 973281503
0 3567420659
0 2545181794
253 1306509885
0 1905044811
0 327112480
0 3156686362
0 3255661755
0 3982926593
0 2280788670
254 989188017
0 309621658
0 2490628467
0 2498660274
0 2425138303
0 2850942100
0 2900640835
255 2629004720
0 3256137146
0 1663995470
0 2637846965
0 337947412
0 1530590166
0 3362692219
256 3436257034
0 2461984806
0 2492333793
0 3422144154
0 1609680805
0 260275001
0 2801809386
257 819387381
0 2667950426
0 773048876
0 846889815
0 1954322150
0 362937095
0 4173254149
258 1262821336
0 546432357
0 3285684092
0 3507504482
0 3860069549
0 3206916247
0 2089540539
259 2561076031
0 4128822608
0 1552691205
0 622970058
0 4222163471
0 2256810861
0 2615699285
260 3801316727
0 3189391363
0 2108849360
0 885133324
0 1078796245
0 3313860024
0 3719142533
261 1015445059
0 3869683627
0 1266203577
0 3563068753
0 1283047246
0 1307515895
0 949855224
262 3941287301
0 1734799541
0 424920177
0 3248055571
0 333581560
0 989628209
0 1425365347
263 3594861061
0 3407045674
0 3058199021
0 2286570817
0 3663295764
0 474987970
0 1974847842
264 579552261
0 2734496609
0 2098874338
0 3433381027
0 2690219646
0 567466178
0 4241568603
265 420772655
0 348850573
0 868737611
0 1878562857
0 2405638706
0 1565456825
0 1334121141
266 3057020874
0 1093372075
0 3745384285
0 4091216270
0 840458842
0 2221954548
0 1373353620
267 1018580627
0 3887830200
0 139061581
0 3008144044
0 110996897
0 834360909
0 909002984
268 1680885196
0 1129508932
0 3985563792
0 2950687755
0 2847482600
0 541209920
0 2520709465
269 2641128120
0 1245138585
0 1144000073
0 204929860
0 3457453675
0 1228432931
0 2027180238
270 1963279022
0 3830192843
0 2118579462
0 1153862752
0 3961832251
0 4088870652
0 2912816242
271 3585793441
0 117873951
0 1140047821
0 165964102
0 645909150
0 281824290
0 2075760529
272 3072723226
0 1314612599
0 628270447
0 1454166456
0 3885677308
0 2172664562
0 2621876466
273 141329873
0 1994088773
0 3757201984
0 1513593602
0 3465360808
0 2974879856
0 2781190650
274 3469472592
0 1626579413
0 1420087138
0 915138226
0 2549585310
0 3096817609
0 4164512758
275 2257200284
0 2326470379
0 3061906863
0 3067863646
0 3416614794
0 2952325620
0 4009988462
276 2729728750
0 561642032
0 2367482022
0 2578204133
0 3429467038
0 1748129068
0 512072032
277 685014526
0 2884628718
0 2210626389
0 4246763494
0 2630830353
0 422967374
0 2072606541
278 1725561516
0 1915126598
0 3073039586
0 3830874440
0 2548793378
0 3079746036
0 3852288804
279 4018047238
0 1116335220
0 3156365649
0 3513152565
0 2195078909
0 290363121
0 2230231195
280 3809656667
0 2092140257
0 3758235444
0 3526496526
0 3066577498
0 794444905
0 1562358363
281 836829220
0 2678122010
0 3714223437
0 3175822433
0 1958334623
0 3908515273
0 2630394447
282 2024752566
0 4294575250
0 156038640
0 1202986259
0 1285700852
0 4057248586
0 3941797238
283 42558298
0 1035123555
0 838724587
0 3655695696
0 2671405825
0 1233029750
0 3474916954
284 3437834686
0 2502092775
0 665239593
0 3158758770
0 1829983430
0 230522787
0 589695844
285 3323465114
0 1609041127
0 2552100669
0 3661221114
0 3971043761
0 689241469
0 3122385056
286 3910485472
0 1122596452
0 2003982512
0 745246370
0 1060018288
0 422152874
0 353729020
287 748487556
0 4290720236
0 1155090228
0 1173090238
0 3105486269
0 3675053693
0 2033244227
288 1699765729
0 527338724
0 390586960
0 3751200343
0 3312152823
0 3059583051
0 3619622703
289 531484386
0 2860476872
0 1676773881
0 962289949
0 407148156
0 4271938491
0 285333127
290 2436180747
0 2033236231
0 1323842852
0 1332093307
0 2755563316
0 3155236195
0 2088012700
291 2142775613
0 1991948214
0 3956307936
0 2141966715
0 2370176660
0 1871607807
0 1048350737
292 2675970934
0 216150028
0 2663247959
0 2444052745
0 3924891966
0 3934716439
0 425715740
293 2652898196
0 3950498981
0 1638376635
0 495530088
0 3300701493
0 2355610036
0 4150032139
294 938944020
0 1138081747
0 293113999
0 590552814
0 4035304885
0 2881946719
0 2412559847
295 462511795
0 1037668972
0 3550166785
0 3407214862
0 710029092
0 2525575413
0 126124589
296 4194667812
0 1628563414
0 894522246
0 3325064424
0 1838126801
0 3239275807
0 2204823040
297 2063208009
0 285159177
0 4169316867
0 2470790242
0 1178873991
0 3602028645
0 1465550512
298 3471825677
0 3914769843
0 1174550424
0 845457998
0 2447712081
0 2905188642
0 1703851127
299 2617724028
0 4162188200
0 789298975
0 1156194875
0 3805099297
0 2942969026
0 2341285347
300 801204721
0 72760137
0 1327467228
0 2789480590
0 2555126635
0 2589726532
0 2339094312
301 3953019790
0 1583098635
0 3996256348
0 4294561517
0 1910802013
0 3419021079
0 3982484904
302 256172314
0 950878337
0 167030443
0 309653615
0 3526748699
0 3700086591
0 1236718084
303 2622429750
0 619510542
0 2769252226
0 4187889241
0 298570464
0 3750654382
0 1412777283
304 1663346500
0 579656562
0 3751399748
0 3701372463
0 1210709012
0 4042935431
0 1462231836
305 2503785124
0 2269042315
0 1836018345
0 350187880
0 1848836167
0 1535624286
0 3528742936
306 2931792015
0 1656598436
0 1369850137
0 3705111890
0 2333008642
0 95130964
0 960363059
307 4038334473
0 3141556125
0 263625699
0 2838938215
0 2449035186
0 1579862017
0 2376130260
308 3507875099
0 3319384188
0 995222541
0 4171799889
0 1779972954
0 1586040695
0 623894095
309 3438221907
0 934353584
0 2739292164
0 3976039281
0 604257006
0 1540712473
0 3548515739
310 1955225109
0 1242741670
0 4033307871
0 1251996006
0 4096408317
0 1779874015
0 3902406738
311 1945980542
0 1747113538
0 4287089898
0 3504510405
0 2163782849
0 646969542
0 1998134379
312 1501201407
0 2152639679
0 369563468
0 1705135793
0 2144097511
0 1976127377
0 2056204205
313 4021624637
0 2429513600
0 2468490808
0 4014785896
0 1339022410
0 2960048813
0 1004574197
314 1290660014
0 667884141
0 1618348019
0 1293078342
0 1699924857
0 3569555072
0 3472687176
315 3673238868
0 3812729605
0 3068029508
0 74814889
0 3411188223
0 3666283448
0 1798278851
316 4136273186
0 2472144686
0 1897029959
0 3097500007
0 2902234578
0 4281810124
0 769160780
317 1677140232
0 4288414209
0 221791528
0 2015921441
0 2880583436
0 3338235929
0 2812350722
318 1991817033
0 504133864
0 4294114782
0 3845229813
0 1352613556
0 156740090
0 4037163105
319 388206590
0 2055825612
0 1778471484
0 3231236008
0 2822241479
0 1346025047
0 1263898819
320 2680283167
0 2221329636
0 3199060254
0 3229151423
0 3902504655
0 8110730
0 3781539124
321 985173080
0 3572843867
0 1686665949
0 4140664624
0 820440937
0 3100258622
0 1773560140
322 4084671326
0 734219199
0 3834754014
0 3399443954
0 3905201102
0 1703512786
0 4181291597
323 3939427890
0 4144251942
0 1186147885
0 3966973684
0 829230952
0 656251906
0 2102853754
324 3846281620
0 823407500
0 3010420465
0 1311611561
0 4271685193
0 2461506486
0 1339047106
325 1677184520
0 4202001896
0 1815002521
0 2315967874
0 3879192331
0 3024720599
0 2400009771
326 2887700292
0 293663583
0 1525091737
0 3086474772
0 2905759118
0 3221630454
0 3761563081
327 3484183231
0 666143761
0 224646236
0 470785210
0 479056478
0 1101388490
0 2753717114
328 3854773129
0 106353914
0 3789829649
0 3057105121
0 571183607
0 3424841246
0 421311033
329 2626971879
0 2884688321
0 2306808626
0 1914327037
0 2446373784
0 398904119
0 3003892057
330 2570930086
0 33916006
0 3291310516
0 8618148
0 2414222205
0 1047522085
0 1913958630
331 62388031
0 4217749016
0 1966748612
0 3094442159
0 825676847
0 279748548
0 3792681488
332 2323766301
0 1885375911
0 2115430164
0 3331233398
0 2219865272
0 4254063204
0 2671071763
333 2982971321
0 3782066299
0 1941571999
0 1272973028
0 2991850565
0 528501554
0 1534454738
334 2937549826
0 379587737
0 2506432567
0 3304267177
0 271775443
0 583610524
0 1826682015
335 1544548052
0 2025229164
0 423620204
0 2580006261
0 3312210230
0 1826719075
0 715015516
336 490573245
0 3768323326
0 4007776095
0 3227544766
0 3152539495
0 1637025081
0 828389088
337 2369672168
0 2586151038
0 3169177901
0 1597212240
0 1816034905
0 759611493
0 2794001128
338 3830074829
0 1921819610
0 1254386025
0 911869621
0 3086424269
0 3366355638
0 253431692
339 4248884252
0 2884987112
0 3972241552
0 3775663379
0 1687256145
0 3039989756
0 3129642184
340 1787275096
0 795625200
0 3159844975
0 2800584978
0 3197544464
0 1945793904
0 3583198152
341 135451342
0 3431673130
0 532370797
0 4134857107
0 4011070912
0 1026525829
0 2505223815
342 2348540605
0 915593086
0 1729943590
0 1407366989
0 4030448469
0 3244143115
0 4289641693
343 3220083480
0 1474531903
0 3341256099
0 146773828
0 1340289670
0 2222846491
0 2902033978
344 2215006745
0 988232653
0 3743294260
0 660186153
0 3973728383
0 2423544187
0 607343741
345 530566322
0 1614794000
0 3414382966
0 2921576225
0 2699569945
0 1817433218
0 1195182667
346 2018792038
0 801498505
0 528672817
0 3931721947
0 318245214
0 2002971868
0 1140820587
347 1588195147
0 3398346911
0 1692125126
0 3544880781
0 3938528510
0 3504920524
0 1892473767
348 750055157
0 540392987
0 4089283804
0 2442074471
0 498145225
0 2264465618
0 1360282309
349 1160150928
0 1673481916
0 2252505996
0 3464594433
0 1288542511
0 2829391401
0 2518294469
350 2599978734
0 1835225230
0 213479823
0 1491339262
0 289526929
0 775633668
0 425999670
351 3451484278
0 3846595793
0 2728898148
0 4132844556
0 1886065415
0 2857178726
0 1731073809
352 1479010970
0 3400998297
0 1373499151
0 2509477954
0 1774835052
0 2546514685
0 19658980
353 105784747
0 2502438322
0 2690779007
0 460345452
0 1808452857
0 1431998639
0 897158200
354 3117868515
0 2338294878
0 2214053378
0 3753593137
0 1306260837
0 2087837595
0 27474924
355 346491127
0 204942790
0 1708405253
0 771340517
0 1116454097
0 558095760
0 1342193444
356 2464926219
0 3151449725
0 707973037
0 2071869029
0 4269207465
0 2654032769
0 1002055402
357 3989602601
0 3152013210
0 1422214245
0 1001778046
0 519554974
0 2006736902
0 2984773210
358 173838033
0 2855299635
0 1167513568
0 3788983758
0 2741469147
0 562975463
0 2306372730
359 2716195869
0 92471692
0 3912372911
0 1455220579
0 1571516238
0 2731086173
0 2125038888
360 3436968052
0 1489173642
0 917639728
0 2699320593
0 1584117960
0 267625810
0 4170027893
361 3973877297
0 1059738176
0 3910205455
0 2292251576
0 4182055289
0 3750356155
0 4247934515
362 1229001745
0 2043958156
0 2790058967
0 1493244781
0 3523159474
0 1033853803
0 4251743656
363 3299412814
0 3309436375
0 1286344508
0 1028435000
0 4136116074
0 2344718731
0 1991023022
364 2146361425
0 1794129583
0 2547253839
0 3316824241
0 1860043652
0 432726827
0 1661269733
365 2668843353
0 2159282033
0 3126353424
0 1879984102
0 3784787046
0 2204088987
0 2691609995
366 136080926
0 2800641398
0 1025453317
0 1152916094
0 3525588126
0 15346510
0 1832401415
367 3221706562
0 2998257153
0 2253363714
0 1220253598
0 4149470162
0 1035130901
0 3814996140
368 2501315907
0 3652986379
0 43008495
0 3263873461
0 852371650
0 3019205513
0 243787914
369 616515494
0 3105608286
0 1824145552
0 2039027252
0 2346912534
0 3413117633
0 1382617097
370 1909164505
0 3453758652
0 4173898036
0 1518552910
0 3495143297
0 3922273301
0 1592768393
371 1898358330
0 712874028
0 3942406678
0 3045796428
0 2956864721
0 725103899
0 519619330
372 3673480609
0 540250084
0 416947544
0 3841702585
0 4233431061
0 1523098548
0 3120013711
373 2236586682
0 2616241185
0 4074123601
0 4189190669
0 4123762522
0 717960410
0 3313582202
374 2077960846
0 3550328468
0 324937266
0 2960106216
0 3418728317
0 1372065099
0 3395551004
375 2704249790
0 3176417674
0 1761531523
0 143347015
0 954162038
0 1934171970
0 1482646615
376 4164717274
0 3070325071
0 2384620572
0 1718017443
0 2815769379
0 4187675499
0 964579541
377 1929022163
0 306069313
0 1219242534
0 1841000497
0 2944729937
0 236078124
0 2836301867
378 3540723876
0 1331352846
0 2087680248
0 1992475014
0 2699914355
0 3309321524
0 358508540
379 1567975930
0 247429292
0 1686710263
0 3787285143
0 873408913
0 744861412
0 3623794231
380 2810923261
0 3512761363
0 750201421
0 2154016717
0 2112419650
0 3400897565
0 3527380855
381 30340109
0 345673291
0 428006082
0 757783936
0 2186399561
0 3859710529
0 455068014
382 3601163912
0 568645835
0 1767152019
0 1546638391
0 1735602181
0 664285172
0 3049053661
383 1614785902
0 3341557453
0 172769166
0 237815953
0 925090284
0 4098995589
0 3222703126
384 1686605216
0 2003155000
0 2825757589
0 3646512773
0 3493361475
0 2682527071
0 262524578
385 3216946524
0 2800102307
0 629741529
0 1010015715
0 342580630
0 2801443411
0 853128533
386 3226958276
0 2299387473
0 1559906650
0 2478617806
0 3343881033
0 3299552129
0 1364406649
387 1925765366
0 4172801768
0 980224497
0 4192119889
0 2887950601
0 1015203105
0 302708361
388 1119178050
0 4183323425
0 2838882368
0 3565358991
0 4188801919
0 1739154932
0 3891781884
389 3346247123
0 3492934648
0 2266330080
0 3615797094
0 2623898889
0 1220646466
0 2075950191
390 1993859607
0 321874300
0 1362797167
0 1641144407
0 3598904225
0 229253606
0 4051021583
391 1858656368
0 3041740430
0 961794709
0 3525607477
0 2573126268
0 2122777371
0 1327202590
392 2388674871
0 3721852436
0 173340099
0 2109334063
0 661673139
0 221200191
0 33223825
393 86175548
0 2474195
0 2599521360
0 13421644
0 65942050
0 2289530903
0 2553534769
394 2809270661
0 3439201608
0 3194218226
0 2570658948
0 818967490
0 3625366906
0 3056283942
395 2064813103
0 3474797574
0 44249327
0 1934852784
0 2317562980
0 3434068030
0 618916087
396 3225848296
0 240944927
0 1532400903
0 277957886
0 2094587243
0 1740064231
0 861209934
397 3635416309
0 2717219268
0 725535067
0 2849427750
0 3448773846
0 3908382420
0 3438130060
398 3374604042
0 1780108761
0 2959747264
0 3322648005
0 4069508240
0 3568416945
0 4031608170
399 373854077
0 2769849050
0 3019527154
0 3733169752
0 765330858
0 3818426703
0 2620735126
400 63756488
0 3836342439
0 2088608866
0 1239020999
0 2089681147
0 3372903746
0 2038145879
401 1326267793
0 3102894464
0 3625292096
0 3085374502
0 3820708278
0 823380069
0 3347690303
402 1417037412
0 3281752004
0 1814012392
0 279819138
0 1526836896
0 3749089873
0 597448741
403 1141443293
0 3787938703
0 2548908087
0 42470980
0 1854075367
0 1420717481
0 3596359553
404 2219939866
0 3145050760
0 3726915833
0 2720331407
0 3345697500
0 1080002052
0 3959645069
405 4161142364
0 823209012
0 97020568
0 3447671013
0 4030214782
0 1345108887
0 3548590246
406 2174053147
0 686470920
0 3849497741
0 2773356858
0 1199603875
0 3584527998
0 4046088422
407 853368189
0 2759545189
0 1502709553
0 1631637919
0 2912111898
0 2222875999
0 1793908850
408 2374552154
0 749668166
0 2987745065
0 1146732405
0 301665001
0 3302268867
0 1679636999
409 2618138613
0 943666337
0 1218125108
0 3940580497
0 1262384581
0 4083958526
0 2259607035
410 836814777
0 3341469316
0 1316612874
0 4126814374
0 2096021484
0 1642983873
0 132704905
411 96564767
0 2315871260
0 3766208234
0 2386178947
0 1059766129
0 3203698143
0 2122546891
412 255387645
0 562393345
0 1985839874
0 4173642535
0 1183204236
0 2306329488
0 755931246
413 182194879
0 3123530223
0 89696919
0 34047587
0 4144891383
0 4001777080
0 3167494852
414 977563503
0 2171260592
0 4148636426
0 3940072348
0 3939223734
0 2102782744
0 1468336827
415 3389901787
0 3119748841
0 1985024095
0 2542258617
0 1716290255
0 1230813460
0 3088955163
416 2352190747
0 3326936557
0 2970111742
0 2489133930
0 185734089
0 3474711442
0 2593357311
417 533815477
0 3108899067
0 3087073003
0 687049056
0 896019475
0 1378894784
0 1892708933
418 3468705382
0 2238503142
0 224101058
0 3107636990
0 3105470481
0 689048727
0 4032250497
419 2933462258
0 1247275457
0 3960553251
0 1370767381
0 2465139940
0 1438964371
0 3813769444
420 2410581247
0 3171462297
0 2583785209
0 686132159
0 4082896447
0 2242183364
0 401966219
421 187804606
0 919987749
0 1751457762
0 3572575900
0 602394114
0 3217565941
0 3808644840
422 1387287619
0 50755001
0 1340480869
0 2537418292
0 3745055957
0 228351480
0 2153080864
423 1585051282
0 1516034717
0 955443964
0 2623579327
0 1343869234
0 3855024642
0 1871479029
424 2075453609
0 1935088237
0 3498677327
0 2453784180
0 2587165555
0 170270770
0 2128250011
425 2180892604
0 341169697
0 1501985292
0 2575079118
0 721169485
0 3786079991
0 3041576491
426 4035763715
0 2282656268
0 2231408934
0 4237377092
0 3188508409
0 1293738591
0 3164942334
427 1121371584
0 2630003297
0 2470760211
0 2634543641
0 1281076586
0 4261921173
0 3796457038
428 2581105829
0 2846683287
0 352515842
0 3875231302
0 4149714729
0 3475179361
0 1044102624
429 1327773907
0 3396787614
0 1271102845
0 701679827
0 2632588936
0 1343139825
0 2942504837
430 1848302230
0 3931112596
0 1150005944
0 31776372
0 2044747127
0 90860652
0 786678451
431 1951576497
0 2565870832
0 949940703
0 3827965803
0 4044274954
0 3111948737
0 2883076909
432 1630130331
0 1435003790
0 1558996334
0 917499485
0 121223563
0 3974701805
0 611356148
433 1042596601
0 3848897765
0 1736010590
0 2580998048
0 1262486580
0 837359958
0 3510181085
434 1283485846
0 1706547692
0 1014295455
0 3065979177
0 485542437
0 1270467945
0 3085428809
435 1478972120
0 460373589
0 2880578897
0 3029462746
0 3653259164
0 893262944
0 1128155420
436 2772380788
0 3774058096
0 4138278222
0 2168332074
0 830055558
0 62947371
0 3182507722
437 4239803764
0 1281992258
0 1615749184
0 2032197936
0 105921095
0 3773843139
0 653816197
438 4105030683
0 2586978742
0 430146581
0 3893112363
0 2616002258
0 167189282
0 2046813367
439 2468075735
0 1018810460
0 526060514
0 1781004943
0 2878209025
0 184236736
0 404692548
440 3570475235
0 2006482321
0 1741454683
0 1253655591
0 1024631113
0 3533899804
0 3229498757
441 1535241991
0 749792277
0 2856966075
0 2328830009
0 1683192649
0 3219799793
0 2281918939
442 107760600
0 3455549643
0 1588793759
0 2356319070
0 1880840433
0 3269352217
0 1724293400
443 336731703
0 2300779075
0 357029820
0 163194731
0 3069533488
0 1212356279
0 2207402156
444 662979910
0 3090626098
0 2508823225
0 795916577
0 2629822984
0 3106322706
0 3415503025
445 1773980408
0 905165634
0 1444710049
0 2377574274
0 3152497359
0 2747812582
0 2727121007
446 2264052543
0 3170842476
0 2952082629
0 2347727929
0 2047353926
0 3881388470
0 682715440
447 699801889
0 1230760808
0 3438710539
0 69633358
0 3884067626
0 3506372031
0 996746034
448 1488045247
0 395552981
0 2178487716
0 1980766463
0 186705689
0 1150607836
0 2358247200
449 2646920255
0 2497945262
0 2111121917
0 809101094
0 1453686567
0 658615911
0 4228961325
450 3992672315
0 3355933084
0 3896870858
0 1371868563
0 3600581159
0 1908633997
0 2524369746
451 3356281615
0 1846459157
0 3909676704
0 2555255305
0 1279316819
0 2062848474
0 1003372443
452 3160079319
0 552148034
0 1273163382
0 3931434956
0 1524661973
0 2641509087
0 1553432841
453 995220824
0 495809807
0 683603353
0 3344378985
0 1028809938
0 3274129361
0 2172654659
454 1433825696
0 1175925218
0 923966186
0 3328297380
0 2784807013
0 25210171
0 3762916427
455 2065567455
0 3406299894
0 1634975000
0 1070082045
0 1004693436
0 742115219
0 2054749169
456 900387647
0 2609419962
0 2495993434
0 3496482439
0 3358649943
0 42000736
0 2527059265
457 1146005466
0 2018674140
0 60018065
0 239773199
0 1265636515
0 304434402
0 2885452591
458 4013679340
0 1872939710
0 550530555
0 2731532447
0 2225448716
0 1209633245
0 2321548858
459 402194292
0 2759526074
0 1083168714
0 2676617177
0 4193268557
0 1444650189
0 2175751310
460 4185265273
0 922879175
0 4149668216
0 2831086455
0 3640586266
0 1409964951
0 2778882399
461 1037998306
0 1358630384
0 2947370064
0 2107580029
0 1898512238
0 3319859553
0 2977361795
462 269498882
0 857898074
0 114477320
0 874928165
0 3612896526
0 3375852822
0 2377020122
463 2660159415
0 1380098081
0 1066948985
0 2745787237
0 2119917460
0 3267616574
0 1221349944
464 3466745796
0 1471203235
0 2135195612
0 4205186210
0 4145430401
0 2224037083
0 4219054515
465 3243536213
0 1982981095
0 3715007766
0 1386738814
0 4068780525
0 3443657010
0 2492343427
466 3344763376
0 2469683426
0 2992067778
0 3870347447
0 309610875
0 3548694583
0 1618966751
467 756527018
0 48509
0 725455226
0 4226265144
0 1980592991
0 753141268
0 2831215344
468 1889592761
0 3403718462
0 4144644790
0 880378437
0 2999795122
0 200970632
0 1380446825
469 3564542182
0 901909727
0 2503219203
0 144344144
0 1677155165
0 676685862
0 3233871847
470 3907826888
0 3660270087
0 974886063
0 1205488994
0 3383137284
0 4249862191
0 1762026988
471 1352836173
0 2736485237
0 1219214511
0 2736134954
0 3266832740
0 555431103
0 544932318
472 2920115119
0 594349562
0 1228521808
0 3535735167
0 903089904
0 2021549380
0 1414653433
473 1409064394
0 2888011691
0 3276062277
0 3637550759
0 2516800038
0 2141039842
0 754505052
474 3217038960
0 1290538754
0 449615187
0 689282082
0 669301477
0 2813362582
0 443470351
475 141953807
0 1290843011
0 2786880705
0 2998264588
0 2026239886
0 561765669
0 1927220524
476 727282716
0 152023711
0 576288494
0 3101940903
0 3487484715
0 3144264677
0 4199918205
477 2504800370
0 2870453875
0 1287614655
0 4265877515
0 1285463793
0 4277644874
0 1600522017
478 1659838204
0 1413314561
0 1868024867
0 2050757222
0 208004425
0 381950350
0 337166943
479 2553489856
0 2120886851
0 3365554473
0 2215926801
0 672989876
0 364089853
0 3164605892
480 587856299
0 3075394391
0 3270585192
0 2585860415
0 2242144095
0 4082969442
0 3302452351
481 1218398690
0 668063226
0 358188106
0 3931162185
0 3826844654
0 1130953347
0 2755249898
482 3785875940
0 348159446
0 4019334127
0 2121973376
0 1348270207
0 219533410
0 2013424528
483 986685722
0 486131637
0 491724841
0 904669984
0 2268020141
0 990250245
0 715299485
484 1833222585
0 1464005912
0 2276689374
0 992005069
0 3846946336
0 1332694773
0 4120498612
485 1222780849
0 4157375873
0 121799415
0 1830462540
0 2537478295
0 2124297773
0 3087479975
486 1155730856
0 4003939406
0 4079051344
0 2171457795
0 2215820439
0 1960183844
0 1386154222
487 838976713
0 3864911948
0 3200107947
0 4087256614
0 456973051
0 1233575174
0 3656393283
488 592055496
0 1866467553
0 463912442
0 4203285546
0 230979284
0 2576804058
0 1243197270
489 1640124280
0 683161374
0 591682795
0 3195299704
0 4058218342
0 4035250932
0 671222560
490 3943510279
0 1875614399
0 3441688080
0 1634709461
0 2804612100
0 3012681399
0 3562406036
491 1367977279
0 3425919505
0 4046156066
0 3655801998
0 3475099945
0 999790291
0 3028355875
492 335025768
0 1890290208
0 1309402927
0 3418503623
0 2245649581
0 3249275031
0 921555954
493 719509410
0 3998344004
0 232966363
0 1889961455
0 896297432
0 2997652794
0 2658841788
494 3830082878
0 2290148147
0 2645365097
0 3391553718
0 452935554
0 3215146809
0 565012676
495 2882283966
0 3470975328
0 2833336099
0 763110702
0 3434373855
0 3745099692
0 1896347302
496 2969795546
0 3913666970
0 1887242636
0 2274986680
0 1922449608
0 3494736225
0 1890752784
497 675852560
0 3300186301
0 1777143129
0 2050629599
0 2287716935
0 3303161000
0 2712941473
498 3099176762
0 2621952486
0 1135910002
0 1997971726
0 2665875521
0 1781258678
0 1575318066
499 653156122
0 3015772326
0 1690839980
0 852068256
0 2998889362
0 3410563497
0 4251571373
500 2559612549
0 4241025037
0 12438510
0 3956511636
0 878061903
0 1466358255
0 353222354
501 773934889
0 788441615
0 3133436897
0 584450735
0 711222365
0 4117239871
0 152264191
502 248589636
0 3748500233
0 649172086
0 29629846
0 95606484
0 2067305445
0 677257216
503 3187978093
0 1889858926
0 2700607872
0 3293913631
0 556885149
0 2691839020
0 290247032
504 3971488273
0 1582061980
0 1245607859
0 3088669734
0 87500842
0 2884768432
0 3053872002
505 1670171398
0 157424364
0 2046513467
0 3595263079
0 3838271155
0 2906140955
0 4179584635
506 1412946714
0 1654645821
0 1110263187
0 353757763
0 3844653743
0 2972727414
0 2508194164
507 2749353444
0 3622008948
0 611838892
0 1509559362
0 414625919
0 2913977538
0 2782045951
508 583028232
0 558724716
0 2303691949
0 257731852
0 659770698
0 2514304169
0 4104531555
509 133071386
0 2534893061
0 3731475587
0 950006653
0 559614091
0 126375497
0 1910339779
510 332559488
0 106325213
0 3579208881
0 978525081
0 4185855676
0 3146200077
0 3004621603
511 1658088357
0 1954511601
0 2130637472
0 223957251
0 114042966
0 4015236306
0 450931449
512 3968188748
0 971942670
0 2422934113
0 2908678199
0 392982553
0 7113290
0 2620766269
513 794448498
0 2585590126
0 1453615127
0 672587199
0 1597756275
0 3720352575
0 3508262322
514 2344122010
0 2442174484
0 3297213519
0 3205676460
0 3615311112
0 2795059121
0 2019158276
515 2019169220
0 3250154354
0 2810944899
0 3298572856
0 2862883417
0 2672903296
0 860423416
516 2787912204
0 1569997474
0 1169657742
0 995851726
0 3770840611
0 724709054
0 231157628
517 3342134854
0 1887708483
0 55631173
0 1869739364
0 3698329471
0 2894425597
0 257749463
518 1059649467
0 2378952558
0 3608580878
0 3026834017
0 3453636711
0 1714834871
0 607539821
519 2358934456
0 1846403785
0 320521845
0 1109990041
0 1117203747
0 3737526652
0 1937595911
520 138642464
0 3015996221
0 1417376709
0 3094853006
0 3202366754
0 3662746774
0 1286386476
521 2156058268
0 955207392
0 197916309
0 1343666710
0 2171033419
0 1982479118
0 1258815022
522 3418383672
0 1796658945
0 3370372823
0 820481368
0 444648551
0 1421802417
0 3463612765
523 1863090338
0 4168457623
0 437365008
0 3306596317
0 60520768
0 938386293
0 2981542594
524 934325832
0 3335235764
0 3542667738
0 50891372
0 1349654646
0 992535002
0 2701322173
525 1043166186
0 373829488
0 509712758
0 1723162492
0 2090103385
0 3361205708
0 1110536910
526 3452061095
0 223654766
0 30501299
0 1471421577
0 1932216709
0 878854950
0 3492928049
527 2770333704
0 691622689
0 3271214915
0 3159218555
0 3605572686
0 72071398
0 4086978616
528 1618435850
0 3091286970
0 3013947740
0 4149429575
0 832865497
0 3879677566
0 4232181286
529 1629917424
0 4257184820
0 1081265113
0 1468144006
0 1425541371
0 315804871
0 2941927055
530 589590542
0 4070144496
0 2943549863
0 598564346
0 196025253
0 2018903649
0 2835173616
531 2077833222
0 309318648
0 2036394158
0 3217562174
0 4111871203
0 3448558168
0 3397408166
532 3562277975
0 967126746
0 3379002965
0 1549545899
0 4171684551
0 1788470861
0 1091972387
533 3139523914
0 289478074
0 2680552336
0 189658747
0 1692275857
0 3659167052
0 3616356801
534 4158576381
0 1896031735
0 1938387423
0 1145362186
0 1853471559
0 667298293
0 2942330920
535 3955481328
0 4211188435
0 2788295679
0 1926264389
0 3592426704
0 1022584591
0 873302317
536 305962563
0 3012558541
0 3851135406
0 1327139993
0 1803312645
0 3126957817
0 3027140651
537 3057721613
0 789716752
0 4022234789
0 634009311
0 207591006
0 23945954
0 4072843552
538 1895688029
0 3513127620
0 4292558534
0 891841077
0 4279897305
0 1639592507
0 2614455692
539 4195541308
0 3580651326
0 2465962330
0 205590998
0 1638975601
0 2371942963
0 1049348033
540 422715436
0 1865408151
0 2271927263
0 2649188218
0 527059520
0 1860650707
0 828445428
541 2292379615
0 1952616816
0 275757885
0 1475632541
0 3195551471
0 4127590730
0 2522641432
542 327299932
0 2691050745
0 899631331
0 2752348872
0 1912136955
0 978718708
0 1069221668
543 2573039526
0 3059270346
0 2074146793
0 2122128049
0 3528347771
0 1139952237
0 933826728
544 3905390483
0 2510739507
0 1138209854
0 2472708906
0 1443738816
0 3399368143
0 1424210599
545 2984956511
0 3228237968
0 3879115182
0 1922712337
0 671217014
0 3905474430
0 3599188565
546 668589456
0 4157941773
0 4277399608
0 1075254990
0 274304806
0 375143972
0 2477540817
547 1088724015
0 3319237395
0 1280303756
0 227663514
0 1672190810
0 3557796002
0 683824853
548 228371467
0 3631456419
0 3272258280
0 27303328
0 1736418373
0 2912465842
0 2188198670
549 2414413978
0 3338335635
0 187674874
0 230042001
0 859260281
0 826652356
0 1674644490
550 873954283
0 2932054716
0 1799839116
0 2377742102
0 352241895
0 2312154054
0 2087141683
551 115035523
0 3726738143
0 584486172
0 999314223
0 2552410313
0 927945629
0 1846347527
552 4219327059
0 3573665396
0 3984300628
0 1885057387
0 2748469621
0 2062506653
0 2587814984
553 1832862167
0 1434360725
0 2568236987
0 1864555809
0 3862756694
0 4187692493
0 3619683130
554 434879932
0 3556338146
0 359742090
0 4137678325
0 2658383805
0 3854670150
0 210263554
555 3293372544
0 1918538705
0 476765161
0 123930323
0 244218052
0 2752706532
0 4212541248
556 2886608444
0 1130691408
0 3775669090
0 689300414
0 1175167108
0 1232813769
0 4136308661
557 4201238508
0 1657020743
0 1317947701
0 3951360308
0 1925999826
0 2786726291
0 576226108
558 1220257126
0 3668238017
0 3321690241
0 714601807
0 2586747354
0 4250976081
0 1886929306
559 3421796182
0 1043789609
0 3711150164
0 2072974046
0 3391607479
0 3965475893
0 2307216263
560 2733047302
0 3894032961
0 3380013291
0 3227541994
0 597095532
0 2507395102
0 3263917375
561 1255620120
0 249430392
0 2122374135
0 1027301968
0 3367773480
0 2638480193
0 3905432518
562 1355447242
0 4079325717
0 733988829
0 2341924225
0 1273234720
0 311227659
0 2453969498
563 459436078
0 4226422435
0 2047702394
0 3960391690
0 744566213
0 3865143645
0 421343782
564 1447057248
0 603027303
0 3760943613
0 3560899299
0 3960800253
0 1623165873
0 3145520299
565 1602406525
0 2234449575
0 3476078602
0 3353390741
0 212214078
0 2294793774
0 2533562706
566 4142000144
0 3249578672
0 1737612041
0 314950388
0 3944050930
0 2391493968
0 2615105785
567 460194041
0 3604531385
0 2799384960
0 3748794603
0 960401452
0 4037543555
0 3588555277
568 1989674365
0 2698873442
0 2843218046
0 3490619706
0 620820339
0 917151862
0 954195801
569 1259706291
0 755217602
0 3234714372
0 2608668815
0 1065824273
0 4223489803
0 1005695246
570 204503129
0 3719562634
0 1757706121
0 748708403
0 2531224838
0 1695472364
0 2463070095
571 592394380
0 551403555
0 571101339
0 681244238
0 363404614
0 4176686876
0 3101586946
572 2333826828
0 2258395233
0 2154313277
0 2111510187
0 2567952929
0 3473450079
0 1587915579
573 1650344324
0 3020067323
0 2794975618
0 4163346094
0 2072067364
0 2440090809
0 1035464331
574 1717867076
0 3191518978
0 478852964
0 2490091334
0 563924413
0 2918794455
0 1111983385
575 3883550974
0 2602050288
0 2650033384
0 2766588025
0 2713135040
0 2582578359
0 205075063
576 1184056136
0 35443944
0 3902399174
0 27765921
0 3080942672
0 2009634625
0 2134154272
577 2524822251
0 1632769373
0 934014271
0 1114012067
0 2638379051
0 590101249
0 3894134016
578 3306199205
0 1997242837
0 428775255
0 1408381179
0 1707938160
0 3702129706
0 1129446307
579 3563065888
0 169701645
0 4111487150
0 3882095244
0 4081804951
0 337405876
0 2230164039
580 3867089019
0 1901305266
0 2672334090
0 24833268
0 208814806
0 574004503
0 1993535441
581 1445959208
0 71317120
0 2032862724
0 1192946194
0 1300685369
0 883424036
0 2939599882
582 1743805280
0 156548930
0 2015293150
0 1882006409
0 2858688396
0 1103478997
0 617879757
583 3214539023
0 2267711929
0 2839090830
0 4162567894
0 496115581
0 3761501088
0 4125665157
584 3547359958
0 2084339465
0 2891213435
0 1367676749
0 2013242479
0 1328007800
0 1799484141
585 2398803698
0 2138102770
0 971418079
0 1511703746
0 1240223138
0 3121280215
0 2437053615
586 574372894
0 3906042658
0 1525415287
0 2516881798
0 2489192224
0 1025592461
0 324386837
587 2655338100
0 3129604744
0 3970444179
0 248513180
0 3168904823
0 740134419
0 3366848071
588 325057310
0 4266561852
0 1646042447
0 824510059
0 527921047
0 4273103656
0 972505806
589 516643675
0 2633539547
0 1187825426
0 3645341110
0 466989144
0 444274290
0 1249835655
590 369359912
0 1912796280
0 4034523858
0 3351201208
0 2006143726
0 712326641
0 2456689024
591 1217016410
0 3148776681
0 2776944462
0 723103759
0 2967299284
0 2354204710
0 1290348025
592 2267778132
0 593278891
0 732821337
0 2282271111
0 2216220461
0 2241657770
0 341505398
593 1842835984
0 3615408875
0 2127432267
0 756464503
0 1400969634
0 246127121
0 1986002055
594 698249995
0 1999799866
0 969455131
0 1256495045
0 2297912100
0 3455498498
0 3287209968
595 3184191302
0 2249694562
0 1091559951
0 160158481
0 86316444
0 2737683950
0 461853831
596 2355015979
0 2773097892
0 755371690
0 2676730965
0 4100054836
0 920500251
0 344581256
597 230541763
0 3240773397
0 905787578
0 762789114
0 1581762366
0 2745120115
0 866936508
598 4219090164
0 747317719
0 1225445510
0 2470311905
0 2821193741
0 2461837
0 3859831156
599 2092567107
0 999860510
0 685005671
0 516662470
0 3930350866
0 2852599372
0 2021338104
600 2144195638
0 2592189606
0 4216875537
0 1759784549
0 1305338579
0 3791183282
0 1202942548
601 985985768
0 1410416179
0 2111586150
0 615583097
0 3969758941
0 3860411506
0 3824486614
602 2857235087
0 1910273573
0 1249920281
0 2874129323
0 1576553409
0 1974603999
0 1787389807
603 2669628369
0 1554307241
0 4034071020
0 1716483933
0 1520378485
0 2518819329
0 767989441
604 3502225099
0 1336406419
0 1323124851
0 2285115929
0 3031521306
0 2726569578
0 3131411902
605 829783698
0 3369771701
0 4085900058
0 1721078903
0 2453923709
0 378543361
0 213926591
606 4206682411
0 3932227920
0 3998857121
0 1206615870
0 3878974168
0 3339829220
0 1233421395
607 1277568469
0 2128673516
0 2444032562
0 2742700791
0 1729211502
0 3554365432
0 1683246244
608 4075379179
0 3769351075
0 1705988508
0 2127154319
0 1722980523
0 967559725
0 1364677772
609 1188167734
0 4155510340
0 1264279444
0 3991330946
0 2137685923
0 2657716602
0 1513735275
610 2296441053
0 2353880335
0 979351557
0 230590836
0 2393188922
0 3519054392
0 857289482
611 717268769
0 1631130845
0 324881589
0 4050537332
0 3805176563
0 3367009778
0 2254187804
612 3373774885
0 1055732013
0 3009484673
0 1197775653
0 2589598902
0 476944393
0 4179031385
613 2218394449
0 2303451436
0 2864417599
0 2541255194
0 1156462743
0 908524058
0 2608671490
614 4281813965
0 2871982836
0 2206410548
0 3605197355
0 4038468428
0 323083805
0 1987902550
615 2513854650
0 560473715
0 1522539606
0 1310488440
0 3196989284
0 2929750774
0 2661335603
616 1506887456
0 2388879448
0 624415268
0 1274706809
0 1677738588
0 2771440114
0 941887137
617 3159805485
0 1819743189
0 2828467688
0 2518926043
0 4285173042
0 1650994610
0 437673491
618 2700722239
0 1047754695
0 574732563
0 426504598
0 585615098
0 3453770691
0 3749318122
619 120291276
0 362517887
0 2860652238
0 1440889837
0 839362311
0 3994026930
0 428325539
620 1334243878
0 369195385
0 802109579
0 3245148347
0 3178541486
0 2312709276
0 3813037369
621 1210178954
0 2384522412
0 1053281774
0 3971555872
0 3341206384
0 2932543736
0 2705662949
622 2907395999
0 4294134383
0 2966826114
0 2685753789
0 1647243930
0 153241921
0 1453933807
623 2487503380
0 2523006030
0 3223484939
0 2198160369
0 3924500690
0 4267957570
0 1592121607
624 1571697889
0 4088397909
0 2465568222
0 311067444
0 463393024
0 3127259509
0 67147033
625 3861126019
0 1527284950
0 2193994870
0 2526793779
0 3876748980
0 2571982011
0 469128195
626 832169381
0 3890327446
0 4030259538
0 1834039884
0 2830972793
0 2996723144
0 586655433
627 2116715045
0 1798138774
0 4063687519
0 72297303
0 855652502
0 3530290764
0 639551639
628 2508146100
0 3404675171
0 3198932854
0 573868054
0 2210760304
0 1245358860
0 882858275
629 3462672118
0 860307534
0 1477972298
0 3408376320
0 3672607372
0 1426445329
0 3323920447
630 3815578694
0 4215858932
0 3164002885
0 2204141191
0 2960026109
0 884188974
0 4243249514
631 2197209620
0 4192909981
0 1661893342
0 1399716080
0 1953924974
0 271454940
0 3574013395
632 3826205955
0 554932686
0 2070824000
0 2043904566
0 1425565443
0 2724823963
0 1929550320
633 629990126
0 488359804
0 2300132686
0 139516283
0 1795737960
0 4206279985
0 2573923627
634 2843004576
0 1453989843
0 76460174
0 3947050790
0 1733380429
0 123563322
0 2601653247
635 3906645223
0 3712700437
0 3340344297
0 1949485164
0 1610675664
0 1113517622
0 3396747244
636 302008701
0 853955953
0 1102824405
0 1939684387
0 4016151511
0 4129669968
0 4076582263
637 2815941513
0 848558289
0 2539472401
0 1099183420
0 2098882095
0 574279251
0 3020594679
638 337487275
0 4057510657
0 2452093456
0 1360719281
0 340233944
0 2850532318
0 2354156926
639 1117065533
0 801889803
0 2255873305
0 3457648705
0 1746606089
0 1577179648
0 2854919030
640 3870249666
0 2459192994
0 2970079383
0 3036066013
0 3322435033
0 1441852927
0 3758164503
641 2555898315
0 2406908834
0 4061340120
0 746640683
0 3269284901
0 2765746170
0 2852866986
642 4156887035
0 3767154098
0 3569270432
0 3611916437
0 1473952395
0 3064315844
0 2503459315
643 603294937
0 476092430
0 2120286556
0 2714612223
0 1623371752
0 1347713833
0 2920102910
644 3119551314
0 3751305703
0 4248371477
0 3783054663
0 2263974339
0 1691727821
0 64743700
645 2522809824
0 3817964047
0 4282235809
0 3604718605
0 1052098847
0 1802750747
0 3448900977
646 768390076
0 419748799
0 3814679943
0 3699562239
0 2228891650
0 4087022522
0 563546250
647 4221827546
0 2852342319
0 4177466029
0 703857074
0 3839855980
0 2458314649
0 2089634981
648 4052930810
0 811950277
0 286508293
0 1184134422
0 2749986479
0 4246856835
0 2300123622
649 2129932560
0 1464699552
0 2394113285
0 2841429852
0 353286810
0 3378862469
0 4047457236
650 237904659
0 280030861
0 4165628539
0 1205820125
0 748964070
0 2114617802
0 2008049698
651 1412825560
0 3569493643
0 3808322110
0 3469872566
0 2577629894
0 3406390744
0 3166259039
652 2410056293
0 1894118180
0 4111324178
0 1928417373
0 4187864247
0 3008763617
0 4223633108
653 1378998629
0 1330387829
0 1744507788
0 1057181042
0 1920888020
0 1298823911
0 1965670806
654 1030104536
0 2280008599
0 2197769818
0 320935274
0 499014274
0 1748914919
0 1860061760
655 1843787627
0 2903378343
0 3880523140
0 2514941458
0 1213994196
0 816619561
0 2105107451
656 1607449699
0 4249788918
0 249022140
0 13895575
0 2307156001
0 2214313360
0 3207600987
657 131796660
0 3057548905
0 857296061
0 1785172422
0 2839414050
0 3779685522
0 344025524
658 4196432169
0 3739517282
0 1433455448
0 2308108285
0 3447119743
0 457147315
0 779435534
659 223267617
0 337705951
0 3254079419
0 3797206390
0 2203039454
0 2517605232
0 2469397846
660 2806315761
0 1478535687
0 3048748404
0 3463232614
0 2770059697
0 129608451
0 913530607
661 2117058171
0 3818919345
0 3347733010
0 3094318513
0 3371275393
0 2973834826
0 4259918441
662 3844329183
0 598655110
0 1970673597
0 3386125863
0 2333635348
0 1890454443
0 3391663250
663 1869841344
0 293015381
0 3404818772
0 3965117185
0 3651086190
0 847777983
0 1856204529
664 2683033683
0 723402678
0 1243324043
0 1280811719
0 1456831853
0 3491473639
0 2385510399
665 460836516
0 1989623034
0 2160553383
0 3141693108
0 774869829
0 2420304949
0 2722048725
666 72880631
0 564100720
0 3705706805
0 3329303273
0 2896846138
0 764792977
0 1324663232
667 2228370544
0 4048325159
0 241657685
0 3673991603
0 2526321896
0 314804949
0 1077647489
668 3441073663
0 3611909922
0 911984560
0 4009959349
0 2117315357
0 1479804665
0 941469066
669 2772781082
0 430216540
0 2416335518
0 3434470513
0 1547457436
0 3171637371
0 4090273577
670 1512245139
0 1660333494
0 526959467
0 3956077361
0 3494954740
0 1981018547
0 2353712579
671 712135128
0 2477521906
0 555932598
0 3593502728
0 3185311678
0 298976196
0 781730143
672 1138200513
0 857542211
0 1130849099
0 1685220858
0 981737670
0 3878659360
0 1954037390
673 177501339
0 2558636757
0 530517002
0 1262601591
0 911063334
0 1270143053
0 1743063161
674 2396304135
0 906932418
0 3288358180
0 3890730818
0 58133898
0 1376168432
0 2140480017
675 4121992274
0 1350369988
0 3557247907
0 2322970019
0 2674241869
0 896689022
0 4137262566
676 3869743870
0 1189328618
0 2207051838
0 2167800164
0 4054642183
0 1104643669
0 1185837939
677 6791659
0 2116499622
0 3391363975
0 1601322023
0 1942057453
0 1973404840
0 2923661003
678 613213450
0 2078445506
0 1766658950
0 2196664336
0 3537659106
0 732256521
0 4028858069
679 2264568638
0 890594845
0 3068558672
0 3954250051
0 22159316
0 3503591916
0 4134322812
680 3237805663
0 2787869881
0 3576540951
0 3684004766
0 3749236629
0 3808812571
0 4177310006
681 3387768607
0 720386457
0 3632294052
0 3543212464
0 2603395860
0 4270756804
0 3389833321
682 1457971037
0 3272389369
0 3221671747
0 2918060399
0 3300396769
0 2967689963
0 3372503754
683 247127260
0 968185702
0 2673793111
0 135039747
0 3883443552
0 2467190811
0 3380781042
684 2278754269
0 4174918582
0 166102853
0 169514335
0 472787443
0 743257650
0 3820048007
685 2157092797
0 3864929675
0 3481695089
0 460018896
0 1153592475
0 1602407690
0 3232215836
686 2475838721
0 647423163
0 2259231633
0 2756094296
0 153381701
0 1349519592
0 1414431479
687 1796911610
0 2696411258
0 1794740529
0 1944927790
0 2264448136
0 2647378556
0 2302723872
688 3849123680
0 402287794
0 1050107965
0 632267209
0 2156860061
0 286657595
0 3443064252
689 834117564
0 3303536139
0 3697773419
0 887209583
0 4233142641
0 1099494028
0 1509157205
690 1506537441
0 3389277334
0 2529529957
0 1157440810
0 878348290
0 4042419785
0 3842834133
691 1827947916
0 2765677165
0 2839560077
0 3515981372
0 4108425074
0 2214044430
0 3749092321
692 674083477
0 2084253662
0 1102653669
0 1123622958
0 2084355301
0 3812082724
0 3159844633
693 595318533
0 3200253331
0 1525611155
0 2099488225
0 1839782571
0 3885250076
0 1963728475
694 1483455115
0 2226390703
0 1699959790
0 1013747250
0 2994267657
0 389500391
0 4117257273
695 2098968092
0 464586643
0 2338333485
0 3937351975
0 1160681334
0 1990930732
0 1039078356
696 1481436398
0 1562253683
0 1610589676
0 404845248
0 3098972498
0 1145749744
0 2257296293
697 770662488
0 3758433924
0 3540988424
0 1142040100
0 2868936141
0 1603642258
0 423663817
698 2842399220
0 4248734774
0 1093794730
0 938456731
0 3349904096
0 3180738152
0 215034293
699 2040221692
0 3128398163
0 558780602
0 1499033851
0 43615978
0 1247996791
0 1068261118
700 3122646926
0 2695341583
0 804865636
0 2644822121
0 4157836003
0 3784281998
0 795542356
701 666947195
0 2067814334
0 1345804397
0 2865882916
0 2667607736
0 2561148177
0 2841223434
702 2038596522
0 1101568401
0 2557026076
0 132360243
0 2681837103
0 902023116
0 2004961484
703 3139250549
0 1238665278
0 2171203092
0 499265341
0 1193976358
0 2981394407
0 600753570
704 112490840
0 197486197
0 1425115807
0 4128212751
0 4088191408
0 1036205173
0 1007479311
705 695827506
0 2721558133
0 1705798969
0 3217491311
0 2349947566
0 1852599393
0 3396173127
706 1692668402
0 88749848
0 3393203745
0 4043740051
0 3612757146
0 2354593143
0 1284080877
707 4168522325
0 2992729079
0 4007269373
0 3889958026
0 3831726687
0 468053377
0 3446681649
708 1877093222
0 4052043234
0 1594013409
0 2403217884
0 2544405770
0 2326916714
0 3945149821
709 3616875585
0 2662647945
0 1044575484
0 1823803738
0 1550411081
0 2305005169
0 861778897
710 3174352437
0 4113910019
0 56860768
0 1206318242
0 3668789629
0 2601084834
0 646976271
711 1256711095
0 1654049724
0 3882022295
0 4230807484
0 798216183
0 2149732086
0 3082916403
712 2489256306
0 2973284511
0 1551749518
0 3744397980
0 302490646
0 2079037156
0 1404490643
713 563087446
0 4212824013
0 2612119138
0 3778669789
0 3748414960
0 106907076
0 1968158486
714 3581739946
0 129491448
0 3626147854
0 4097194013
0 2241382287
0 2277921396
0 3523310681
715 494911768
0 1965602597
0 4170463983
0 3838787213
0 2322183328
0 3372454841
0 4071092531
716 1712829255
0 33224687
0 3897359003
0 1408170308
0 609155861
0 2207489473
0 2837278472
717 1133598889
0 3946294811
0 1342571436
0 2548494635
0 1006718313
0 3439841549
0 2145081686
718 3150188646
0 3980472158
0 1735025420
0 1482224130
0 242672433
0 3091798964
0 2844104505
719 3643570483
0 3016217755
0 2426949064
0 2370702893
0 1497179795
0 1476241489
0 3288523552
720 1035921394
0 2047427905
0 127663800
0 2825640901
0 465782093
0 1442052637
0 2106511999
721 3938176359
0 1650610422
0 49705987
0 3242182421
0 1034834088
0 3145087910
0 3552656519
722 2387187954
0 1516129942
0 1718975876
0 95616394
0 2966087045
0 3787768542
0 1027960116
723 3040301515
0 1494614341
0 1607272486
0 577841101
0 1912063769
0 4174762445
0 3212666745
724 654004728
0 4242316558
0 861740454
0 895718663
0 1864842091
0 490435226
0 2848525949
725 1292210238
0 1249998657
0 4180044912
0 994721393
0 4154522537
0 1642162615
0 2129666420
726 460421532
0 4262892988
0 3026128544
0 3876300911
0 3584865077
0 1825325865
0 943210476
727 1257625503
0 423617465
0 1122125322
0 2641911117
0 951290982
0 1412467715
0 1927053736
728 91587386
0 1063482816
0 3393919105
0 2981762261
0 1725358446
0 1743433873
0 633593386
729 3046774941
0 18197837
0 247945372
0 3917138806
0 1957966241
0 666073915
0 2494430981
730 592734136
0 2823503989
0 1236928804
0 3424672708
0 1109485162
0 267113569
0 622909280
731 2072512908
0 1995814456
0 2575467611
0 984792990
0 1193399746
0 2435217617
0 1874053028
732 4293778898
0 2942126744
0 1386225656
0 1046709218
0 3973802362
0 2899658
0 165237977
733 45946246
0 4104538994
0 1623507030
0 598616697
0 3355282826
0 2822483948
0 131005029
734 1054587854
0 3611887735
0 2497411491
0 4112259883
0 3078888147
0 934418128
0 526040769
735 901842353
0 191481187
0 3734451633
0 342262484
0 2985218209
0 2098801189
0 2271947565
736 2800219925
0 2677629344
0 3264940864
0 3266802728
0 3254352291
0 1559538634
0 2080261259
737 3675672736
0 2508540352
0 2913560326
0 3384935159
0 460377551
0 3811130570
0 648403118
738 2537809155
0 2690380604
0 3653324732
0 3422839103
0 129248852
0 127508520
0 3697083535
739 2639523002
0 3019060671
0 2479484855
0 3034737033
0 3753955930
0 1693238693
0 2345506969
740 177923594
0 1204953541
0 1690463919
0 3248735950
0 3203773795
0 1714443339
0 3302113405
741 198895685
0 701331292
0 3252967582
0 3979069699
0 2958621822
0 3890911220
0 929294775
742 878422798
0 973027650
0 1020415874
0 3487446922
0 1127878147
0 434149728
0 340267924
743 1739229902
0 3462008743
0 1844254193
0 426656097
0 3950714825
0 3565687937
0 4120461112
744 4257291603
0 703056856
0 3018330034
0 1438692822
0 2712510301
0 1370126713
0 3920360723
745 3899748259
0 972415563
0 3251390279
0 3603940610
0 1665060431
0 1968541501
0 2240924420
746 1620601120
0 926499963
0 4067217994
0 1007451679
0 65763309
0 3521085940
0 3189881379
747 256061862
0 4068018151
0 2885934599
0 2218611705
0 2340790927
0 1039676787
0 1257514342
748 118209948
0 1519909552
0 3985015802
0 2488737732
0 1223053264
0 2215351618
0 1030965587
749 775881372
0 1589402674
0 1181318082
0 3032052226
0 4031272032
0 3262783576
0 2662410345
750 2637255184
0 423919021
0 1609584869
0 1399840905
0 178472058
0 1224766355
0 1485326065
751 3477295242
0 2332692392
0 3279125314
0 1535387528
0 2831261304
0 2212144885
0 2057374131
752 1997845531
0 2351089547
0 3819651905
0 719371727
0 2085291886
0 3237595143
0 388434378
753 1198614226
0 3332022395
0 2498956851
0 3473663560
0 2930448675
0 1252337182
0 4035695270
754 1258332154
0 1665304589
0 4237565012
0 930445828
0 2852545905
0 1036629628
0 918759250
755 918478694
0 1766076446
0 1829694027
0 1357822376
0 1664087171
0 486415433
0 3763412915
756 4213701551
0 2054062205
0 2274749138
0 2927346309
0 2989106369
0 650070647
0 1999227703
757 2708121065
0 253954710
0 1522431249
0 4276124663
0 1298960010
0 3781748884
0 2702484946
758 2300290848
0 1472183812
0 1181511620
0 3056450173
0 2000840255
0 242432553
0 611369685
759 3224036011
0 4157768427
0 1166083580
0 3975694481
0 3370053257
0 2833639256
0 3751067794
760 3526383766
0 3489248571
0 622763316
0 1544672474
0 149666280
0 2137292895
0 1248304354
761 1406806808
0 3022332395
0 2053255982
0 100183592
0 371846667
0 1945780405
0 175330449
762 2008315801
0 1654371735
0 514086339
0 191695047
0 3333520737
0 3392324221
0 2021150648
763 3384824612
0 1533366724
0 4199283767
0 1272595027
0 718335887
0 1956362987
0 2201158678
764 2979971901
0 3004610964
0 2322087
0 2587579127
0 1557717280
0 3811327753
0 859511849
765 2314107625
0 3373885498
0 780952753
0 826132517
0 2973288127
0 3849558249
0 3397296497
766 1618937812
0 2848317950
0 1099963374
0 1948711247
0 794225755
0 3994409243
0 2462232857
767 115663405
0 4178913302
0 1485609348
0 1086793625
0 2360751463
0 1092782964
0 3076965870
768 620338058
0 1135478438
0 4178269087
0 1446928942
0 1832691767
0 3423995132
0 281134195
769 2871265063
0 2536543682
0 1673215045
0 964873491
0 2889884943
0 1100753514
0 974342484
770 3904546614
0 73805407
0 2610861295
0 425916073
0 2209609565
0 996781261
0 1653887323
771 3545538122
0 516142328
0 4212290086
0 74670088
0 809440401
0 3233776710
0 1098532712
772 614078322
0 1785471207
0 1556820809
0 2795321896
0 3550768232
0 2929841040
0 453795112
773 2390956581
0 18605770
0 3894808349
0 2495366885
0 1838909010
0 2862677381
0 453505258
774 470633172
0 977422063
0 523468129
0 1784070571
0 975175842
0 91364127
0 2206899790
775 3680545844
0 2916755243
0 3120577853
0 3776153480
0 2054287
0 3508324360
0 1686838522
776 881596634
0 3194421558
0 3255277244
0 3907229238
0 1628960509
0 3021915226
0 3208858354
777 1401332386
0 816120145
0 144922700
0 3859424307
0 3263558113
0 693883067
0 1866210757
778 1577390093
0 4268925731
0 103455793
0 1712584690
0 2230450281
0 371653328
0 1500843073
779 1510600672
0 2100526005
0 2149510944
0 3978207243
0 3624936248
0 3662830061
0 1130003848
780 689793085
0 3348987827
0 3196771937
0 2861693767
0 4136202886
0 1766109050
0 2381285657
781 571415789
0 2571123269
0 2973813795
0 148919191
0 1691180701
0 406707635
0 1712738127
782 1304911734
0 1964494480
0 738822000
0 163727519
0 4177272643
0 1853373774
0 2743601769
783 4015783663
0 894210256
0 1001450517
0 2959239722
0 3199034163
0 1155343405
0 2097237306
784 2730408800
0 3196848264
0 3950278806
0 2873449317
0 1612137930
0 1209374428
0 146697099
785 2831088453
0 3176187570
0 1728632246
0 3585139970
0 2169712809
0 3338388148
0 1480071347
786 3976639697
0 2483357870
0 267787944
0 3824530048
0 2495399524
0 2294137745
0 4030880044
787 4201006310
0 1779972362
0 797851513
0 3462941043
0 397270619
0 459303468
0 2618612250
788 2091932116
0 1901776515
0 2514305106
0 4096820107
0 861618709
0 2970345796
0 3659485309
789 1364632261
0 73064011
0 1722130528
0 1041126482
0 217260334
0 3598407661
0 4239639471
790 3651123209
0 1131317220
0 24759850
0 304397418
0 3573042040
0 261925097
0 1301272131
791 3603653628
0 3353215074
0 4116688193
0 4226986561
0 1067754531
0 3420331965
0 855358545
792 1256037136
0 3991273442
0 2392957805
0 316465607
0 788870065
0 2940537733
0 1543857767
793 2746165818
0 2049695242
0 2168341548
0 3447474574
0 1977911435
0 3317711939
0 3620188031
794 139676024
0 664142409
0 285805164
0 3445477962
0 380173895
0 808852168
0 1203708653
795 3699389459
0 3724297105
0 367049788
0 771017859
0 718496211
0 579094704
0 2781531788
796 2808586522
0 91100211
0 3644032429
0 2110369712
0 2108228977
0 2854372193
0 3045207431
797 3808082725
0 2297932490
0 157491498
0 3838109043
0 1185949526
0 2379008474
0 1813754160
798 1882086774
0 3793932363
0 2337482773
0 378937105
0 722964874
0 2431009443
0 3312349966
799 55422398
0 2359868093
0 3456896528
0 3621480549
0 626856073
0 228307596
0 2886219770
800 1447822097
0 475224249
0 1069044233
0 2581693833
0 524401524
0 3562646644
0 2952173358
801 2779684529
0 3770677194
0 1742410945
0 1724937807
0 2710505133
0 1307184450
0 3215877571
802 3396946546
0 2086743246
0 1458195461
0 566571351
0 3308968315
0 1257902904
0 2141412897
803 2627387366
0 505616090
0 4110652669
0 3142782749
0 1701356415
0 3106591195
0 130218916
804 350173805
0 1104692382
0 2746007593
0 1369293698
0 1479886831
0 3478821338
0 1825523126
805 1881562850
0 621100199
0 1581289751
0 3468025957
0 3016549310
0 2106878819
0 2148537454
806 1658874837
0 1000927570
0 416689954
0 3278104665
0 2991832370
0 870610715
0 3801207295
807 965955694
0 2131879751
0 3456493768
0 2203743742
0 1645380862
0 2099855907
0 1630048852
808 4202902510
0 4280828991
0 3574837558
0 500867936
0 2073716537
0 2732344860
0 283259692
809 598055985
0 2637915871
0 3684864826
0 4236507397
0 1175395699
0 1432030547
0 1737418046
810 2037298211
0 3190632869
0 1743425657
0 1768627976
0 2512849469
0 4007375998
0 3566183476
811 2685019815
0 2350158577
0 1742019987
0 3928525151
0 503780202
0 794128281
0 1263737702
812 1259289523
0 2167416548
0 1207765618
0 2748935496
0 2036510178
0 2212778453
0 1694538307
813 2994194057
0 3463463347
0 1266998246
0 532763901
0 3576682917
0 4102471576
0 2497697174
814 3400456277
0 549152106
0 3758805062
0 2767461301
0 2172627257
0 184003287
0 3578897232
815 938217834
0 2394767404
0 1794721395
0 1335501256
0 2172127199
0 3664248203
0 824333034
816 2183547852
0 276122850
0 1576826737
0 3184193424
0 3835744278
0 1748065674
0 1147482827
817 3257853623
0 3392289411
0 3715589698
0 3986818622
0 1419657210
0 2242144325
0 2514542039
818 2625269915
0 1705828221
0 2493380906
0 3508927375
0 3551818378
0 3621386368
0 3713124725
819 1052056068
0 1419055825
0 3373888680
0 602261245
0 2126667268
0 479923520
0 1874427571
820 3543359800
0 222109270
0 4137975163
0 1049013406
0 1948866314
0 3206784863
0 2920430025
821 4289081183
0 2792408344
0 801855604
0 2187241456
0 1957880255
0 3166428451
0 3365990426
822 804199439
0 1648843954
0 172989702
0 376704296
0 1160595783
0 3368183756
0 3199103650
823 3198610271
0 1654366454
0 3162775743
0 2091049283
0 3823945147
0 3216598246
0 1572671378
824 3428142899
0 69642130
0 779954298
0 830414596
0 487094125
0 3050073000
0 2271938724
825 3629554390
0 294685405
0 2748781185
0 664409348
0 3941222833
0 3574740620
0 3777905647
826 3755104164
0 1402148944
0 3453504744
0 549214470
0 1266170560
0 1803766250
0 3308936164
827 3837088821
0 1186449242
0 3972865335
0 2952545879
0 4253428796
0 992895743
0 1187973528
828 3194301016
0 3510502307
0 2194190864
0 3383661379
0 271912148
0 2418610607
0 238892687
829 2362192522
0 591960159
0 3548554334
0 912896398
0 211203269
0 2403658150
0 873853344
830 3837921613
0 1395564846
0 2412668136
0 2527961908
0 3056686207
0 252523027
0 1124636765
831 1508096565
0 1546774594
0 80467623
0 3563808682
0 3333150058
0 3385376619
0 1740965880
832 4011187085
0 3596940833
0 462657347
0 2288033197
0 3864377035
0 3662201819
0 879777091
833 2799125489
0 819787740
0 3025202038
0 1763279194
0 2890708955
0 4269566709
0 1333155143
834 1748722697
0 1513740423
0 3688478644
0 2928538457
0 3860167289
0 3977350030
0 1378788727
835 519248995
0 2600758059
0 1353725207
0 635133645
0 2764768168
0 1218488711
0 1632399830
836 3022355562
0 67392075
0 1783516278
0 2210246202
0 1006477275
0 1510954111
0 25065763
837 166857636
0 3302749566
0 1980696939
0 949308381
0 3691011663
0 1458711648
0 1184084519
838 180820748
0 277369598
0 1503673276
0 3706655855
0 1613211470
0 1662138931
0 2572159679
839 4100351254
0 1647001606
0 3583237067
0 537422552
0 3184827941
0 1365679914
0 3907363180
840 1960025389
0 3471894781
0 2569073125
0 1755543440
0 2085821333
0 9238791
0 2907172989
841 1898529176
0 1038982243
0 3724825158
0 1665489690
0 2908158146
0 2569712729
0 4091735096
842 1296988933
0 1526219792
0 3764438974
0 1416167014
0 4135966847
0 8865375
0 28278800
843 4288738711
0 181855039
0 1290273653
0 2713247338
0 2549098118
0 40238863
0 2389985218
844 827421610
0 1281917480
0 1196419300
0 885234357
0 2303856993
0 1365882464
0 791309145
845 2731356143
0 3737541207
0 3352658201
0 3687470626
0 1414207698
0 463885327
0 2885972566
846 3312009439
0 3163179849
0 1446109306
0 1001225970
0 1185460635
0 830433376
0 2159223046
847 2906355858
0 167384238
0 455806622
0 1538033853
0 870653204
0 3536880033
0 288731285
848 2649979394
0 3942934605
0 2067168162
0 860911089
0 85459575
0 2268451141
0 3711746570
849 2137967633
0 1590625799
0 1024540943
0 644866289
0 1243828415
0 2577866599
0 3789103320
850 923160468
0 1174744764
0 1745366607
0 3463765498
0 2729916412
0 2633971304
0 1630452549
851 1355581889
0 149152793
0 4263913955
0 1106742202
0 2912922385
0 1537254275
0 3865066045
852 679534848
0 2267497692
0 4160765500
0 1065023573
0 2284131448
0 3065014489
0 2123320220
853 1107988455
0 1439572361
0 4156596089
0 2117719998
0 1643065954
0 3873010076
0 1635727799
854 3826221690
0 141462339
0 4264609109
0 256662173
0 1624142294
0 131069524
0 1872382425
855 2326700587
0 750394799
0 3083135956
0 2834616100
0 3839611925
0 1239041204
0 933397909
856 2168851850
0 4287142968
0 2586125617
0 4186345962
0 3110274625
0 2575353645
0 3177492181
857 4048355908
0 1254160476
0 1749774804
0 172755860
0 3465290310
0 1990027448
0 2387578435
858 663365249
0 2438925910
0 4212725460
0 2025494806
0 2006962387
0 1893402089
0 1855933956
859 843412448
0 788566958
0 1708501521
0 2856349964
0 3225217963
0 1200609047
0 1249676593
860 1415790409
0 189313545
0 3615932101
0 778091165
0 607426867
0 3166500758
0 455235974
861 3334278276
0 2242192283
0 3112115144
0 3058781886
0 251454560
0 1345794467
0 1689283132
862 2871820249
0 1023284354
0 827275870
0 3671883745
0 221908164
0 1032356899
0 3828370382
863 1797682148
0 526354819
0 1788866206
0 2485322067
0 1430879092
0 2042120240
0 1507216478
864 1140780
0 2057312696
0 971121808
0 2734175229
0 726815865
0 4127816855
0 3051668036
865 3064510592
0 3312635892
0 1005382885
0 2607980314
0 2227203843
0 2884237851
0 1171281937
866 2994780294
0 1588951288
0 1088660500
0 2132624918
0 3978941212
0 2851470387
0 3541724115
867 1575525476
0 1962491457
0 3394719206
0 1051699120
0 2373774359
0 2201416183
0 792235134
868 2016016442
0 1715700993
0 4008036012
0 965004020
0 1557791913
0 2533822065
0 3519675796
869 4175468894
0 299951936
0 2471796514
0 2602381722
0 1617795652
0 910552587
0 3941142796
870 3312313239
0 352694125
0 795600354
0 3531244881
0 3732351164
0 3894938485
0 566827372
871 1478995593
0 2970276614
0 2119662117
0 1228841798
0 3412328227
0 4180200932
0 3596576310
872 2117342775
0 1550350777
0 487986852
0 2379969503
0 1368704639
0 2021029236
0 3336631884
873 3618913265
0 572916755
0 3597270435
0 2154797836
0 2209792501
0 1062208774
0 434188739
874 1062282876
0 1619381617
0 2476124500
0 387120411
0 1888479096
0 1657346363
0 1076706163
875 1559701900
0 350918270
0 2232857542
0 3091185596
0 3190628398
0 560115074
0 2067203590
876 3079505677
0 403537260
0 1815689650
0 501862702
0 2298244551
0 633601987
0 3884721745
877 2950509447
0 2506585769
0 2915852563
0 3183858821
0 1859076571
0 78994623
0 2345285202
878 2561155274
0 233822627
0 486138565
0 3646566003
0 1423728919
0 4031319848
0 1824843658
879 3477469729
0 1063547845
0 1912475145
0 1568695334
0 1060444777
0 41188757
0 2613155914
880 2735638330
0 4153798443
0 956360163
0 1443456474
0 1508736198
0 3594113629
0 2605139861
881 1424161620
0 2265099204
0 2235990434
0 1247311608
0 3311101442
0 300846963
0 1319117418
882 176902465
0 326546544
0 1725710970
0 2037775987
0 1164634775
0 3869048552
0 1578705291
883 2786767006
0 2290120798
0 848112388
0 333221906
0 970776552
0 2716999109
0 1557771138
884 1010571207
0 2174876852
0 3021012371
0 3565107922
0 1850466072
0 3754144867
0 2169724875
885 1759990963
0 1904070671
0 194188840
0 3343862414
0 455091541
0 2480602744
0 1499456109
886 2197256435
0 3156283928
0 2366634099
0 3699346607
0 1091241294
0 1172389446
0 422365586
887 2585888720
0 2258855507
0 3220504112
0 3606424996
0 2991682160
0 1647627042
0 2997717063
888 111660016
0 2089871532
0 1951291605
0 263853881
0 939550167
0 3747597802
0 3794856848
889 3994176079
0 1301010525
0 700314538
0 2697755076
0 3511812476
0 701417961
0 55810091
890 2776744453
0 3920335208
0 2408438111
0 4167080000
0 3421298002
0 2884172312
0 2664195534
891 1074455057
0 1624850297
0 1465460514
0 1206049352
0 4120638439
0 2660478200
0 362407933
892 513710099
0 475460971
0 1073289861
0 2960170917
0 1597623645
0 3610105370
0 3621840283
893 3219511761
0 1362157953
0 3770448417
0 2373606069
0 3425223066
0 2389760132
0 765923715
894 3051294063
0 3841640216
0 3077409168
0 1713664757
0 1349691362
0 2388042843
0 2950073895
895 2373108096
0 3472681848
0 3805161101
0 362505804
0 1087593824
0 3204694065
0 1446502947
896 3172267638
0 3314039720
0 3714253496
0 3630585893
0 535152906
0 3352785542
0 52172905
897 1651413988
0 1441106823
0 2925993376
0 2640647909
0 2309505949
0 261616206
0 1816609065
898 1601788970
0 1473539626
0 1246636822
0 3169392321
0 2776287474
0 3844487933
0 2861420597
899 1032463520
0 2625253791
0 3753897827
0 2623841877
0 3842194180
0 3425592950
0 501433441
900 3451541655
0 3236082021
0 1337979714
0 1108687627
0 1365890220
0 2713145042
0 920735843
901 3908459398
0 2027540695
0 618611831
0 796190517
0 885089279
0 10492968
0 1178919376
902 1382008308
0 876602840
0 1603677690
0 1858929879
0 3730119736
0 2703947792
0 3223862334
903 1623158760
0 4138498647
0 620742511
0 3087636821
0 2059080588
0 1306908369
0 519738172
904 3004831763
0 2962588124
0 474193637
0 2697839707
0 1448806711
0 1332994992
0 1833285096
905 1028548410
0 3491148058
0 571176955
0 83915745
0 1977301759
0 4104774595
0 2815472045
906 1473812246
0 3506890197
0 1114573282
0 2345633385
0 1131219296
0 1841829218
0 2537536335
907 1131182017
0 2667517964
0 3100066688
0 3529447328
0 3473021966
0 3268334472
0 2608897284
908 3652950755
0 3030634944
0 1325656320
0 3018461739
0 3756459069
0 2725491479
0 3977896493
909 2317059874
0 3581636447
0 1692432726
0 1178488543
0 3158696832
0 1434607840
0 1597158589
910 1061440039
0 1020055994
0 1119871955
0 2202768566
0 3817547049
0 3896432740
0 2426211729
911 1763141985
0 2373017719
0 949528246
0 2074692157
0 2990450029
0 693305466
0 2133219664
912 2127387882
0 4158750740
0 4063125157
0 780303061
0 632362928
0 1607781940
0 2090324222
913 1996770900
0 671774251
0 60556116
0 719098025
0 1807715294
0 1179363872
0 2365686483
914 3285886921
0 3029720646
0 3521732848
0 2124284834
0 2894640391
0 1080544123
0 4257987155
915 2625424858
0 4231468028
0 1890027835
0 2544920825
0 1895325866
0 2908525691
0 1575350592
916 2074586909
0 455631679
0 975981916
0 407050725
0 1028703717
0 171676919
0 4026284737
917 3413212165
0 2324701220
0 2678598633
0 713693592
0 1908798377
0 1877548791
0 1715146834
918 2807716300
0 3459803949
0 3492163309
0 1123708393
0 3516252420
0 4150011725
0 4258745968
919 2150096627
0 653064299
0 881065559
0 1151379421
0 955867018
0 2740112618
0 2356335148
920 3607297601
0 3652555599
0 3726471388
0 406271654
0 2462306591
0 2979088292
0 3749401016
921 2337099973
0 1271697667
0 2096746428
0 2085820391
0 3844438537
0 1929391506
0 824761864
922 2592550471
0 246300503
0 811729498
0 1794171734
0 4092361030
0 89985074
0 1595551567
923 2763897273
0 1715373113
0 1859611324
0 2938829104
0 3282585776
0 2468685698
0 2375561327
924 1501993246
0 3413641654
0 941753133
0 2455558320
0 4053303846
0 2059809784
0 3967552072
925 1964089891
0 313648605
0 4036709991
0 3288310196
0 564691777
0 2019067613
0 20477072
926 1946278662
0 4142431175
0 3921146156
0 3881382864
0 3286436083
0 658181093
0 2017452085
927 2904636611
0 602007705
0 1472517836
0 4187019511
0 2968490285
0 457928641
0 568596173
928 2009122626
0 2627015794
0 239868806
0 4002726106
0 669716703
0 727723679
0 466499920
929 2034271290
0 2720525138
0 649070461
0 311434858
0 1522019871
0 3649511608
0 3704372944
930 311504318
0 563591872
0 3635245051
0 3877398204
0 623230881
0 3263964050
0 4196344170
931 3536184180
0 2929447033
0 1580728882
0 659798817
0 2399394070
0 642609059
0 3958623263
932 249292150
0 2717186250
0 1501770827
0 3271164907
0 460455859
0 1286355538
0 1982981464
933 922690785
0 2940300503
0 3150539054
0 1985986726
0 2242826733
0 332324408
0 254886791
934 855498913
0 1346318211
0 3918536824
0 2978421326
0 1340295634
0 416065026
0 2908328786
935 1504385196
0 1608089574
0 1862495309
0 2577964516
0 2905384271
0 3931630224
0 559028556
936 795259723
0 1006875269
0 1613337540
0 312313176
0 1470598005
0 1840945733
0 736020096
937 3328593678
0 72760235
0 3313311574
0 3925130330
0 614691195
0 384050283
0 325035883
938 1639615738
0 3034281921
0 3659858195
0 1143722059
0 53858303
0 2882024149
0 600292665
939 1615613432
0 4122670927
0 987014307
0 1506672986
0 1407164353
0 873412601
0 1900418854
940 1573925612
0 1397656851
0 1532343358
0 4288996715
0 3805306171
0 175309298
0 2533589150
941 2772567466
0 3363249875
0 4266315953
0 3494815162
0 372783188
0 1865830831
0 3289059252
942 995564197
0 1188439921
0 2751210654
0 1006124039
0 689865580
0 2492406515
0 895944523
943 3856372693
0 3495954566
0 3315413574
0 2849157507
0 2328884920
0 3046145367
0 626658755
944 262666920
0 684546769
0 1013527500
0 4033808953
0 678316929
0 1467472098
0 677501405
945 3713021257
0 3138070486
0 2493992270
0 1069495424
0 3967181652
0 601147947
0 253100095
946 2770133805
0 3754587973
0 1657818582
0 238465188
0 3095702721
0 731209086
0 907367982
947 3654808573
0 131639801
0 1383171732
0 3458140452
0 1810987667
0 3730768644
0 1589866433
948 2235361440
0 388990786
0 1955636990
0 315587037
0 3672491109
0 2091446498
0 2342489874
949 3945834424
0 3594011770
0 2444932526
0 1216439285
0 581443486
0 2299397251
0 1182772850
950 820244903
0 1773256588
0 2498898493
0 1044467723
0 1563423825
0 1512211344
0 743724116
951 2627530087
0 3912427498
0 3105995460
0 29283288
0 3551786897
0 3132842805
0 97579189
952 809359084
0 1544486035
0 3471543356
0 3842237399
0 2346533142
0 1455225777
0 3967934079
953 1851614224
0 428908568
0 486003661
0 3528080679
0 2912559479
0 1415270688
0 1880681743
954 2313475617
0 2053929640
0 2757904207
0 731275708
0 563419768
0 3245461534
0 453364763
955 1408009280
0 3015458542
0 920144901
0 1899342190
0 3670956577
0 1631907128
0 736657621
956 63214580
0 831998806
0 3303822666
0 1132381982
0 3485660484
0 2768655682
0 989452337
957 1396026162
0 1971928511
0 4010646917
0 1217758544
0 1303596584
0 671041675
0 2662336105
958 2621311706
0 3642147897
0 1842506489
0 1763493543
0 3033501191
0 1138945270
0 525938877
959 1324463111
0 1647777904
0 1167013531
0 1609558747
0 867848866
0 1545457477
0 997283000
960 1275412499
0 416456822
0 571009459
0 454682377
0 2470562053
0 2172369512
0 3004084115
961 1255436676
0 621695972
0 3577834276
0 3662029927
0 3071896786
0 680452890
0 255547860
962 3724616669
0 4134891429
0 2475546112
0 255919262
0 1672058329
0 2609352998
0 3425181255
963 4252631831
0 1331209832
0 3516369472
0 2894890172
0 4087917301
0 3768352731
0 1480759411
964 307213522
0 3980180048
0 630400777
0 3167268349
0 131169797
0 3459010151
0 3613136129
965 2974642058
0 2878615972
0 2713054903
0 2373866893
0 1123559161
0 2376311349
0 3198871969
966 920029170
0 3620232616
0 231917115
0 1245095364
0 4275453147
0 1934003633
0 2807361674
967 1754506345
0 453734405
0 4026187502
0 1500993652
0 2028465169
0 976493726
0 3904707233
968 227846521
0 935364215
0 284196165
0 2410294823
0 1848277369
0 3640898510
0 791751202
969 2885768258
0 1486457172
0 3198438379
0 3529913134
0 344830747
0 3949367768
0 2580061774
970 3396334366
0 1325215814
0 3117911752
0 8327173
0 334843405
0 191764175
0 4067963715
971 852328949
0 1626761529
0 1925116320
0 1234064832
0 4212886209
0 3028379835
0 701191939
972 1824142514
0 915129812
0 4021481762
0 209857712
0 2889186834
0 2735836426
0 2020090391
973 4114978255
0 1317145426
0 2774189150
0 409798394
0 2926783864
0 565205572
0 1908456203
974 3332442599
0 3963357491
0 3942844947
0 2283507609
0 1865813162
0 4128979816
0 1933019379
975 2036212368
0 686586972
0 2663444893
0 2254757541
0 504070030
0 4285345803
0 3225357773
976 2121775522
0 2314381978
0 4192107866
0 3117993217
0 3978593861
0 1422111251
0 1845606778
977 1625167079
0 442596122
0 1257379166
0 536060975
0 2719429804
0 4247639404
0 3465983164
978 3490898883
0 3695812525
0 3247549370
0 602144170
0 3302734523
0 2345629964
0 3845325285
979 1576278301
0 3909849191
0 630524083
0 2606232253
0 2888719069
0 1623264689
0 2623195515
980 318422359
0 2455476748
0 944896811
0 3680029959
0 4116676395
0 403754752
0 2102485224
981 4231583355
0 3828942694
0 4118777905
0 3928583167
0 4062059777
0 3159234549
0 856547620
982 3718866440
0 1982025034
0 535984689
0 1980934193
0 316836131
0 277164729
0 2512826928
983 1103729013
0 512555629
0 2186913430
0 4070701760
0 2393864260
0 1525229167
0 3821830179
984 1494904054
0 4044449720
0 1695894183
0 619203548
0 398148087
0 1493276811
0 1919063299
985 1494723649
0 238271512
0 2170898411
0 2918961474
0 1154841907
0 750034972
0 2655321777
986 174085603
0 2610843503
0 635887748
0 4178755499
0 2719369211
0 4256410193
0 2657674207
987 1820013610
0 419934872
0 3648865040
0 1513565537
0 348045511
0 224123627
0 3949704693
988 404905333
0 1370844442
0 719300557
0 3572914442
0 2665628037
0 760621091
0 3346608232
989 1958874816
0 2589067946
0 2258180540
0 1892985755
0 2567556507
0 3030980466
0 3080538414
990 448905690
0 2275891101
0 147403470
0 111493762
0 1145012904
0 424148324
0 1863431504
991 2519677568
0 3302294423
0 751772772
0 1512545575
0 3268106640
0 2824724421
0 962840435
992 2536349576
0 800355318
0 1971492051
0 145272238
0 3607350817
0 1473119481
0 3305446923
993 2430506628
0 865250995
0 3521446369
0 2696736217
0 3146894064
0 30444953
0 3975856357
994 1018120725
0 3251208187
0 830502132
0 1691351007
0 976019010
0 1101775492
0 1696147442
995 1399379828
0 3374921264
0 2549291333
0 3663475571
0 612833127
0 3878027092
0 893232649
996 2646497827
0 4276300834
0 3018222486
0 3057974083
0 1103257745
0 1770398105
0 564452607
997 2218377958
0 3632879582
0 1519756903
0 3969047295
0 376989716
0 3246698187
0 1360194870
998 817921502
0 4116278083
0 4203420936
0 874964706
0 2886728821
0 862903356
0 490116567
999 3100580277
0 4013761943
0 2841556134
0 2422529768
0 3610984935
0 2269816832
0 521043245
1000 3529414993
0 1926461120
0 2124371154
0 2367410944
0 1076218436
0 2299217065
0 626665299
