916318410
1344891707
3221997364
907929534
98270423
3576758948
1005569838
1497520657
3476391880
1560123899
3691366612
2935326708
1157740795
2274786470
1081635023
2541323871
1911638204
3716972052
2465923203
716313597
56166907
2656474034
812806293
2992474454
875021349
3457711542
1415728719
1251771111
2890956391
2895476981
637799275
725710317
544540077
1697102238
1799457285
3105032173
363675247
703608165
1211437347
186148035
738613880
843982746
2016949363
3313859829
1518099952
1012642449
1831183145
2543123847
578923858
515752310
3329558699
1666822037
2346315451
2288162315
4049560047
1014184837
2613637999
2238819201
351624641
3956190056
608149039
3087097171
2153365487
3724850267
220880551
1466292728
4143184601
3913595676
1148532104
1762093930
3508899241
607868129
3197567210
4271277851
1187236332
416934877
1870037060
2012892985
1273457673
1169117248
795383942
2691876690
80324473
557138410
3905960205
3588300972
2067243284
1676831386
1685520346
3645414500
112845583
4237329600
1869897733
2934252047
26057357
1030831453
4157319001
1631716408
3480209168
1115626016
1924287597
3998175550
2562022540
1407580614
492280931
126707516
4098979941
3509292453
3398664612
28598461
2318424134
1469982107
612411859
1322617942
2088011114
2710296443
2460333031
2628492700
3582749880
3034996629
1772348700
284526355
3880641736
384243303
3234216537
3449389842
2242979821
3337748522
3279413505
2657510141
3712730913
2555444933
712378775
1925194694
3724474590
697083989
2769360560
3089758041
3401869454
1199659088
3015601428
2037638296
1631697218
351355075
2205997290
3487918934
4176068250
4108703509
1700267674
232780547
1611911188
1379137887
723136513
1788907771
888035997
2406710470
275861666
1902641486
554024120
2131364633
3474517431
1399920028
45907457
876535679
2273170121
471262608
4142145337
3806898970
337881709
4127570444
718414448
203575088
1548727992
3858237930
1310658192
1130910983
1688435559
1148239975
1313319602
2268710872
1512403230
1026838543
3411102458
3204074468
759257919
2312733307
1368355690
870769295
2341310768
146841679
636941390
1408379454
2189319086
503587704
2159207300
261578726
3072334407
3563779827
2949983420
2417364981
763553714
2424956989
3865543085
2285856455
1010995721
1589206322
492865142
22565067
1232144435
2695897608
2442834898
629332029
957319775
453561837
2517977409
108553579
605138849
1558205222
1087250688
2686917464
3537966191
1998993366
3120173362
1360785925
3524199770
3545022913
223237679
3524898781
564499172
2522593226
3641096441
4108373573
4202473179
3322889318
3724851910
1817506207
2102931577
3851234556
2114721455
3165165251
350266962
197179480
705293406
715381805
3374043560
2230412048
1487709364
1498995274
3191255689
261203959
140059607
2654770083
3366127183
1688059774
846117162
809980949
2006556914
395980447
4161460826
4098136348
2832059421
780459492
845934151
1345948333
1004339960
3078161933
3470703889
879072211
1868430106
1570928965
3496049193
2306359301
2455660882
749716459
1609573239
218497591
3117569527
4243794006
312639096
671171779
4171664411
3343055545
2110586033
1856614929
4111920849
1272438420
2108199054
3633692086
3833477302
1057270583
47846577
1956306754
478203765
4046336950
2202572464
513665066
3000492665
4273808760
2202338754
3307765003
1419028817
675543108
3584468801
3246457621
3977106581
967612201
178167950
2810087570
629668161
1455574302
743545146
624633190
2576430976
3534078169
65632565
1695601290
2561278166
3293435080
65272940
3945719081
3727420616
3249644422
2875131785
595668663
3245436285
3008394304
2361055047
2301173885
1496182695
3170029050
1305371066
4187440422
3141777888
2308758657
4128518888
2272614708
291246042
1207926242
158302121
2039358152
1402330140
2272021688
3432367212
232072731
2662743872
1510532928
3833294548
1682065442
347236972
3705666960
47947369
2539293367
1836221304
3376306327
4270927957
333938518
2951527088
440633346
1568144042
1556706585
3589814332
2458737936
2000832085
322010529
2274722561
2626690100
2526159788
1418264865
20523962
4130761852
4205755276
162952470
3081842477
2900454628
3535587605
3878006535
3156006615
4161480147
523976106
3006636170
879599213
1653168133
3943721897
2374915976
455761201
1712179
1367570329
194662729
1614220842
841152926
2269304323
2814982031
1008261254
3820391211
3527053552
1845637196
3986205702
1453474654
4201106431
816005299
2293712461
421012772
3181088991
2794393288
4090461014
3412208161
653900042
555683539
11593819
3769711905
1161046514
640383053
1983613371
3749840746
2280427107
2338277951
3958746943
1646652576
2998295463
3882634170
4133970548
2603866794
2388807223
4004205196
1116785907
3894476697
778110416
4196674743
1670629915
2020355533
1380254061
689769296
267400574
3142117084
471130807
875867827
2843842626
3123150395
1172995786
3502351003
1118521178
567347748
1539769591
471802097
2630613059
964000304
346374126
4095576108
1499855229
4276051558
465110645
3855114456
2795300768
2496316115
4081776853
19111539
3849399378
3429036182
818484341
1046342661
2892108313
2365879284
1224398118
609253349
3604490356
2576203097
588011432
885385859
184835347
2687555357
1566282207
878495442
1187076765
2445250869
411925779
1491517965
73215754
3570222637
675183519
2918079723
2401875998
3570407062
4124236469
3485270518
730264239
1170724192
854720955
1422776598
2479059970
1818091619
3071169117
3342157493
783703576
3219795166
2247388745
2736861114
4081079755
2558105856
424633960
538644955
1856249617
355158278
1471983741
1361571864
2277753853
631184494
133028468
3053265219
2630887357
1632268778
1672313248
2518084
3355556018
2315365082
3708068692
4211114463
1745754975
3324284038
3848419029
1331339296
3629454467
1329278791
2412817207
3468007004
751563571
2198260589
2842592264
847021265
3166231582
1380268637
1678889263
2325048411
3849852936
230852874
924468603
2143086833
3334111246
4083183633
2018785856
1220898998
1203319806
2138850125
2499486201
3551159849
1501700502
1515507804
783730138
4238032411
2488918837
1616060108
650435865
2898434665
2485131095
2027083496
702000515
1406995574
248489856
3092106782
3372356410
2152148337
1270397960
730411814
206285535
3376878396
3295167411
1070439810
1135287228
2514810474
1232866216
2155264966
2890313306
795974317
1745293466
3148367701
386948079
4086931682
2630683269
3534617427
3506427882
865859463
708746351
3957743615
3941430783
984086034
2751892304
3474046750
342140492
4217417216
1685784852
3296242139
3028031331
517482698
233708338
1344408052
825098010
4083243053
2985506478
2365769741
1309167773
3722689634
558186405
3316795228
4008325302
3040806539
1983454799
3121165633
2793875696
3652070018
1272617581
2738034155
1677047889
1198685715
4193050166
313376635
2532907500
3493191371
1192323683
1556784028
283219527
2581247191
276254187
3509816269
2308963364
2256306670
3175287986
2203120734
1565175010
1675624541
2922739573
866708588
177993740
556633479
2038226745
3036739886
3337494656
2605879365
1170107745
2089545735
4063527070
3790547466
1067993783
2556229810
794346898
1303475405
1597177548
730321899
2913696509
2305829302
1795682963
1119722116
1571144137
2418239927
400940281
2190676192
2455986208
173016715
3992057007
1206079449
3164425140
4060615803
993942696
322800283
3210706432
2141896070
1042437449
748684136
107220190
3510444986
2407517117
2460714120
688726477
3578814948
2919682659
3645232231
3670323430
340884659
2887395883
4242886763
3158527662
1910107962
4119054544
1274291069
1003867141
2572590850
2150422980
4235163733
3436560694
321031368
916007272
1336818304
4252112397
3354073670
1294952837
3532901355
150467690
2055514570
2547885201
4237477600
332116601
998356503
3668861752
3652706755
2248142371
3402199851
3723190158
1963230176
963454186
1678938697
2057355141
2443418046
706171425
3249598984
112062603
3822735031
4086845559
3410944127
2393390428
2437015580
3803375427
2857524966
1871779628
1893294155
4272681934
1013191047
645460284
2966334498
2890139858
2278534866
3330892065
2507846194
2898960777
2283788319
1556792948
76572963
2206234842
1216164770
529752972
3525903838
2216934268
1650683463
3704007038
206806240
3020930832
3568788277
294563049
4051908750
2962740585
40694192
186489707
1736075358
3839316077
1165658877
649477118
3911169526
3991911898
2095305290
744604561
3571375851
4102349343
3600942725
2159967481
3256719146
744809629
4281065789
942993722
2451623785
1756979947
1656478233
2469240701
517138813
657823176
134898439
495012853
2613617597
1670195717
1956228492
2104309231
3009673377
928033403
492566743
3593616187
1914872785
1527686870
238618914
710762511
1738657210
591116697
1837355232
2689094770
2652115978
1307396544
2086398179
1647230698
1596744555
4194223368
2864674187
2428236802
238061086
3737993969
1444107962
3401875469
4095996872
3460453869
4276750202
1103830059
935856607
3897702773
1824172387
453776409
3940552435
1733925289
3947099301
3148078670
2832628459
1994473690
2196864718
1517690521
3957244640
689245715
64025489
3833041689
145683782
1916156992
2213930701
2497600401
3866006501
344859824
1372581924
4005817523
1935776184
3762596705
1403022385
2368553513
910820327
2411108503
3470164463
3000722673
3517414680
1887115531
4099976207
848678304
177184881
2269189837
3496795241
2628961844
4262752001
3322840236
197988934
2171168825
1526508146
1401891511
2104987770
1360781676
968624885
2799094137
584686804
459814642
4163755966
2543553961
3724477598
3188411566
1340076477
2325108916
1534689874
2841626220
292968765
674804203
2968708390
1358311887
2848648091
2884768226
1813271340
4291897310
3812053811
1744494174
1996967077
1375377133
1263929909
596238315
384320946
1141516579
1140384924
1185417864
3098402318
3056768066
1913711580
1902710449
391245876
1695657924
3359677347
2427583339
482771827
2690535616
3339334146
2165904064
2299285278
2965922278
3678185028
3063800416
1376603659
668352420
110855673
2249566701
1050462709
2449861845
3804152888
3369196906
386934187
120833109
1348220734
821581553
3200045002
1739829566
3011274130
3246101418
4133050874
4047885266
4090877337
1738782648
153236286
522062521
208554888
2399741230
4169876979
3058297761
245125883
1913209107
3938335150
2816440729
3689026951
3295356126
1542990154
406793807
374592618
3616880012
3938681829
2712361778
3424421795
2508558219
2336597909
2248936792
613188148
1342885228
2805054987
835295744
3970051535
1032159603
2113886645
2528001416
533357181
1589900939
2617226719
220218386
1853583177
3663419899
321209303
3981672115
3131161282
4042586314
445977832
2173921817
4075063405
305895109
828191879
267549588
1735294762
4273830586
2264098339
1310794940
679181424
1548282659
135142488
1321490790
1444576043
4226541354
1559299883
1864325160
2861944449
1990405769
1869465181
1949592647
2456231381
2543931415
2933196641
1008115745
1346139753
3154718239
3772276872
3479508957
557151024
1269605871
790642886
2097454407
1858442635
179442406
1358848576
115791503
3711724085
3779613846
4085178393
