1429183554452821523
15249352692512899011
4250531956319916603
3288857029149174298
1050680394883567133
9152674505035871154
15190651416325131951
18223337038992543284
2370967676140445271
78048780489082071
13247097235245928748
12557280909981012629
116287488730971085
3851798641387402929
1531368166226953302
6772764065536156796
2711491522852479588
5779603514805902909
6871252688590188393
11614318601950871975
10275200638298991578
2719448307067076605
5864908412744090787
2599773169263034856
785256277238812396
13390655837279499656
18405785402845320206
7988715922608389450
5594415610338557633
7752814387888735534
10004996832809380093
12336001171244741369
2236554826468858947
15157454578966327621
8020309055469014934
14389836537858856861
10183017615339619672
5506111274467064322
9682819597369658531
173599987071103982
6316915385839605832
535346591865104012
7310867701717113539
7578564259092469939
9656169876707370250
12692536781858368052
11407995403668149624
7386497900229456254
15542666685009254968
17322535759027615744
4200052862154183166
7379028524079438019
3623989867795323941
7841944924490320472
5427570696776673651
16380524107654847559
15185984306357667611
906740641962994546
5960408482501410755
32883982246243360
14342331169950287359
981763243240332572
16295040587272937322
11259024682825972883
8599845708777538009
7449750199450084288
283929302002874850
11532523277789753898
14822270327450776281
7980812038255453911
1832982630058500550
14216810563549513701
4372743841457858289
15111601696492310846
15417463017383243191
12939293793208581878
8229382267316492870
12896559294339891797
17461229596119361152
7236352492489306396
6233916973389085962
17251783210027705847
12607258266959082654
1915204617163470077
4033100265309731062
7017770956096965793
184978358290312356
13153082775535490047
15715822391457438723
120190668623275207
12991576811945317279
654124552445001394
4497275403924022596
10998432411541149996
17594873134416461378
17646530409094866585
17541391757146819211
2181018659180747162
1248353065097608010
205441063226078116
3297178361336846605
879757991595479696
4423237203851102633
11260322675077648410
11003674508290664768
14569739374742067793
11121782473879688011
2246353332326223799
5657962675433139917
6551604179337841008
14343504369252029848
10731595359371462185
7471402270790248485
6794116373892873311
14555776817618923590
5845362036437196062
17188020151339265794
14403313113772315978
16509424625139564430
5104875735560210017
6453441384536747135
9882898597696884500
15447119211249133245
13999237435321640385
16425901443492561222
17807731230964373969
1787498463618668846
903039394903740752
53321701399906680
17413616060482658908
934630124152349497
5695588735526763419
915851525229564015
1828671959100015171
1523300943102971800
6728102134601421340
11928207426959845353
7563967745993495894
9251420824428295840
4601195808312451585
7097116937468270200
11730311334181230345
17844972075630511551
2013242440442010157
254180906895366071
18303029262182522795
5035640958983277562
10528312349461688458
17792590100177174803
8166950676755570602
897388654852781743
8824019531916188058
9839466448905620334
14910435258226713506
12747262010143596857
5341642496574810495
7559305870759873686
10468691899612900371
8126436253237401053
2685187443961380498
17443538977716360372
7018869660858075339
12694140608439360839
1762444417036012828
13020649391643660599
14251119925181124354
6417571359715084567
481030313657744093
14538719798379726401
15994522201280872425
2013097649413400467
7946140926608913323
4081090865206838589
11317470854018403470
4901483001779893961
9995235004185476088
3558407802438320643
8607560388567172388
10501567845786954376
17330419410554703710
4649524747409054649
15710796004139727058
12099822528120315236
14756803557544635812
7920750677779706622
1817455694048537344
13903537541949049749
16180663673129684670
8124926223797765833
10061585686129933322
7874554591685009394
5657157492764755157
17778789117534550740
2291492114656321455
17015599608600435418
16738302397089839598
10788343447040823063
14369061010052977197
5402873665413659899
17457989009099826190
11245853577745931574
10537317058856427618
7728232828684876595
16294839840373007
6485950104442768706
14747317521173714451
18140326155796418012
18110961902490267894
7509672067197725617
7468284079130881739
11663087160093072454
13374245433191205680
9341650143294675250
14227270935294984359
4383201596253073511
5119290086012620322
9107890616407964490
9096997659838595322
3577132617511128299
10495708687327481556
2976409130788016406
8954638104990754663
8373276326242426613
10988589791727006092
10818675992132140033
11963861328022936586
797878835543539832
2955956960023611167
5552202851301386067
4025277995699844994
11762431201881332505
7754968933116011736
16912589751002457789
12826885192715907675
388598313653544516
2745615097453896727
16029374303893800154
12339732263752081351
16271405620258857756
14810748273195551038
5749040230707558444
5592578856119930523
5030606572801050852
14330920266551691643
2884641636164390064
2128943667746248974
5462049171364583904
14097420038596850727
14637744816292147714
5442805935605221329
1012579255794408957
10858687810340711728
3786447079285596344
7155739832677231621
6283338636241455349
18108686267992886998
14880708927856256827
8109741797377934980
14800283011641617429
8690550300984185023
14228505007178887195
5812777096802847469
681593104427102208
18060540969207582288
7788583818937084641
10693204960990616758
5054389878840744245
4872681887158686031
14358544129167283456
5415707237487785703
8008494480887884579
6411113757328195534
12079094904048330432
5302748611384670331
16391567932453197630
3431784309420632949
6264562964217697779
13760064578129022415
16708683549994026988
13767316672515384904
10903386183026833202
8580674837217475234
2876067715871497559
291763543643665370
16572001810984406591
11359928408510082681
16836141029964647028
5728935009907399237
10656411704147198941
674525817108099784
16129930671884099881
6718346107496729817
10463744873346982125
15497073201492092069
16438529595878937707
6928138903211999441
9188227347315707880
18232805873431220349
18195285217350372608
5552391477532543342
10123318285639768909
12237363779491616537
10083760684257077495
11027118940535030200
4926116213219772718
3731507486042011862
5624653325655643837
16827027592559245293
6022191776831515885
10195490407670697791
716132907893380771
5028021559455263623
1322189930984488016
8779820264598240856
18018516948189310474
5175986040878824264
8022353134567033704
16905106339477319651
2920117832402276717
1205524969239448252
11266275021297988689
7727671207705111535
16969850187858774144
462843318248978383
6145424534494805319
15673125110888150835
11041373248319585955
10698904063175023008
4408135397006127179
5807675932913897875
7233450203469739050
9999058910209899793
8348443265007793284
1295530959971059510
7759262476738786798
5210154555586261413
12167625815582743313
1573270409808574607
16249279887596821263
244869686177691940
9154449495932403071
3546161554998431161
10154925093470320773
12141892183786046466
3847789126702448061
12502719952936430447
9661426209736103769
4502904187151192695
8282450560538292168
395678993585230546
5303109814091528906
6847761598250711150
8092482015530652645
6625393879830985005
336012006760473679
16599515849390368355
3451864061723833683
995181327809259161
9493816788399545856
2041820173881987411
14062865872228940845
16948791132362994253
5879246734237895334
7395032677233737931
2228616300279808895
12584670972349174820
2824351074203318766
7345212707504605636
11684842118264828350
11183881674199238960
12191977765540498879
13624732731862992111
11698637984287965013
9507927345422450362
4405358534327247708
10035497522851791037
11122588009826826471
677614741938578518
15968026264167720427
1196411664329038132
2688580991756529914
8172077888202105363
17040086521173131289
4633280205456488180
13722226791296800613
15295779023107010386
4412201192408308281
13886153016370930246
16729281807220173238
4296813246568773497
3173241589959094276
2840626203920773533
16525661583322481653
670548959455787088
4302376997529148215
168056078667964414
8582114453288207418
1600391794417306445
8233437743496585914
11284647934996102810
14978483976231347766
12937068287430187325
7215626642071421992
10227298745117437716
6473542413007447199
3114110779175419985
8326745688513955508
13330829037394315285
2834698674208616555
8864450650363096686
6917235719927723716
3225565981556270570
12793115679368100943
12099968814042439670
2649623225255340603
7618890611151484015
9266096383450663086
17715052655947980361
10745506373903674109
1930889601338349647
9706552775030108394
13892493945418242225
10890460112041713519
9715203582366724659
11910032582963702292
14637473770003418670
8730654115827663616
17537210167183662313
6383734903799828233
7497680091636419318
9483955359638483986
3324474238762222440
7679743893664743919
7146071272912448886
8093935282958308204
18062516735510651914
6597494817120789932
13778001711140192293
7966074868805984548
6965874566764947420
10252030498403301050
5083576738598369020
16444034487954192251
17580028509467189475
12821042575235611694
2000294742614882114
8128681482619339224
15549151531869131828
1197832529345751056
9727489420540956489
9235244231407105746
2067546901997925417
7991804394353467307
8178275301987987605
5376914409017871538
10412344662201451098
1668172623554970135
2644235660418694965
14411909901335085035
14093411213986730186
4041194619846021186
9767864904691827828
4294275799637418176
582371155688266976
13075973124730461700
3095669678707742804
10767672156643122198
13263118687819354187
7566106025872702966
6355630865322874056
14063640135319662861
302896079174050415
5012043916729124514
436559201254326948
10454156223134847144
11079095434889106709
11631741313768924866
5111939360742795670
17125509996835078627
2715878752937137848
1623689434225326356
4094455739500368751
13975307556926537233
645917545294828356
15520086979124542249
11792521822550296098
16653281935643492925
9482383399214005810
14302168260309456061
7382917438486219882
6588361289574169656
17384679721656239465
4046320696026035382
16293264272997026844
1079090849039775749
15737996319530021769
13045936832593552638
12727415383155750133
8161780177465879567
3915816931516042043
15858440792999555348
16081722617145237824
1673163092830459941
16332001352247702472
13414887226013939924
14110470994990414965
8447203720890007564
1238837503947503390
7515023113183068186
3261254708921373653
4913912302227163121
12285386561135297105
11245400678849223262
15140854422496849842
8247704210979938949
1698595627692054787
6504706608668032239
1867168771395812816
11730463060724587777
9113964739427392131
6581876982646883536
15974622322423128216
1045853766914475808
15937310741549342020
7535094242747352706
15894575216135166323
16691717697834461476
15565598319475537572
2985627413593124483
14183890263804902815
8370813236194460088
1880688116202619340
9119522737695308106
13852090125584837215
11287791137015533154
16236130782990935396
12461978734280773946
13962934941589603727
13460352064225090005
2256591285400902775
102401392631515528
5589764335973203425
11839730810346267156
18390141505345273174
492262879956970226
15701018972991654407
4667640588857271938
13620320619057421691
13459426602258586549
4476763443353107450
6096396268243247235
9565188048387173616
6882100663592222517
7950413843431830209
1401753040187165585
5988365588358206657
9384787573713232398
15395633125717492310
16617310694668119479
16363272723854927666
1474273661902795511
2835777698929724323
12058855491039990203
6108220646444880787
16920519114621584004
968539715577374292
8019177380730237333
7648634210947261391
9153394596028111283
9872046821977318898
13740552824366375690
309104609208332529
8443389498626868361
7802302500797802517
9662065669453523479
5965374215136877566
16343649958514206201
3748930241802007897
15152552667379671337
8736299602800615856
10586428013144228996
277723335272023459
5186538745878011352
2171156877381345592
16555136022922675250
13276094699251899044
3121013952119105166
16780044482888984678
6220398072120589680
5081662941014198175
157645323479730798
7223897560129019150
9744288359877692250
10221608233391895004
17081387936072221711
7889635450060677071
1464666273706234702
3263351790382450921
2936779586040811973
14612438037138038908
6791501521803894112
4291890040562402993
12076478476931190309
15409155907682529843
13699127898276254789
9122303834497298908
2559732465374467379
9788346820059864574
9506559627867426635
9270272700707537052
16317330089544024550
5269112257024800275
7783826464168783495
17438016841179976825
18103260993441523424
2352894831200807605
8841743835384966590
6809134024514457553
8911561281233861751
906165112387683766
4490851984981501329
15725025542154195008
9955027695498491036
9324808584125155227
6363353294909231653
836896527177899007
17041156989444036825
15216197308894798678
2963666264657316814
10364740602162021019
5052286453983939812
17053914351102531786
12466828138610584210
9068753352804804296
16215367819233494177
5815187446096844084
14477179451071074163
15602924142368188755
8420037798252497425
18322660679718284758
9771963371397368416
3931194244435867256
16051346929826591536
6446927609888707349
2974300935621536330
15742764528834704464
7963813086289372397
2960238692620650334
2929750683474816799
9928130943548624231
6140138965709757162
90523477836548385
9360188930584678365
18201054157723455668
7954339820330851623
1273935063810244439
18301285791915628706
13695722264430739532
15688371665945502817
8209747981615008650
7245712615364277834
2644979889627294027
3388640204263933361
17738659857909530888
17045721731323445174
10876763275585143860
2574982352552938409
1687494598362766115
4736278943902234180
12029353724174629900
2201265181331823858
9745283530856426844
8448220131607906218
9738202581270623296
13595680149276537402
17668227739247858958
3501289165240911630
10944025373751596833
10799642847650816744
10131115470592082686
6149951568984047033
1022524876991227239
1409567063105140339
17456027014123331933
14509241670672724130
4569496265511764576
5159339472545982201
17474500295785529816
2181891641001725167
3074622066034248913
13303949276865694712
7239475555348170170
2704698038224649941
5789871153645216828
15795678767533874581
10989054031636353585
11989422775742644420
14116134771488954359
17986438737864375804
14861108702860467959
5485026653946698331
43065751763035176
2875939559874039083
9294810373286523906
12050059459022669109
12717307799979346055
8966481468075711310
10035723908716419049
10655036603765587120
2709845443928534805
2189017056007690938
1102875276842445005
969359457565879024
2221132075368494569
7249249070834832742
16680230373349368276
1689599548202798255
7255575155689830644
18206422141211523199
11099725978338036946
2400781427089869967
2960879351233726163
13705591686829858870
14933287922348084848
5924183672317136437
4894981131650702007
13837107229029453757
1871704633477666219
4761656334024550394
11367992825641653922
2047560607964017074
12795846443700724434
16777926151859518166
9312897386338536944
9949022944015986354
14431986019127623950
13449899391313679063
18355879092936580395
8975999306097589341
16558206663053604655
9824001044426732979
17265929013226171724
5299069935263048536
7894310472620433429
3002538630122533754
13594286713740709067
7281900500662252777
13412722606550913697
2574353291307249761
3864982909183083994
16064180599700835894
5664162377616224752
6929864574584359719
3265834914732262338
4811400458096273102
17054266520401037613
9939691924638704743
9072702539154565921
12019805112647161674
11631737659344963589
1315540934030712116
14537587761369980431
7185649166868479542
15736206827487841885
4872137157167306890
12793250724567351204
6235524912683672781
1217620561503093643
9382950541073137189
15354180702697025176
10993032737772978230
8987818305767009523
12840915942584121414
2643496854634210715
16876740484225968637
8083102006094063437
16485131775298533168
9690424666999003765
16760858408491336779
15266031265073817242
3022559150338290586
7954689719432412468
10674140618730823067
2519740645971165833
4950617521801974610
10500626830004659583
13927152093766255287
2892644321963627150
8394588879099839832
15350658887167753963
10058836081862601457
10395034486548759908
4899282079811890521
3677767233389749911
18099684302514629975
15315916356569560582
17666957440214213737
3673550536698788059
2660244609773250271
6867636481814994026
17664510932892840001
4343236970028467658
9351059165300482217
1642381364237869767
6821228507485241405
13072925753709552245
5497579385069522497
8067005026472170751
7922759332366956746
13100399497720811335
9596506696527628701
536984410427652972
10741229124732888512
12104082351334624734
803025709602863307
10897626314315744965
5284447532763634199
11003236443127891575
13867505802414251771
5125021241388666720
6894337964223271113
8844626850197554889
17265385628380247129
10400786376025092097
4589818317622861304
4278873620391113409
6392674616096393936
5551875817928126596
7887857160239884629
17776236108920337002
11119534377110621215
2556298637602075457
10569919803370093950
2733559081018224080
10510615723334675871
6083057129801159320
15385520578713469145
3736207313545717340
3103927447067164766
8787418128474122771
14647778119181307253
13968363587525177756
5414479160893152184
16212868886549104166
6004197674323686580
10821072577927737633
137369230113607604
8054972907202683604
9684582557521800525
12532962512975762578
17255583674157404167
13257472802944528930
3931194219674219584
5412325478930459472
578154828379577615
9209001091749738230
9771874127690601346
4349057417391717346
7707214178336725290
6051263224925587773
11490684943599987705
1610875530853487695
177577765455680021
9622511713357237578
4736262308335294888
8105261007684354509
10133035118861869623
12315104634208802480
9559530800378073183
13022639971941335910
15463455601948683554
4228113508899825182
13232714049500444645
4432090455434650806
4254559016014709505
10330461505556403494
1810219486920565422
12795384489692658092
14851935148314721700
358996423322248015
1025872295436033387
10557945638579589661
6392742913550469392
7227735659124022694
122291373264641111
3557470059471927739
6697622398381375818
1135165775319616535
10808659927086897746
14545050684269965950
381734613320329109
3410608681262662839
11528998339052398104
14151155800864047972
11725334090960896217
7806255894157222106
1057267575232828220
17018748434857779451
915861569732317579
8137069582771681435
16279894655141363780
5917621256944886932
14423081034289512016
7052652570114633160
2106115427226457543
13923994003583770589
15430612560574741505
4472447036547583214
4498829842428249312
9594999362836799255
7610253733553784456
1196987127794202977
4277323518545052439
23448228117070649
9763493237381104447
1945554411721636542
11246599286455842941
17311846237719070485
13469606330705356672
11469182151204345128
13921415354685219599
4374269973633115986
10825372295092177949
3135617183994651291
874136367197826520
18390915763361931657
7371658177322193138
12687533686291772953
7763787961100301847
11373864736705666406
12320832298686355862
2805385307243756653
11950133908499556921
13598594491378356215
17490721610483723225
16599733186893434878
16022123582286165201
8342224936661872042
5543504893992145267
13922791843890861948
5251190261693364697
16261201341437982570
2015658898210819229
9400640156008204910
9252715349385223854
776079186630780020
11445434208936249048
7803603568530464242
904239136475450093
5560097093180882182
14800558090521295918
15654244494131400496
1929599892664010645
9220820258839644718
10349893815502264639
12970043699219511349
15324167235739306750
3079608786972277673
3141720109886599446
7065265674114873950
15263684086497592939
13473825984808427981
13916410726975502847
1880158775475221417
15286027506064472966
11599245457362401903
16314404842763615620
4459901661061456570
8236581500959406628
13096451263035021568
3136716267190445655
10455240502864268445
1234263824853031337
17823750896349785890
3963899381278383317
1787306469593863244
9750395714644633732
6547154649771719117
8875437770062638329
5521513257463013158
13046499659648365896
1545678055550054048
13888980094616059606
11698778174063670566
3066009707874397616
7649730550462342367
16446671114133985248
3234812768455299088
144321562055534929
687059740204449588
17730441257361211804
13956492362559648159
16388933216320107699
11426702073916023691
15726095518192184689
17561118017837820327
14386908593992115944
13477727730872540211
11685197508975074209
2396316689259569201
