3791492627
332757726
3017850819
3550516602
1122308667
989654091
4219185690
765746698
2642447901
244630592
695202738
2131023096
3369602735
3536849146
1331596852
4242951292
508091991
552033930
3425977559
18172147
3554971948
3084330175
3493221013
2923719796
3651255245
27075290
3862591153
896816756
3494675542
356549435
2983208060
1576907016
2266686052
631318316
1788534333
1345668806
828223337
1599838186
2977841575
2704169275
1236118490
2392381578
3083157501
633170899
3050292387
1365530400
1518584296
605306860
1987514092
182831724
2324575624
3117755017
1286231054
4285430862
982809930
1860017870
1814118081
1302551387
262489390
1805092764
1451419901
2329469852
3503846137
2872199092
3495730243
520738499
3328700741
3529119905
2954121110
1867373719
788764573
3350394903
3084715352
2370918545
274856450
1281991432
1030278307
2254457119
3127030766
40419396
824924232
1470771475
2413160076
124645091
2830736067
1702194032
1789761715
1764521994
2683856138
2248252247
2235525684
2955211508
2733495672
2656130912
1968730494
1719803060
1581668920
3618809088
2111289344
4033217150
1183846910
977901011
3443185859
1718063960
2207128613
843775893
1147947608
1825845084
3467733363
1263704778
1602051143
3813887971
2434467611
3535762500
1268591474
211117007
1807269827
1387765743
3231083552
7656398
3420866047
3339334197
3605011740
228584567
1291444074
3793984788
3509746835
2621445963
3000648153
2002307611
4288553920
1734530133
590658018
66107442
3096769066
2685124817
3229889241
3451078740
3210782423
1858177603
2417566150
426774525
929286117
3310109154
601843441
1018108763
2728218942
3518443949
3638144439
3589657837
1285373686
3012664102
743201350
1916052370
1810121301
3002714201
3661325952
4065509325
2287366428
1684844608
1713536266
1451446901
4156548599
4016743788
28570782
2935356057
3191305469
445918323
2974939382
939029330
3107359905
1633952128
956787876
43068630
2837058559
3062440728
4092812291
3659125042
3164300487
27984070
875811743
3024837191
2472050354
152300240
4227736900
1047103526
2416810284
2560772097
3841261122
4096625636
1748657817
4108653033
1723042443
4084173533
1022859674
507807978
2808724298
290654847
4225659812
47832974
479615245
767684160
1901859472
204834619
886458793
1029865165
809996314
2621748176
1387243840
2561992618
2105924177
3392281796
4173566795
2589491771
1028771767
523019892
2107403981
1317347091
174426480
1525414218
2340935064
3339607354
4103145001
2498644254
3028281381
1739571399
1686944863
1581878488
1409986630
3389030885
1432657182
1360979405
4174720770
4001897794
119526730
3353532663
3548888974
3843899961
1217644129
1188571503
1478372479
1502558911
2867711764
2301041641
2375935677
3596562708
3132253633
3259451462
2935177542
3824453205
2235750865
4146185524
3498842414
416184417
2406207824
210255243
247646584
12414926
3021677148
4054423435
1652220729
217610533
1204419483
1326107591
474927215
213238300
1155514947
425770869
262901656
354671139
2440499740
1566508350
3676186601
2777252212
3765720406
1761123478
1135818400
2154014265
2692407809
1071299381
2738116216
1652426304
849106697
2731175938
1522058687
4154856334
1028217389
468744533
674191287
59181104
3992461227
4261506083
2962951162
1172451525
3926241418
2451313740
1261519123
4142660205
3257327530
1901516382
502740655
208939578
989403546
2054502147
2187643758
2290929306
1427121058
3471606238
2775638329
2967953218
2776164735
1243698060
1999293590
1760038051
862956563
2437432273
1947358685
1892083383
3903340178
625193920
3363230900
4061390407
3694545099
1634207940
2128846151
2955584928
97340700
410351068
2782105911
3031606178
4159278850
3318097424
1619642647
1494207270
2344860381
111998597
2405221953
3385059488
259129321
3724014899
1937090451
468710821
2176299947
1850105106
4106143037
950203012
2040171662
2635054023
699709129
1141215442
2131131384
2327196999
105939459
828506379
2403665188
2004103825
3905661576
2445086800
648400734
4035052706
2679397305
1082551839
4116707538
3657954745
1373724004
2817209467
2477469092
3435836070
2273211134
1844193478
247868160
423159379
4113451925
3237169594
3270921918
3767354337
1404618441
1891731802
2062416906
2342645471
298737650
1833437614
1252967637
1317159620
2671393492
4139446913
4222803887
533529583
115841754
3961753009
3382442478
3897189720
3150450455
2511856948
2887750189
3345557723
424361211
1257954553
3826361358
4064754817
4053409078
2618379326
852303970
2453410313
3477486387
1799369423
207321359
3793938
2251820354
1510127937
2675185171
3433627430
4059631068
4223623814
4069568758
4216786916
150891441
1748481781
575483595
1738845389
2042911814
2715524090
2554366768
3113934172
2802735410
2175022415
1300185255
3312544649
3952537703
1020543648
3338014242
1191927605
2350660426
2120596034
1966948602
2118059820
3308702955
832866089
1176686292
2443722609
3000586518
692999253
2888214375
2084914153
2279481077
1949555316
241119628
2558480434
3138731009
2518919294
2530679818
2785553533
3596615800
185770642
2643265311
688237361
2428168019
1292722963
2682435458
937208066
2870713113
2738654427
915530968
1805594408
2489968317
3937769157
2123149915
2986491935
2107811396
90477595
1571841047
639263330
2338145498
3732129536
2086576071
2873067805
3084051228
3788481843
1905068350
3448396053
1321269292
1338552737
3244527259
1302123734
1351436516
1171279366
3494021499
3336677389
3688975536
671632968
1993677070
495683324
1021778400
1271732424
1913254951
3282311381
937996802
3408115547
1159923665
1267252009
3767410173
235759479
507047216
2528235272
2711756984
881600910
265743365
1666075511
4171811061
1462953778
2159398614
4216257079
3000706875
3464685037
2363065988
1888196402
3693456405
3445959419
1221824703
2023426420
230928411
3312831979
3715484397
1353392632
918269952
158695761
2567032400
4205047378
3071912673
1813420983
3393871030
2489705793
3298941237
1176816848
462606671
1134509660
2261341440
3343109071
4059608807
1260942601
2935991075
1864622924
2821373902
1492703742
1141384896
2812383441
1388804219
1234642372
898537278
3816459312
2764483445
799024549
725849587
1458582227
1909509583
3203764692
2379122668
3890293545
1066903112
3205453202
3634994
2538642423
1434122914
1997844045
2055036247
669636697
2840212442
67931493
1222315583
3858469848
924626553
2644939443
2808875636
3919969552
3470023237
1333871625
503464925
2481139196
680456904
157050280
1834246441
3755542140
2138606809
1564236848
3827917037
2436280453
1093231781
3608193528
2283541611
3827393426
679739601
1613083040
1346916328
2139300887
545656957
4245155927
2669006080
4236419968
2285619566
1292766881
1539726157
2357018712
1741969177
2849233285
2435934455
2347808490
2459075000
2567451200
2738997550
1146950808
3325999318
868809289
611096253
1309591654
674281453
3917847665
2605853933
1402150787
4229779263
2373822593
3807631011
166737685
4267060103
1170677495
2850929744
307846332
1596423768
2044211203
3157126666
4195262898
1895201608
1205128161
4036758376
1867849643
247459811
3936026790
1990136173
679892914
2271316668
280683154
3394417745
2623134064
1011280879
1799238661
4075489408
3951101141
3001333711
107764107
3834150215
1430843149
2730374963
3649183807
982974115
2570770040
1804065184
2491032719
3428855883
1026349001
2548765075
1352204925
3058332714
1684168866
4282645777
2328087321
3863655556
1943773418
1217955638
301639307
3171448302
1806594076
3063558565
1213083638
1638832913
2832996150
675674255
366305562
605788943
3783330295
2766272804
57013166
1867382143
2131436368
1507069369
825655077
3305093253
2364377745
1403569154
2827004572
62242237
895883219
284617583
2911016334
116922201
2249476083
885265015
1048414080
178171848
1928408295
3250279122
92126194
1641036490
1234726471
2185984110
1594368740
1861293029
1884177796
2153740589
1542594721
3476644943
78233891
2388731491
3864875959
1274836307
803699731
455878297
231708709
2469518848
2210451473
1333154131
475398305
2787867693
3274266112
2160685645
3946197948
1428163238
1368868801
351027403
1721790218
2798830463
518890167
2852836388
2930097042
2195831278
657595478
1988053444
1710190602
1672655294
2720589311
3232074032
2603950368
2424343999
2838666030
2455028975
3172255291
3244310357
2723801411
2787163834
2213736843
315597660
1025702463
2716123325
2336571347
1824471271
2589679325
2211521622
157769476
4157810155
3717845832
3782695220
278561297
3548639482
625984042
3004981779
1902710154
2758950937
3967454312
1997879028
1078769612
781719397
3194954896
589967186
3561326075
2400016953
1027295643
2910986822
3233121944
180578742
3895089451
3689723769
1000429793
3691114500
738827881
1885155741
661384827
1078035445
3847680423
3571365968
156124345
2475252535
1001725205
4149829630
39128604
301810746
1998179232
2544995149
372620251
1298686650
1916996609
482983578
2627411842
623273526
3487450065
1530878269
3012145936
1887634472
1680018995
2860904212
2381228549
3183207583
1507239046
536297553
725060417
853788340
1938721558
928630805
3103825505
3782848619
660004716
2413784686
2063915750
4193220292
1610544444
2722031082
751010603
4147592271
2978629357
709746678
2817243527
4193790523
616913480
3963499631
1773911204
505137326
2157431185
1058971209
4124607112
1815702269
2501883165
3024394319
449570268
1161851114
2259982930
1156274353
3234598307
2463014767
2535632837
1334981171
2261997103
987834900
2773020552
1445383726
3408052439
1320534784
2032763817
509205737
4083199931
2436910857
1486329106
2776746742
1745689681
3303666706
2208155430
3529245544
774039476
3688677871
1788079713
294776182
1663824374
2679837548
1884516161
2309563402
4205507397
3321308588
1536098964
2872852517
3207941006
425255204
1854746339
4260620252
1621869058
3016537786
2386986859
479737596
1183612444
415774587
3828675134
1342709987
4093169353
454294574
2985131595
1805924162
465729912
2815574488
1892606141
1875366964
3620318959
3423578128
278892118
3954626377
2264857622
3003053778
2150247858
4195071017
481388275
400039851
1860736961
2321035413
1904153102
3106966706
1251910442
2775827034
2424312909
2869330455
388401705
3383574325
615659090
2617458667
3355534258
992973002
3281378004
2015645762
940913944
3794355316
2274258272
1962008768
999838998
104570080
135593851
136125956
3044487239
3578959956
720766763
3801340950
2507044038
4048638027
3088060460
4111842806
1761621335
856954056
1479785625
3534205197
3274446384
319234671
70523489
659293858
1166957411
3526443684
101644359
1248088232
2434047922
892835093
2579552921
3866011330
2708225816
2926143894
1190216131
1992393187
3987343515
567891640
632339798
277756180
378044656
1031443311
953314765
3178249745
3253879853
3514667844
150389397
3923917609
3613551840
1059522082
2745660446
108380733
3877394352
909524530
2207789430
2979828925
3329983041
1057098858
1718969419
2902506552
1533972399
1329710441
4047686169
368145590
942107452
3884780572
3793571207
4049860613
251245416
3858625417
3664287812
3438044414
3037493869
3050779893
2963332315
346926095
1900312532
2558085947
911722176
