1091509031
1996014693
3741623088
3561762151
1004238232
3915220182
1218033491
1061947958
1212605017
3940781810
3143091503
3831697336
234289810
2901715784
3743914028
740952684
51230581
2898854187
3611443875
1203030206
205369724
170706018
902832068
780289416
2635660117
2263820470
3160172287
1221128888
1641932588
1235081090
3877500626
1364017727
477655734
1074838822
3960151500
3321313710
2442750956
3212135146
1912313795
1549185245
507580740
580016255
3108644233
388527729
1222455606
1059015055
3922327312
1055515761
1001015414
361058083
3704135476
725058335
2466491405
2278346401
2841879486
2075604015
3373268631
4275951599
697125577
4063886099
2944221978
3818949084
47234321
891649459
3278279024
1494139393
706713191
95809911
840491679
3961856236
1130002090
3323623672
3242802086
500358113
820156379
1776723297
1086766454
1070611521
227522163
3326081328
131272961
3789496314
3451538762
3491036555
1158290721
2979642536
928848266
3109837874
249437276
3765673258
631596636
968985228
3108808393
4068890806
2412906240
1957210620
947201001
681490129
2155101134
3539588255
2753342863
1454722729
1778815814
1874314849
722463437
2596277443
3596228483
2166789036
3521901391
3064110822
4229469136
2614788927
2596804680
2919096925
2265556930
1286344684
182151408
2199635826
2023189821
1200310625
4225921038
100249774
2218636765
2891544575
2040946215
539606026
932509817
151520122
3213943193
1638889647
1977169286
3836179151
1015547298
1660068066
2870030175
4187043982
3225182676
1455574711
1570874777
330049470
917467974
1945459608
1233711149
2721224778
320788469
4124538199
101240697
2394062114
176658315
2233255292
1009368363
1521055973
2445536996
3020936383
1614982873
2112543712
41383918
604783578
2126198062
2270908056
75034520
249193471
3888853342
1585066492
2327848309
4179258254
1917580000
2434267404
67214221
3266901302
1422816560
3091397672
577780807
912185451
1975751208
4283326045
814951856
1837120406
1078173113
3611913121
277871811
3678892844
3656062332
2080254009
2689542668
1039393597
1946194293
556852749
2716804983
3650813091
4165583946
1903433381
3892217621
1784057833
1736593350
3217136991
1089122250
3847943991
2995421018
3348850566
1524179673
837986853
3053657059
3663370301
2006088058
135906246
625089574
2275374646
3682897281
830335756
3960398905
1463155991
626844331
2315681298
3314440685
2316650922
2359756193
485740922
689984942
3954413775
4104672959
414622020
2998425065
3764836142
486537510
2347573476
1549637509
3330658963
1461538907
612928377
2101078955
2379518958
417994996
3827344584
1312255139
2260866578
3044479178
88623218
2120492787
3743465650
1324707845
1668830299
1391617242
2857531388
2962166042
3606547760
1839898247
783193866
2912674113
3868910132
991312832
510532832
1917435232
269576125
386631163
2958511011
1314564473
2633738287
3133630026
3946608472
1991959228
3906863049
299335934
785232686
333931671
1226309793
2231539142
2361006831
1461475534
2655104390
1786967089
1853412823
3007045313
2386839801
2818602230
3416346274
2917896290
1983330819
3590050478
958248356
3616543115
3142361486
2984588433
1591931788
1986336458
3094476994
2850768162
2903614765
4286594200
3475149022
3674409597
552469557
2903939148
4056886919
473058445
1518289803
4003587505
4260015411
2122341080
2667161230
3363644718
790927943
1345781793
2935075493
3228571747
878589591
3507738407
2726542305
2750755500
741422941
2470466516
1632532080
3793692769
1694314813
1942780928
3071292987
116362349
4088084037
1907310937
3626428133
3003398742
2629646548
833729434
232667848
3552770037
2171469778
3704506238
457644632
3747793479
3536606933
89038002
1225273818
2686132686
2929620206
1947183548
1354438526
4045979383
1017016371
853111976
2054239714
2539281495
2770384553
3969962348
932161175
2429127696
4240928504
4188792868
2854561928
2781821286
2100699761
428945934
2705702854
3146864717
389218572
983146387
705168736
3078813802
2860469244
2409529136
365096126
2026251248
1060682283
3899705983
3840813572
3288091717
2110138768
840084450
2616985483
884659199
3628482595
2686987617
2003876120
509776150
3687754312
839187002
2328817953
3063996910
2394065051
805610352
2603702794
2150808894
1891470860
2105051484
1046154308
2632440128
2901856089
3359667195
3784406607
2538282761
1899175189
3292077788
2122745947
4236807126
2085923865
3811570740
2147176038
620622018
533375810
4105046335
2665933053
2140900615
2705728970
3705309279
392722295
4253479390
582468371
3588285597
2401785371
3782375399
3918872520
256781357
806798009
37921025
3665900249
3508926030
66957965
1195301361
2490257896
1766154499
1618825033
307098511
3426768756
3071193307
1363096577
2551919555
3294281546
2939554593
2719666711
4222610767
2623206587
1319571111
66228220
2862090458
3679534612
1284864681
2696915075
730404383
543336965
647278214
4248061390
956708016
1202585234
2353462796
280084055
1214274361
3220212220
858328219
4057217500
2027817209
2327870255
3511794048
659730208
2666453820
292078537
3720206258
3690959884
1063107099
675906501
4061297812
2488102643
602994657
3657225098
2423181719
3903466539
417027997
1356645865
4041697138
92525815
3602106437
1028245762
363015635
2004918602
3327673384
2027641209
2794360445
1203767556
2879357869
1495262359
3562697315
2063277340
2495433825
1944604797
3626114669
2244717998
2326318694
3610492856
1338196238
2392909978
3162576339
1618631674
3190086591
2627094097
1311991766
491407870
2030519227
4115713121
3781918058
4078625398
1600938192
3377300303
1669588639
3704374293
242195267
2674870934
3189404393
176968012
2168159814
4049834470
690498561
2898018181
2696118191
1151446232
2267556717
4135791750
429838948
3161121095
1119511951
4284702315
3891145914
3054138322
1899340589
966577552
132485363
1503997137
2063699682
1726903862
2827639650
808854895
3242408937
634399960
1456990049
2368024618
3211379135
3318476660
2987190659
2810946291
1583611816
3243987044
2561613528
1706670792
2997667451
1809818957
129698779
617854479
2607110889
2296589293
1191339285
3278339267
2801572737
2130626437
3075316279
2420539779
522311467
3184253288
3642399722
851930651
3100420091
146572756
1237599910
952230479
1057637802
743989813
528738189
883362327
1007160870
3417585858
670172756
1232818041
2700516276
382179493
282709194
3158625342
229939220
1848855605
4050778618
135728536
4126668035
2116043495
216790438
1073883202
2848593478
1578093697
4273813480
3140746372
2591724610
1292328704
3876988369
2923891312
931579946
925476751
915336902
753055004
412181601
1448750502
1665260506
490066663
1598430535
3122508936
2054675194
1076342377
4291332961
1602059110
2856951557
2513273485
4201760934
242542041
1426308555
100368656
924165427
4009847826
136337248
2548594045
2057972291
1705453298
4287450826
1574973546
1299416268
2738344255
2517625636
656182222
3304311638
2323455155
226972071
1125415938
1521563329
4141426337
2784121681
4105559253
2429032127
2995063458
790563384
1439172860
3940221597
1025518749
1107442626
3558830766
300804880
1389599391
42660239
344453678
66318103
4131436403
952750468
2428674129
3193194281
3570799335
1147684815
2705468621
2105478062
2002773029
3946827906
466300316
1212982001
302333200
281623229
675105959
2353310481
1317272414
3659804905
2931984639
2972659497
4231646554
2862314720
781512496
3823793192
877045472
1232927086
3638304556
3896757112
1314640965
2401835629
4062454635
4115523490
4042977905
3026245952
81603638
2065317771
89712031
2688971030
2219893110
3195713845
2464955460
4218186280
1108745659
2013892659
1555758743
1495817359
2024291530
382626717
354766635
3834849188
1171067312
178106536
3770773813
3186900811
2819855971
4134827615
3716643247
2513725275
397846589
3210009651
459228013
2360903053
1992076617
1014282526
1980641888
3052430442
2030818739
2096987135
772944193
438784782
1597298489
3503116107
3389101435
3165371613
2336397792
3053301306
2347479645
2388082762
2513607781
1127292581
92080445
3770495728
1249276275
127198278
167723093
1772146222
1750243086
4178812404
3252653794
2090468742
2097918150
432397546
3446533637
3224785602
1670727836
3998924458
4096825481
1828742084
4282122373
4119107940
2897735085
3100547482
407001917
2440568640
625411049
1193912699
1828047934
1512012947
1576344236
1813362925
3824296016
3783615460
1441883104
2142783662
59437763
4057910748
1683543174
4129101754
1508725103
1248778780
404252912
2021635880
2830774481
844606593
2564356225
2258747299
1335620488
1914037523
650711062
3602000933
2893357897
3986965656
3254786038
579579173
2033956337
3091887643
376105315
206430164
4285820896
2557556753
3425326298
3293531620
540121689
3521357228
38476040
3883096367
3546792833
491850484
2156389511
258369025
2254274093
4041528872
639185649
3037472868
3962888396
55157674
1281705482
2232144968
1455443479
1991972889
3124367496
3650440365
609545549
1988699514
2911753480
2063031426
1019070286
276237048
2093137508
1865257682
467665047
1358748736
3546339572
3711082246
3992672823
1957307047
3887515226
1057990239
2831661564
4210308199
4231911542
1506973136
3422905409
3653268622
2493682102
3356170749
2872556194
2001557803
1426019435
1258233306
2055532970
4229597887
2592757060
1609211149
251311034
3107576549
4261013475
2608377103
1632431020
1140333902
4058638386
2682151787
695685176
411446576
4192153659
1697291133
3038322229
156939311
4150502626
2340106946
3116173293
3486016078
1204570196
3289925703
565693740
1392129196
1389350443
2496903757
469920333
2899595120
2327924645
3253091816
4149453957
705529189
1545568467
3030261172
3516758182
3492792167
1405762707
1747298669
1277398048
3649988633
1438111131
652610629
3290801275
1283458635
38090315
2967041416
1001864028
561323768
3702260954
2591226317
499487601
394696489
1739104521
3264816528
1025985702
149023411
3721394362
3459046346
1756162731
2883810530
1267530979
3651933447
431158042
1126108350
3180870179
1662303891
3405959945
785039377
198983551
2545949343
3679644136
2976078739
3781065691
4056002372
1394984778
440302430
3717813534
909447246
226320819
1134404140
3719313395
1017091817
2784767177
982210005
482750863
1571574191
214534481
4017171487
4180168065
1339179573
3661279559
2457913038
303416758
154063568
3658729879
391816437
1886892999
3525412881
3917614332
1036731721
4210097105
1729285437
1524066070
1164674509
2060943901
3557459261
28628681
2337310168
89015791
1452954954
2698925790
1404330698
2764301760
2079436138
3126760102
711660517
2609694296
4174778086
1360402619
2115888610
530561624
1847674364
2842129224
1599756894
1882271076
2598827232
771130549
926692440
3551540588
1285267742
4246349322
2985879743
3713797351
3630986054
1943193370
912056147
377559975
2605351872
1286211046
2567077338
2959180532
2805790838
2853791776
1159879713
3931116989
3283696116
2346556237
2072791124
667239989
2404284396
3297731961
3740091759
1916989243
501046407
3432540607
3392883874
3115919972
2125659248
2853711466
1149058246
2504317579
1333669142
2230358773
185308457
3704217521
3160835696
4144360541
