1 4214905175
0 3136625664
0 4044045122
0 3981786711
2 1847944927
0 1707741320
0 3752096594
0 2728891542
3 312385205
0 1825382087
0 2116088389
0 3423542624
4 3155262625
0 288999348
0 174769766
0 2695712425
5 3339402963
0 255178381
0 1609072634
0 994020633
6 2465172683
0 725692364
0 2914878989
0 1906775763
7 2841982740
0 329080420
0 2789068980
0 3111642777
8 1492616537
0 2696745651
0 462932946
0 3743518043
9 2707931840
0 1182000363
0 4166324481
0 3891901418
10 3846218077
0 1929381116
0 2876288408
0 1466946297
11 52460018
0 3953132100
0 709754958
0 2484729747
12 4224628876
0 2795473034
0 3380013465
0 327960426
13 2991730850
0 3498506905
0 1135054272
0 2629689712
14 568255257
0 4054597008
0 3783298650
0 2096374247
15 2394727205
0 492726788
0 2042585556
0 4162855442
16 1778227473
0 1150331695
0 3274649602
0 4076065896
17 1852714344
0 1451372437
0 1323201610
0 2184011428
18 3540810986
0 2561305095
0 1548335834
0 3136095477
19 2901644872
0 2986002449
0 403106193
0 2655087868
20 1184324769
0 425122309
0 1053346670
0 3478754855
21 536209228
0 1579213083
0 1028752636
0 1352263963
22 4101230903
0 3883640010
0 2101871545
0 4232399043
23 3834052231
0 2336578546
0 775224892
0 1318252718
24 2918683109
0 315425774
0 1969986822
0 1687839978
25 2981714180
0 1749806533
0 1522281082
0 408710374
26 495940556
0 2543360592
0 3672755277
0 365988206
27 1100693165
0 4248026226
0 983722525
0 2903679053
28 4172278587
0 2476522970
0 3953018384
0 2832701902
29 1815105810
0 843133016
0 732346604
0 1957786705
30 2351502784
0 2802505264
0 448492690
0 1351657259
31 622916552
0 2751535386
0 444635814
0 3958922000
32 3129712187
0 2043695370
0 171758605
0 2615642103
33 1155502867
0 660217749
0 1403248481
0 2363156127
34 3567976618
0 3700877140
0 711919128
0 1669895562
35 923252981
0 365032256
0 2298231059
0 4081155157
36 135492526
0 793727553
0 2392335650
0 894815324
37 3502520840
0 1360375306
0 3197357923
0 2316815215
38 2233162505
0 2313041314
0 3467702263
0 2338826632
39 294379993
0 4107289176
0 754003944
0 2330420648
40 3092665182
0 1495035757
0 3127987255
0 3867584496
41 998779626
0 1629837366
0 1190540089
0 3889149971
42 4079862704
0 3969737949
0 1353991572
0 2341612482
43 3236947617
0 2763117690
0 3727920828
0 2763303199
44 390464376
0 3907780363
0 2559678550
0 1552428758
45 578094612
0 2272688188
0 3497634132
0 3780536253
46 1412513417
0 899275490
0 1455005163
0 3718432191
47 3603456661
0 1300387313
0 2873756229
0 2824444787
48 2738420398
0 1682358492
0 626377795
0 2957184108
49 621600997
0 1798283107
0 472871998
0 216657146
50 1681511943
0 287474684
0 2083769540
0 1950644823
51 3415909084
0 2491375837
0 3038576199
0 1305666809
52 2143989720
0 493914325
0 2333896300
0 1882212041
53 132720647
0 1164805726
0 433229324
0 3812260077
54 331238806
0 1067076500
0 1106813074
0 2084670119
55 3150220409
0 3427423393
0 1897292781
0 147685839
56 3925159817
0 2441773044
0 888844686
0 1666270108
57 3710727740
0 4082934642
0 1102322829
0 3875161320
58 3697865104
0 3891204102
0 3457833042
0 1872120080
59 553007133
0 2665275319
0 1351888395
0 3487508226
60 2747523195
0 3477145897
0 2226618797
0 237289278
61 996524858
0 3006919907
0 2661856424
0 2670679622
62 1858169173
0 1664189181
0 330714258
0 260960523
63 1148415976
0 2262922774
0 1663315152
0 3779143745
64 1428969696
0 786166411
0 1087681964
0 3542116869
65 4118733277
0 2202103488
0 3788322851
0 2392509051
66 631030321
0 2222194741
0 1851194962
0 4099669201
67 2584444009
0 1991576293
0 2827273560
0 2976426305
68 3110771046
0 3778534267
0 2532457168
0 381909104
69 1225946978
0 514169552
0 1502238730
0 3589571540
70 3108227165
0 3318010305
0 1354186892
0 458105079
71 1468946898
0 620594643
0 1253845894
0 284834493
72 1837714188
0 1216758671
0 2366404094
0 952101846
73 3899022332
0 3910152684
0 3788250393
0 1618019519
74 2442564568
0 647012512
0 3243982611
0 3611851784
75 3491980848
0 574792792
0 3395226484
0 3403831725
76 2990927916
0 302697929
0 2842999951
0 1943906048
77 2437401680
0 100680301
0 3804374192
0 1996181776
78 1196044436
0 916298243
0 3700915835
0 2507705331
79 3119280613
0 3396651904
0 950923383
0 3077871767
80 2692653533
0 535950554
0 2028221076
0 3452061320
81 3521644930
0 1246887837
0 1878031966
0 3550723707
82 1528835107
0 3117502394
0 1570664677
0 1886849233
83 837761459
0 2452252521
0 1401723814
0 338412322
84 1812609082
0 4207492938
0 2268295219
0 3261942741
85 1633081211
0 1261781900
0 698153294
0 4047599751
86 3658746077
0 1421051809
0 2019764876
0 1328866812
87 2856520264
0 971256713
0 1119812905
0 3085967311
88 3217835360
0 758513734
0 815683826
0 2834362635
89 1611416529
0 3108495936
0 2932175948
0 2235726616
90 3380298707
0 4053499628
0 252742089
0 4045253612
91 4264648972
0 4071598312
0 296010565
0 1035156375
92 3125938435
0 4066072046
0 2901761995
0 453351524
93 1177304350
0 4248263601
0 3623132638
0 1265914014
94 2249721568
0 2669758324
0 1500593416
0 2234286545
95 484123556
0 3966047801
0 158014322
0 138742960
96 4247326866
0 3348818849
0 1603861846
0 2469247360
97 2589890428
0 810109620
0 3247208449
0 1796994607
98 1355051614
0 2757025493
0 1442312075
0 3624282792
99 3435944552
0 1032183742
0 4099979497
0 2676600341
100 234343087
0 1172879553
0 2286506407
0 3499152910
101 2208806059
0 1752288599
0 1987796798
0 2652373454
102 1341549182
0 1723645187
0 2248030419
0 3142603043
103 3754795585
0 2303767080
0 1028697182
0 3724666208
104 82140882
0 3025709107
0 2702963682
0 1897510203
105 2754924613
0 3907229024
0 1021283042
0 1632244842
106 2512065244
0 2846745439
0 606277937
0 2708547483
107 2663987004
0 2345795918
0 537353682
0 1907733274
108 1503725644
0 4126327641
0 662988985
0 173090354
109 1179198393
0 4233953774
0 3317922998
0 3533766112
110 1375643089
0 751298236
0 3555304555
0 2039343478
111 2601886578
0 1850780888
0 1308272012
0 1470786701
112 418535737
0 4119757787
0 2367592127
0 2143491308
113 3688193392
0 3300720487
0 1354393209
0 2285731256
114 261491841
0 4047844851
0 3099880236
0 3121251160
115 3462863520
0 1778123426
0 4015436157
0 2327262156
116 3977050426
0 959733683
0 3072866005
0 118595636
117 523690304
0 386365424
0 1451850306
0 357520913
118 2335584044
0 2928128930
0 2970768701
0 2789752417
119 1342102250
0 4285963701
0 3000852630
0 2817719338
120 810113073
0 1143029833
0 2158264228
0 3660712442
121 4227614303
0 1379221353
0 462423645
0 593991551
122 1778604016
0 1425861268
0 516212302
0 3442908449
123 315059421
0 3009666712
0 609508389
0 3168679877
124 1465245703
0 246421810
0 1807755911
0 150840177
125 3550522076
0 1057086395
0 1202187514
0 3898764209
126 1704378479
0 2640162673
0 774391936
0 2957356797
127 136947055
0 1842293150
0 3705177111
0 3635630251
128 287952624
0 2194598562
0 1323451793
0 1418925210
129 1663039697
0 2282787008
0 690619709
0 3136081452
130 2795303816
0 2454360084
0 85855339
0 1961868344
131 105254128
0 1080891310
0 2881609922
0 1359073180
132 2362916677
0 2181452602
0 4263486311
0 1160673971
133 19107830
0 4185069434
0 1129868236
0 3017660377
134 138908714
0 4108877645
0 802677747
0 1557824930
135 192056421
0 2289291567
0 2514952821
0 2862753244
136 2980879046
0 2949490232
0 1425872533
0 4011413390
137 2243923291
0 720812907
0 707072719
0 3299308735
138 2062162562
0 1527489256
0 1046583924
0 3659081081
139 4073218629
0 3405699055
0 872023062
0 4145198902
140 3081953305
0 3498279422
0 1111488707
0 2569537998
141 2330042260
0 1176752573
0 2176203013
0 3717349652
142 3695739984
0 1441961835
0 3195804286
0 3049840754
143 613921746
0 2815418688
0 1213832471
0 1455021257
144 3900980199
0 2383198158
0 2305875385
0 688541937
145 822069259
0 3092334920
0 2809558952
0 535154096
146 234283994
0 572125861
0 331387266
0 2243733896
147 3817601937
0 1285153024
0 1807679099
0 2172569945
148 2115968470
0 2809297933
0 1087447286
0 270445768
149 1555928178
0 486359089
0 3748602668
0 900400518
150 3843434685
0 3275150459
0 2845584350
0 718224928
151 1226775161
0 3005519104
0 1185409105
0 1191262660
152 4058708059
0 2695794337
0 20419120
0 628486896
153 2115295351
0 2221064363
0 2023517958
0 2529737030
154 3768983762
0 2116750564
0 470651987
0 1765400576
155 32046532
0 4025661903
0 3755157797
0 1215525391
156 4040153494
0 3344354090
0 256634777
0 3179195001
157 1888390072
0 3309796088
0 1673432244
0 2981185061
158 2878067017
0 273515657
0 403167943
0 3914331959
159 346071712
0 1524277070
0 439749919
0 1488657992
160 907213714
0 3944416747
0 4077657731
0 2207316391
161 4117591520
0 2056898251
0 2022196379
0 482966841
162 208128366
0 2261139806
0 733886042
0 1993684211
163 2311624778
0 117056249
0 3969084802
0 3853769954
164 1499312427
0 1750683332
0 2468267544
0 1728084882
165 2716485162
0 1279701747
0 2669239841
0 790418552
166 4148928582
0 3411742851
0 3628887972
0 4155250492
167 2718570920
0 4227551700
0 1374338905
0 4066387532
168 610814280
0 1131252917
0 190236354
0 2454027073
169 1032868826
0 1364595980
0 2654747137
0 3278798745
170 1455586901
0 2847572204
0 276776682
0 290008445
171 3057592763
0 4000524093
0 3755691447
0 1721126225
172 1407872109
0 2612374972
0 3758868292
0 64942889
173 4225826583
0 633938040
0 1790513538
0 2478792939
174 3783095931
0 4019958589
0 3105481634
0 2337120934
175 66102823
0 69529565
0 379881535
0 1450776828
176 1644129706
0 3981948788
0 3274846549
0 335481287
177 568278094
0 1827709191
0 3390611673
0 2082523626
178 1953357216
0 95538035
0 2004145254
0 1982148374
179 1928461997
0 2634548125
0 2008432471
0 3391448691
180 3117617348
0 846941659
0 724931545
0 1484672812
181 1529680657
0 3477822780
0 3388259799
0 303349630
182 2409159472
0 387064442
0 3307027112
0 2254017151
183 3365696730
0 1162121953
0 570794160
0 3829958549
184 2013631798
0 819358442
0 1996234418
0 2876793072
185 468340993
0 1584971222
0 3051253526
0 3671712436
186 1352652650
0 845321684
0 3924309959
0 1014096384
187 3948811788
0 3757211279
0 1830841935
0 910177315
188 374179116
0 3425891022
0 1836711458
0 2732503171
189 86672128
0 102171214
0 992848545
0 4038766600
190 1669083565
0 3287222248
0 343375576
0 540440394
191 2354698823
0 1788278419
0 3617518658
0 530955963
192 2455070782
0 1602640771
0 3241978888
0 2383179687
193 145194142
0 2754424506
0 550191536
0 2199031140
194 2249131621
0 1113603771
0 237603498
0 3863450258
195 3547754060
0 4257116898
0 3833367317
0 2339130732
196 3785465209
0 2950409878
0 221782445
0 1934192495
197 1799138072
0 589532080
0 1321133642
0 1484218913
198 3305788625
0 3382364061
0 1433910388
0 895639842
199 1169273791
0 4080689128
0 1137350511
0 3550332310
200 2549186494
0 642682707
0 2664637713
0 3338390261
201 1051283222
0 2696767794
0 4150146854
0 1309974209
202 3369430904
0 3578476570
0 3584029593
0 2483175328
203 583727805
0 2059069644
0 4131788462
0 2633779958
204 4078522930
0 2980356841
0 3108513858
0 280780955
205 2551283170
0 3073162461
0 3826096426
0 1174451916
206 3287350110
0 4218508891
0 2842840709
0 2853335234
207 995715108
0 1436375270
0 3063436071
0 2922361170
208 450326121
0 2798350526
0 3046061
0 347170453
209 2754378823
0 3258755268
0 2636825044
0 1031905865
210 3936267268
0 3729851265
0 1389974006
0 1817239312
211 1291518406
0 3281274900
0 1130079991
0 2527382803
212 3256002229
0 4066696738
0 1781070050
0 3150247100
213 3605279004
0 3901697430
0 3295364259
0 1758603933
214 4210968314
0 695303907
0 3900031516
0 4128522863
215 3515953698
0 3560407032
0 3950891942
0 3861210406
216 4078703670
0 3216354910
0 1112906575
0 3662471732
217 1346551927
0 1829169043
0 3199954178
0 794317322
218 1185992821
0 724289442
0 2086423603
0 414748911
219 2125839824
0 3142908436
0 470341319
0 1751648628
220 4063561568
0 2576378610
0 3067341732
0 330685309
221 531893696
0 3671031236
0 3031080050
0 488240992
222 1982608702
0 2969309544
0 3745356731
0 4106731612
223 3425421312
0 65969926
0 519933613
0 353001019
224 2762396344
0 2192111003
0 2161899798
0 264413947
225 1080237817
0 1903237874
0 1937318613
0 476322113
226 4248871174
0 815199279
0 380910664
0 414781254
227 2974904831
0 3396099831
0 2120553334
0 3899418111
228 1605934477
0 1504136501
0 358075246
0 3835219854
229 2306258906
0 2890120808
0 2845364280
0 347648907
230 1913683293
0 814176326
0 1036859987
0 947814204
231 3899439407
0 466850848
0 4292351851
0 1968678448
232 3511689543
0 2255661434
0 3672447251
0 2786761703
233 600303778
0 1712489691
0 2653206793
0 2376482028
234 237806545
0 225534692
0 1817501650
0 3120348168
235 1914834606
0 751087940
0 190635337
0 182931891
236 3795409043
0 819841747
0 2197843550
0 3647995675
237 494516769
0 1957891658
0 712068014
0 1998561000
238 1247282018
0 4212648105
0 2574059636
0 323094298
239 1861574910
0 3777307103
0 2910891590
0 1502972567
240 3768826644
0 2986740700
0 3340259938
0 3709790829
241 2212710018
0 863164831
0 1857731705
0 1283701709
242 3226701154
0 3792338565
0 74287329
0 438797555
243 368821337
0 3490403074
0 2153818898
0 808239315
244 2922742988
0 3032977902
0 913209666
0 2467954155
245 3689935955
0 2370504960
0 3190842924
0 2550056390
246 1689216792
0 3095216750
0 2483106484
0 3470645639
247 3885101632
0 1760274202
0 3532960927
0 828924100
248 1868280248
0 136763233
0 3066274987
0 725403234
249 3767255395
0 992945864
0 460181513
0 1320661376
250 2763431651
0 3031934808
0 2091482828
0 1148338777
251 1223787232
0 2257410964
0 2961112053
0 718027136
252 2237228899
0 3581056962
0 3027115557
0 3816660820
253 1234087460
0 1346506813
0 3103691932
0 3739077385
254 4039011894
0 1833058256
0 3300633722
0 3741820413
255 1287937036
0 1480509429
0 468454162
0 1498446871
256 1843332469
0 106926528
0 3168201100
0 3778423036
257 4186608961
0 622323181
0 3941105814
0 1469934672
258 157127197
0 226914061
0 2465377237
0 1547703048
259 2281073753
0 4027133023
0 3181946762
0 2841295406
260 810240957
0 88535010
0 1496895355
0 732453542
261 3852666601
0 3379592820
0 1731056695
0 357582492
262 2366855371
0 635900701
0 1759011881
0 3915396369
263 3665520099
0 1560607023
0 3906932728
0 1393802974
264 2438829518
0 1300848738
0 4158470891
0 3157979471
265 3257487245
0 3138985175
0 1514460192
0 2351703324
266 832314726
0 2674996876
0 2144177940
0 2998248401
267 3804306126
0 1446782004
0 3413859546
0 2706943607
268 6430800
0 3144170180
0 4080291251
0 2378348910
269 4228193823
0 1524236157
0 939802625
0 3463677977
270 372400259
0 611487669
0 216907512
0 691195406
271 803517727
0 3180846843
0 2995133315
0 3332093687
272 1523277183
0 3432652018
0 1206697369
0 2532835201
273 1510434374
0 910771969
0 1630865186
0 3776639081
274 1512440938
0 3717921275
0 3253120131
0 3671404393
275 1668489301
0 752680049
0 2029597521
0 2861092034
276 1723093987
0 672683947
0 1330557110
0 3589025586
277 935596572
0 1683201965
0 3689433789
0 1286624955
278 848486261
0 4160901676
0 2172085912
0 497585137
279 4006128298
0 2529022862
0 2198834922
0 2718535009
280 3718351534
0 3138993860
0 3186436765
0 2745020109
281 3445196345
0 4149741741
0 2186154277
0 74809129
282 3174521152
0 2236606463
0 1347196202
0 1646075967
283 4215766366
0 1281436766
0 3951783394
0 3669301895
284 792274288
0 1353567618
0 117624468
0 2108774466
285 1446630042
0 710774216
0 3277140307
0 3145048498
286 887699376
0 3065368614
0 1955939034
0 1979563025
287 3889277930
0 2640369581
0 3497848856
0 3411646570
288 2094715973
0 1153602861
0 2872048929
0 454856854
289 3720600401
0 3903874475
0 1056713740
0 4206010302
290 2078985680
0 398688241
0 3612923436
0 3895209016
291 2221400292
0 1291433777
0 2927862875
0 3670692667
292 1836266457
0 1727873982
0 3939694963
0 3942484270
293 1175228152
0 4029793409
0 531113787
0 3614973
294 1137661079
0 1755304243
0 3456831744
0 541690637
295 4197552443
0 927710220
0 3690582287
0 1049529756
296 2221678278
0 1528152644
0 2057676656
0 3401746188
297 1185826195
0 4290284075
0 3555557329
0 1286438791
298 816939248
0 587476733
0 85079022
0 2949290548
299 1990301253
0 214857991
0 2500767001
0 2898946938
300 821062173
0 2589490661
0 1855798654
0 3887562049
301 2712573218
0 1133522999
0 2108084092
0 1317756218
302 3695804784
0 3279990288
0 1059772591
0 3697977195
303 2371012807
0 1590966803
0 759003324
0 1781376116
304 2932509635
0 85840043
0 4174120804
0 2276575559
305 2442348762
0 1266010978
0 885571964
0 4229587563
306 2415022080
0 2116315299
0 1351465055
0 4136929699
307 1194014590
0 1359771646
0 365712090
0 576025038
308 3022851036
0 3800534041
0 1051524353
0 3625933416
309 3158747743
0 3166900162
0 693374884
0 2303691144
310 289500908
0 4235532142
0 3904433208
0 4138906213
311 687937565
0 2235566336
0 2615400798
0 64402748
312 2844543810
0 2445871825
0 79969660
0 2284056581
313 2820452969
0 3916932173
0 2108386905
0 3064188945
314 2766338792
0 3809591357
0 1288142393
0 2949349475
315 830523595
0 1077656310
0 930535578
0 858329709
316 3771214398
0 2785823072
0 4023711920
0 105422452
317 1780108638
0 4276963232
0 791621191
0 752410407
318 2945770932
0 2133032341
0 60487323
0 4099965760
319 595784871
0 1762042454
0 288295011
0 3911351753
320 2471832146
0 3651178247
0 3514186822
0 1716792905
321 2425922793
0 3664531701
0 1530374300
0 3294164545
322 1530869679
0 2565324775
0 2027343481
0 1853963974
323 3682965631
0 417785694
0 770102033
0 1856091997
324 4175432185
0 4132344900
0 957818880
0 2732321415
325 296455632
0 1045716685
0 1295299911
0 1748932422
326 3379187171
0 434274579
0 1039264680
0 3310283482
327 994384378
0 839961757
0 511049576
0 1994132953
328 4167371673
0 3493094013
0 4107370176
0 3927347796
329 1164428354
0 530645891
0 3794194702
0 1361009840
330 4020686953
0 3118460761
0 3592948457
0 496327419
331 2408778107
0 196644129
0 3727096496
0 2224833593
332 1695944581
0 1262859309
0 1644804690
0 2920737101
333 2214127261
0 276015512
0 2027253986
0 1750524474
334 1993420786
0 3093757804
0 616194372
0 2963507058
335 3698326897
0 3363258722
0 3012892924
0 4035596900
336 4074300473
0 2663751268
0 1936998214
0 2211861071
337 123275985
0 63155335
0 1488913772
0 3979030999
338 593197990
0 4027728135
0 1850470215
0 2864737213
339 2820314575
0 1352567407
0 3354117897
0 3100674008
340 1231357045
0 1190100368
0 1357732865
0 3030719208
341 1021050139
0 2657685787
0 1143678819
0 2644119153
342 2012548891
0 4014777640
0 1759249235
0 1556984672
343 3490949811
0 527912018
0 4131584809
0 443531750
344 4189961757
0 1071664247
0 2649362314
0 693337086
345 1113334041
0 1091311653
0 2810033662
0 1607705000
346 1817881076
0 246434954
0 343674524
0 455574947
347 3195595938
0 1470468675
0 2347533657
0 1162702748
348 3898806797
0 3995620408
0 282260609
0 880352499
349 1248805300
0 1631848650
0 380002332
0 3935180270
350 4061981257
0 1703794876
0 3518716385
0 115018348
351 4003003515
0 3146718892
0 3877573063
0 295687428
352 747631722
0 3619414945
0 2880171230
0 119723036
353 2277370038
0 3557035506
0 2661814693
0 1388719451
354 2153785197
0 4021113929
0 3236589451
0 2332515771
355 3807259478
0 4040319330
0 2418427968
0 2780614230
356 1277808546
0 1962518162
0 3753972576
0 2737745016
357 3209095938
0 972642090
0 359903749
0 270770623
358 472540024
0 550608755
0 2140244312
0 1169171287
359 3227786550
0 4210752727
0 2671198003
0 927513197
360 3138617768
0 2872035199
0 1460649249
0 4050382193
361 826599465
0 1394234516
0 688513146
0 2968294197
362 1780360265
0 3219661640
0 3115285633
0 1598266233
363 2133030629
0 3139664345
0 2507725597
0 3722110165
364 1304482504
0 1912247859
0 3081303317
0 3418311035
365 16362828
0 2325971988
0 2927799824
0 3854241753
366 420968508
0 615487607
0 2052582330
0 491521719
367 3192589885
0 3113618749
0 458146220
0 1379926530
368 633486351
0 1843741410
0 3134826892
0 1659251240
369 2450148103
0 318094016
0 2692913876
0 816658564
370 2730124630
0 3553389502
0 2055798073
0 2922499968
371 1779918793
0 3718576338
0 3914396727
0 2702178599
372 4102663085
0 2042576918
0 3383920260
0 1252705695
373 1492395860
0 1535055241
0 3877561636
0 4000325968
374 181528569
0 3217779385
0 1996726509
0 1628029185
375 1089595122
0 408403036
0 1995430270
0 1769485761
376 115035382
0 736492515
0 1262453821
0 3925798891
377 2412460562
0 739274876
0 1221049227
0 2739798462
378 4209979253
0 1312969770
0 3158073316
0 1922537562
379 2044176789
0 2631180187
0 1877699357
0 1315435054
380 1879036592
0 1957431169
0 2332840370
0 3981380035
381 317682632
0 635786953
0 2466983506
0 1035528006
382 702467762
0 460164098
0 1419990294
0 3092560612
383 4041527017
0 121730837
0 3767379368
0 358725526
384 3754140747
0 254868233
0 3718864372
0 1505348531
385 3087644011
0 86843443
0 770916314
0 684227517
386 2504803167
0 3276868163
0 4166397070
0 1371202460
387 1924860453
0 1017095265
0 2946047254
0 593832428
388 4163123269
0 377244000
0 586751008
0 30469361
389 2332626061
0 1349081783
0 146760790
0 2063458426
390 130130221
0 2079157304
0 442068411
0 3035369404
391 1506272007
0 1810753537
0 450001877
0 2302261123
392 304011282
0 344161797
0 603264998
0 3978573530
393 268831567
0 3670266430
0 2285320771
0 4003840857
394 525674919
0 3382052883
0 1502341488
0 3063022864
395 2228046113
0 2179400567
0 2643678361
0 4157853501
396 2634776651
0 1620029814
0 969368908
0 255140832
397 1950836286
0 1563474099
0 2085453299
0 3860549126
398 3702482562
0 1743279470
0 604170613
0 2568309150
399 2013539031
0 432707761
0 615682406
0 3474019288
400 87347784
0 3485081792
0 3530059648
0 812935524
401 2335700598
0 1408202623
0 1089023183
0 2357117209
402 1082422457
0 3259836173
0 1625185967
0 1232386383
403 3094320537
0 3487450016
0 619184480
0 3838792518
404 3024281189
0 1589285902
0 2579947620
0 2229994557
405 180677375
0 2244190770
0 4183586568
0 285294242
406 179609992
0 3198145654
0 1208004035
0 778082254
407 3484369640
0 2709075201
0 2105187196
0 1959668947
408 146069704
0 4141779180
0 4001960953
0 1508433240
409 4158488080
0 4259710337
0 948757184
0 524450779
410 647604258
0 2892500728
0 1187247717
0 2618291465
411 1895011378
0 1463450437
0 3883989729
0 2664501374
412 1626553346
0 1034174056
0 28426068
0 350523609
413 866186985
0 2106197846
0 945004097
0 1453362282
414 3890937296
0 1056558187
0 1970423402
0 2057221232
415 1938720221
0 2908936322
0 962740581
0 3812006183
416 1189270842
0 2589452245
0 2582316705
0 754059394
417 1948667696
0 1762013394
0 2400732113
0 2417441575
418 731610115
0 3495538280
0 2259666944
0 2596707307
419 3264711815
0 404886072
0 3123308088
0 1375727013
420 3609273580
0 2255710551
0 107477903
0 1987279967
421 655060661
0 1556506711
0 1479732254
0 171426254
422 3725646532
0 1092309176
0 3237843370
0 3600463870
423 344837540
0 1858569310
0 3902455012
0 2326173460
424 3032516828
0 3848362629
0 3982872425
0 1833565763
425 2380108127
0 1600989158
0 3156283551
0 2890927645
426 461003231
0 3693147330
0 1401306075
0 3455131411
427 634685341
0 3167639384
0 1399703834
0 3002219498
428 1428455537
0 2323105211
0 1168259415
0 4207508159
429 4115319332
0 793024292
0 151387886
0 2944706153
430 778061004
0 175576293
0 1366929195
0 3578707434
431 1542974680
0 1652959310
0 2609419244
0 3363828861
432 2694118710
0 2271553415
0 901286917
0 1006863293
433 2447741210
0 968044093
0 3867758369
0 359460595
434 4234059232
0 1286620060
0 3957822689
0 3222905926
435 1845886898
0 180422014
0 3325360199
0 257883097
436 2343546251
0 1795782633
0 3379359703
0 2928691191
437 4147023594
0 35418077
0 3539036172
0 3063683953
438 2526619059
0 1948354564
0 2424495414
0 2354427717
439 2030516374
0 3060946711
0 1686580930
0 1220325505
440 3720236648
0 2882842770
0 12928686
0 956972630
441 1980283385
0 964430946
0 2299037204
0 4218884174
442 3226456373
0 457832627
0 3459919260
0 837573815
443 2346232463
0 1701725129
0 114124270
0 1348115983
444 1591579722
0 156286634
0 3572914119
0 2608992899
445 2553035132
0 4004047899
0 3837652528
0 2761538246
446 3479235934
0 1134327648
0 1219426348
0 3073631829
447 1721859290
0 3519950005
0 1861865322
0 3816244017
448 3528370242
0 594824155
0 2503016392
0 997743936
449 2614547093
0 323930121
0 1469199433
0 169011160
450 805959349
0 3392213564
0 1869508092
0 2296764099
451 4128772838
0 965351853
0 3148623400
0 1662597934
452 1042786380
0 1796579119
0 3076392288
0 4134386655
453 3146946893
0 1071560035
0 1405919699
0 385933669
454 3858876166
0 3574993600
0 3933880956
0 2994904150
455 2340984830
0 677559011
0 3017678947
0 430887058
456 3189876528
0 3166776064
0 2497917327
0 2155279176
457 590678419
0 579636102
0 2602709554
0 4076190865
458 3729442738
0 841559697
0 1701688873
0 2574450744
459 2374717419
0 2055700238
0 3411973063
0 4162332382
460 2913504887
0 4068716168
0 304650659
0 422742412
461 1357539440
0 3346694090
0 1949008634
0 3071859278
462 631180058
0 63012092
0 4227640883
0 2038787847
463 1335678972
0 2694688108
0 4159018907
0 3686829493
464 931188124
0 4043191357
0 1941466529
0 4291176793
465 3287711111
0 773942069
0 2869668371
0 1126452483
466 3788781218
0 2031579067
0 1129000294
0 2576939511
467 2428892568
0 2688127218
0 2345000651
0 1062346311
468 1449130963
0 4254887265
0 4080692028
0 92645096
469 3123252239
0 1919289971
0 2181404994
0 333364400
470 1190540825
0 3836951476
0 1951285554
0 2987408818
471 2929197059
0 3721216372
0 3342707216
0 411489968
472 1449048265
0 9929198
0 1634518716
0 1694982362
473 1434962811
0 170940856
0 2068833598
0 1882168617
474 3039904596
0 4088392059
0 2079910031
0 2045140973
475 2353094714
0 4199454059
0 3361956838
0 2485496639
476 2074655796
0 3073413041
0 1108205214
0 1027984379
477 3204994266
0 2857865193
0 2479639444
0 161855687
478 3312212634
0 2763330342
0 3448031478
0 2477360142
479 2731635929
0 137112930
0 1101941571
0 2822618023
480 312611246
0 3753140746
0 1405876645
0 990715278
481 369780956
0 3104819110
0 709953694
0 1166571545
482 752942441
0 2201948706
0 2294093809
0 3392898059
483 1472537926
0 4200054383
0 2690638695
0 4196339496
484 213890033
0 1668107354
0 974321600
0 1236411040
485 3017068570
0 3732272519
0 361864630
0 772368737
486 3174807073
0 1694669186
0 1517855073
0 3803485276
487 846770038
0 4128461198
0 3213145392
0 405908749
488 566634499
0 3308911855
0 3760054545
0 2260089751
489 2180659093
0 3360403228
0 3368874960
0 2731041182
490 2967794129
0 4202883676
0 814664067
0 3872008734
491 996802522
0 1051634375
0 1184875998
0 3522847676
492 2253443536
0 3198603704
0 2688107506
0 1686176678
493 1220360373
0 1438638480
0 3883086264
0 3877679283
494 2391447781
0 2607991038
0 915276511
0 1296577368
495 76942515
0 3619984952
0 2161510508
0 2222083461
496 3947710037
0 792776261
0 3949141276
0 1370057405
497 3224748988
0 2034217853
0 1180344101
0 774133475
498 1075451632
0 2941979986
0 1447005551
0 4260182622
499 1715141492
0 3844056329
0 2147896201
0 1590936397
500 1692694019
0 4214888795
0 535343741
0 3464333996
501 1716666836
0 3705860879
0 2682731183
0 4092725664
502 2173009794
0 4285756239
0 3377194765
0 3134424334
503 2259130983
0 2666090928
0 1093186912
0 3850545400
504 776955573
0 2693180515
0 366370487
0 4060403489
505 3380037678
0 2072666764
0 2791067001
0 4049145058
506 852323157
0 1598631199
0 517191930
0 2581848802
507 1878251131
0 746530009
0 56980646
0 64485986
508 2891019560
0 1063920465
0 452069893
0 697219925
509 4074649820
0 1893949943
0 751867942
0 318510793
510 3519296607
0 3117886712
0 1493944989
0 149374492
511 2848955737
0 3314127180
0 1471195275
0 2815190008
512 3241498280
0 889162405
0 2473647892
0 2889686926
513 3831341018
0 1343409657
0 1217173682
0 2389051252
514 2657775309
0 2671534157
0 1758544547
0 1504819510
515 3993416397
0 129422023
0 3505179932
0 2362604025
516 680881017
0 617726637
0 3170594581
0 480693952
517 4291127999
0 1570498293
0 1166201348
0 287714211
518 2117767634
0 2458839339
0 3540544976
0 4030402489
519 3891312182
0 1263046443
0 2921678003
0 759213583
520 334182784
0 2782291245
0 3776649625
0 1252887931
521 3720113681
0 1086547162
0 639717632
0 3628422297
522 1878274889
0 2710058481
0 2721322491
0 4283691159
523 2237603114
0 471261447
0 3985150302
0 560050898
524 237413308
0 660845241
0 481888371
0 2577497801
525 2375209680
0 2188897323
0 518822897
0 747979232
526 3971631651
0 3976123797
0 206405670
0 2024108861
527 2825069266
0 3879381320
0 1457789392
0 1448204938
528 898010246
0 986136471
0 567286753
0 2870063040
529 3495332116
0 2904753328
0 553169479
0 3930132862
530 1414363896
0 344738577
0 1982795501
0 3874163732
531 154022168
0 3694163588
0 3302542766
0 1439144810
532 3832751250
0 1907658282
0 3032453905
0 1129465788
533 2305137133
0 2302297194
0 4123246537
0 1100040426
534 2728949465
0 1794549869
0 2021513517
0 3743813868
535 1805292709
0 1363089108
0 3912260063
0 2606210199
536 528871608
0 3875566195
0 1805504497
0 2464339389
537 2087995354
0 1591472977
0 3239297200
0 402340846
538 3029561310
0 627829597
0 1642159990
0 4059019742
539 3361958563
0 15211984
0 764621330
0 898920772
540 3344594540
0 476420090
0 3630304418
0 3186217858
541 4240645731
0 4020723301
0 2230667061
0 1130884206
542 1819022462
0 153752479
0 4138627633
0 3549958299
543 4008999421
0 3916194594
0 857211661
0 1601273347
544 1191308215
0 335419027
0 2717516772
0 495982561
545 4028868120
0 2956061437
0 3042164210
0 3308344387
546 1122749057
0 1779237207
0 112561188
0 3260007192
547 2966949357
0 2182957218
0 2942302133
0 2499629566
548 128306464
0 2837128302
0 1749532632
0 3905423209
549 3618451474
0 3477818797
0 1429381560
0 835148547
550 3795342095
0 1466502464
0 2555319476
0 2601500613
551 1310085973
0 1224856686
0 4155705082
0 674918084
552 2004732278
0 4034139852
0 1894923805
0 4136399136
553 766248323
0 477333724
0 2629097493
0 955265001
554 3493467426
0 2394198311
0 2517509425
0 727003304
555 4146151396
0 45694537
0 2424167077
0 900554783
556 4197797691
0 1415813516
0 2830000483
0 2272970787
557 3303161841
0 2745805831
0 1205137433
0 471342505
558 2795240327
0 425668826
0 2183075411
0 3416694033
559 816308272
0 1196886698
0 1810343281
0 3966926234
560 2654860990
0 1958865251
0 3934060156
0 2987258227
561 419619296
0 1872710380
0 2255166405
0 3583325657
562 1031997614
0 1905331026
0 403961933
0 2634629555
563 2308113138
0 2957158615
0 1388230964
0 944940687
564 2923584284
0 2718043666
0 3760647130
0 3303539711
565 1834036283
0 1913200269
0 4246202266
0 1347453682
566 754022441
0 3220379786
0 2549628709
0 822292798
567 3651310157
0 2878768671
0 16358834
0 2339449779
568 2517090891
0 861831149
0 3605828243
0 19150501
569 2644249153
0 998748145
0 1178025180
0 3901592415
570 3263446940
0 4042176403
0 381089289
0 182881322
571 2358432640
0 1315085693
0 2448769463
0 4187501049
572 4109099637
0 975039188
0 3945537973
0 732643746
573 1811585467
0 2781557225
0 1457533654
0 4157211698
574 3355799954
0 2731047370
0 183007728
0 2026744458
575 3608448118
0 941393935
0 3628610109
0 4264809021
576 1679357464
0 1926885702
0 1404771699
0 848391990
577 894354909
0 3869076554
0 115005362
0 1059084364
578 454626125
0 1073885390
0 95521083
0 3007202283
579 1694864265
0 393343867
0 3449620644
0 2702199126
580 3993191720
0 2262386159
0 1187173765
0 2505438283
581 1852118599
0 1514218524
0 4256472269
0 4147272130
582 2104646925
0 272927858
0 2680640717
0 425888555
583 3040825104
0 2756817762
0 3365919130
0 419586157
584 2210069559
0 4178771830
0 3533942940
0 2729638671
585 1089603836
0 3013548807
0 3353456102
0 2039106479
586 1069545696
0 862045925
0 3892416059
0 2526902142
587 3845809072
0 1277308421
0 1150819380
0 3768560695
588 3575642911
0 3700631719
0 530039115
0 206554206
589 3548066292
0 4225090017
0 1181114857
0 4003299385
590 3641740139
0 599307820
0 818513827
0 1405918350
591 2655047677
0 3154380624
0 60376312
0 3869693512
592 3877446421
0 1982401314
0 420540495
0 4131834452
593 158107988
0 1124017488
0 2818421160
0 3765869547
594 1102009247
0 48361401
0 1148094951
0 28748628
595 843258312
0 4215082829
0 3005889415
0 1857565682
596 3009646884
0 2646212166
0 1919448194
0 114964420
597 3606843995
0 1648315049
0 713949783
0 2512402232
598 733565967
0 1220867249
0 3471164083
0 3169244604
599 1255965553
0 3154955452
0 4170849922
0 3000940378
600 899570380
0 3742897805
0 492536616
0 1441521917
601 3362536482
0 2229754242
0 3222040443
0 757639383
602 2574912284
0 2078263604
0 2591092474
0 891526883
603 2492279087
0 2592383694
0 125689407
0 3163475236
604 2208878764
0 3903014384
0 1406172958
0 352233175
605 150551582
0 3038235996
0 1980038421
0 1639769382
606 2191351564
0 899227798
0 236177700
0 1152004676
607 211367938
0 2975513141
0 615484189
0 216502012
608 2906775751
0 1120847524
0 3934772263
0 3875117639
609 2307312019
0 1498826138
0 1550823733
0 3762432825
610 3559990465
0 496856395
0 2021279649
0 617832224
611 1701772469
0 3838071018
0 3406282216
0 1736548201
612 1030791122
0 487525027
0 3691385792
0 681037431
613 67502311
0 221805880
0 3739553491
0 1596341301
614 3287419628
0 2928426397
0 336812945
0 1963761536
615 426580799
0 313281445
0 824521914
0 2181887320
616 1225846030
0 654255152
0 2888706054
0 2737747771
617 3397822662
0 2565076276
0 1148271988
0 151882256
618 2064842472
0 2827374957
0 321081576
0 144200192
619 4017587403
0 3959111009
0 2943314517
0 3904361428
620 996908101
0 3168074939
0 1226238016
0 245281136
621 1431221557
0 1710065193
0 3476653241
0 2463760815
622 3475632850
0 2701987324
0 2128413449
0 1221680620
623 2361676484
0 2033431054
0 2174297405
0 1391881274
624 3035349454
0 843921502
0 1045144014
0 1735393886
625 4058262799
0 3090921557
0 4027102730
0 2259132593
626 1377272389
0 1314099772
0 185702092
0 1586409771
627 2893681993
0 232073342
0 2731496624
0 3045236526
628 280070743
0 2224275613
0 2063615505
0 3524429905
629 791165019
0 4052233210
0 1987076808
0 2700438218
630 2341837203
0 3404890822
0 234865519
0 3128541392
631 4162360212
0 1555099187
0 814590199
0 1366243026
632 2026559404
0 212787455
0 3795265314
0 1156122559
633 3093757497
0 1667942207
0 3332903775
0 1097721549
634 3543583667
0 1148239311
0 1237212525
0 3691101663
635 223730727
0 3824878100
0 4015672251
0 1729308671
636 921704128
0 1671490683
0 3024211071
0 1730926615
637 4240617760
0 1285898867
0 1435620796
0 2335313296
638 390937548
0 1561473344
0 631909072
0 322353581
639 1849863486
0 3891923926
0 4231016043
0 3478462060
640 3186686062
0 812146222
0 2197909285
0 3224494725
641 2904944881
0 4267248531
0 1310210363
0 1464628313
642 1977290024
0 2853456934
0 777732189
0 3524001037
643 2345340882
0 3674535475
0 267620593
0 1970777494
644 4001259786
0 3202300317
0 574173583
0 671028310
645 3620433767
0 135703832
0 3154355521
0 3279392570
646 1053746567
0 2844303559
0 3146764765
0 3836253983
647 2181259574
0 871330387
0 261319482
0 437218524
648 736536430
0 996409738
0 1006768902
0 3303051782
649 4064936784
0 602143641
0 2945953099
0 780044890
650 394738268
0 1659799531
0 449778935
0 3640464620
651 3956451377
0 2187329084
0 1607690025
0 1951791364
652 2007523562
0 1395809963
0 1490798139
0 1682456176
653 4226939581
0 625546236
0 228064086
0 3400589850
654 1233288569
0 4122755845
0 3107112574
0 3910253027
655 2786774412
0 2308423942
0 2428965780
0 492759133
656 2359465556
0 1032184243
0 3716992227
0 926140521
657 3221816555
0 99330433
0 3646698833
0 927441662
658 2264844120
0 3517402300
0 4239951438
0 1447138173
659 2714840892
0 987454973
0 2920267712
0 2719780778
660 3821552288
0 2038473471
0 361808860
0 560513852
661 135851502
0 2948565662
0 3668218353
0 2878494779
662 1330666970
0 2637039733
0 2372559406
0 2732214574
663 1392311715
0 2570780841
0 2324632945
0 4037387944
664 2027998390
0 3082648182
0 2413898488
0 3130506357
665 3766490612
0 1101669084
0 2487917753
0 1587723173
666 3054137410
0 463825697
0 420609413
0 1659433765
667 259733438
0 1924029468
0 2469055744
0 3766060774
668 3835620871
0 3138874425
0 3841772511
0 3570205186
669 461037680
0 3606975444
0 2988834837
0 2147109622
670 3859036182
0 452048254
0 3327786914
0 1662543829
671 3978821545
0 1653628916
0 1172244725
0 97065478
672 303384777
0 3923189641
0 651498165
0 743713365
673 2409128962
0 3059677850
0 1087931942
0 2301232222
674 2072866489
0 509721425
0 2682874662
0 2554326728
675 4274636573
0 2183031000
0 3346257386
0 3732095564
676 1996497222
0 3759706778
0 683080779
0 2454120205
677 1074064956
0 25056941
0 1603790261
0 1335434079
678 292047188
0 3637861441
0 4135542691
0 2731687605
679 3284882501
0 1246689506
0 4120335537
0 2309886894
680 385739268
0 307695493
0 3983818170
0 944229561
681 2895521413
0 2332347862
0 2469879654
0 4169616839
682 1252347479
0 3767496109
0 165280216
0 1538487713
683 2824936258
0 3760026915
0 157508619
0 3349509107
684 516029653
0 1297019886
0 314436835
0 4204629449
685 2364415742
0 40535700
0 1139849491
0 3901144134
686 1977905188
0 998390364
0 1230329489
0 655348534
687 3702396924
0 439186284
0 130085952
0 1394809161
688 4267205804
0 2978729270
0 898157188
0 4199579471
689 3650723914
0 2832472222
0 3034820596
0 1154322607
690 4111002996
0 1237250700
0 1005945199
0 4182499452
691 2666365557
0 3376093711
0 4084856396
0 3506751762
692 195447461
0 598218767
0 2034848938
0 609703896
693 2486717907
0 188568609
0 3206563489
0 1086888174
694 1637586589
0 2014261676
0 309789659
0 3948593124
695 2295680097
0 1758599646
0 1915027643
0 3168515559
696 3204649545
0 1896940384
0 3911669292
0 2820472675
697 3407620169
0 1224853665
0 3218498881
0 3956441898
698 576543931
0 2256062918
0 1740182502
0 637247195
699 3492054469
0 1745245373
0 2673289060
0 1033760172
700 364214345
0 1989019922
0 1769684564
0 813834564
701 3639066460
0 3661618470
0 1239133162
0 3138952976
702 1372158299
0 3801392850
0 500500232
0 1536836058
703 2699146628
0 3612392668
0 3091639924
0 747015610
704 1509730473
0 4169135988
0 12011584
0 3388852702
705 3617291667
0 2946241054
0 498693551
0 1940451894
706 706057887
0 3821756311
0 3447271379
0 715418670
707 2213085339
0 187480096
0 3603345648
0 3424239564
708 3016240965
0 1188592613
0 1130311949
0 1974505530
709 2218307176
0 263649753
0 2765444008
0 4208071054
710 2833423020
0 3127237468
0 4140701540
0 3509409190
711 3086871637
0 3919786578
0 1024458299
0 3085337068
712 2235206115
0 1854870657
0 11269180
0 4004619047
713 2432159975
0 68163012
0 226034958
0 1617012696
714 1277394037
0 677493194
0 3899465082
0 3727607926
715 2164657545
0 2892058976
0 3622181525
0 1106872736
716 3485302228
0 2964515758
0 2094639450
0 2010364500
717 2169765696
0 2693308764
0 3859241167
0 3501656049
718 3050962270
0 3555792853
0 26296618
0 2536233731
719 2533070149
0 3968825335
0 3859426192
0 804755728
720 2415584777
0 1701507921
0 2433188114
0 4134767177
721 549255840
0 4287426502
0 190516306
0 2080334689
722 4164536440
0 1804118025
0 2872159644
0 418093793
723 3637061979
0 1738164309
0 3559688282
0 3379195878
724 1666134859
0 702376886
0 676751468
0 570647785
725 4004547369
0 3741549141
0 723953069
0 1807701169
726 3698197010
0 2863215682
0 260701683
0 1134201945
727 1143956388
0 3078737748
0 360387653
0 3596661578
728 2884485507
0 3611861613
0 1413375797
0 1347150759
729 2587489817
0 3164626908
0 1519756790
0 3844469161
730 685223680
0 3407342891
0 1746351418
0 2587028633
731 4177688379
0 917729636
0 1058719214
0 830999353
732 686364100
0 3151018643
0 2388475198
0 2826111288
733 3698312066
0 3233677879
0 1341885999
0 2704574017
734 1658344388
0 3699760622
0 509742812
0 15655450
735 4093211058
0 135131385
0 2514685126
0 1646768551
736 2867109544
0 1581019043
0 1946015256
0 347928892
737 4119856916
0 2674588710
0 3346349237
0 1544581286
738 781818428
0 322738654
0 623008061
0 2857307774
739 3589173528
0 1851764270
0 1828340195
0 256095378
740 785676702
0 324513207
0 1919334728
0 4252011922
741 2105023982
0 2956992231
0 1308415401
0 2861009452
742 971280343
0 2880318094
0 4177358538
0 492411339
743 701978290
0 941457417
0 3625717257
0 2423185054
744 2142698007
0 529092533
0 1510815577
0 847580523
745 3864795908
0 244343136
0 137438152
0 3957016251
746 2223379318
0 2250007278
0 3978120265
0 3883401556
747 3712065232
0 2866545413
0 48238199
0 2990760382
748 635895020
0 1561155222
0 1298914739
0 3365526988
749 3736948611
0 2563107370
0 1555456433
0 2866921574
750 1729968306
0 3494249662
0 1983170214
0 1248031505
751 3230187111
0 443752352
0 3378111540
0 2549034795
752 2309877090
0 3640436939
0 3564033637
0 1978226765
753 726867125
0 358322358
0 995837057
0 1687273011
754 4147393030
0 1097679559
0 965239212
0 995735548
755 933133757
0 2158597543
0 494298670
0 3322126013
756 1166488008
0 1020107377
0 1619374506
0 3338849916
757 4075929058
0 1676784263
0 3675412029
0 4098183021
758 977627312
0 190725940
0 3410938298
0 3331595110
759 2254399159
0 196834507
0 2689324745
0 109395563
760 666642107
0 2324584994
0 1000218938
0 801646029
761 1611129380
0 1418711733
0 4191799905
0 2397594688
762 3348818186
0 1410366533
0 2108658261
0 2247882205
763 1247972247
0 2319829667
0 627197208
0 3621135754
764 2100127747
0 252571904
0 3937941768
0 2597564085
765 660425520
0 720707755
0 2958706593
0 3420719656
766 4052359678
0 137127105
0 2166544677
0 966961883
767 1598169089
0 3890287804
0 860138650
0 1534814816
768 2536671799
0 795151194
0 1084264694
0 2517961014
769 1139937458
0 1753756234
0 2384922569
0 3038309681
770 1662976426
0 2106323905
0 3879699552
0 3447871086
771 1523431076
0 2828817849
0 39596106
0 1749844608
772 1539465290
0 4242070313
0 1248598574
0 1993426107
773 27651045
0 3822026600
0 4291271679
0 367905029
774 1660537339
0 4030089534
0 3010278746
0 2802514298
775 3256687343
0 1004112036
0 3620639059
0 958906868
776 2342639962
0 3270125611
0 126750279
0 3134175367
777 262592185
0 4241606482
0 3489458467
0 2608003771
778 34206351
0 306961073
0 2509162520
0 2077915091
779 4084143707
0 3813731131
0 3589617837
0 1151996791
780 1958653331
0 1908521908
0 3639662178
0 3122375986
781 729450799
0 2274755317
0 1017859823
0 3963153094
782 10816152
0 986431281
0 196181959
0 803870070
783 3721803429
0 423354181
0 1175825904
0 731656318
784 3858072248
0 782431771
0 2119534346
0 141581547
785 4148469324
0 1377469708
0 2927990881
0 3120626900
786 3348133022
0 310873724
0 13920789
0 724526466
787 528556791
0 2990953529
0 2484277200
0 3885823670
788 561356425
0 2670665787
0 4235234431
0 1296386301
789 672234050
0 825037239
0 1878631814
0 748794904
790 2296017005
0 339001490
0 3085443794
0 2541210101
791 3998679624
0 3480705979
0 3259768622
0 161659230
792 1504957995
0 1120989931
0 3355529919
0 2677714281
793 2681140603
0 3879345176
0 789219348
0 780395059
794 3489188601
0 1671210183
0 447692162
0 926290283
795 3403763757
0 508142087
0 1317238346
0 1397232076
796 2423256586
0 1681630179
0 1719634012
0 1233913440
797 1112341172
0 4039884629
0 3926862748
0 477689391
798 1139158682
0 332430834
0 41562283
0 1274647713
799 3293469456
0 1117457320
0 2704822818
0 2203829669
800 2954224242
0 558264609
0 3286926427
0 2960522922
801 1387342131
0 2183215736
0 3913200967
0 2536966626
802 78040214
0 1055893808
0 1246885059
0 3201120070
803 339516781
0 729666851
0 3943524720
0 2090408236
804 3815976848
0 1906654797
0 2218312172
0 3534554887
805 3692811743
0 709910576
0 3914343067
0 823789986
806 3216732651
0 397179411
0 622471455
0 304482226
807 37555814
0 4150286901
0 1433086719
0 2342543562
808 2203537673
0 756458517
0 3253750845
0 344361068
809 304117019
0 3707694299
0 378030677
0 2438735744
810 147494461
0 1896607661
0 325648552
0 3722097157
811 3354642151
0 3678116489
0 468389571
0 1796165232
812 1759126392
0 1815141527
0 3070519082
0 2601562728
813 3279414373
0 3303605827
0 1221025557
0 3373362854
814 2042828709
0 534319882
0 3276385651
0 3939943244
815 2502524694
0 611089982
0 159801040
0 3733765379
816 1271416472
0 2918249405
0 2962391451
0 1977256722
817 3147761198
0 1932727872
0 1066372310
0 3415777539
818 4045948340
0 4272412179
0 1242640278
0 780827170
819 2607917344
0 2577109356
0 3989005521
0 2802849320
820 3398127338
0 3878883336
0 3050683110
0 585714849
821 3124345948
0 2265412252
0 1793880581
0 2869072101
822 2757206903
0 1241959900
0 2025323506
0 2130854876
823 3827283206
0 3377078417
0 3646123520
0 1849143961
824 3314295824
0 232086413
0 2110807242
0 3615250578
825 1613513748
0 664190254
0 1918851326
0 1470160422
826 1222961079
0 2438045971
0 885761999
0 130435223
827 1326330330
0 500741525
0 3555961075
0 2681390568
828 2565897844
0 3429562837
0 2514826329
0 2589927496
829 1084318990
0 1254921506
0 3643242511
0 2101939121
830 3310740047
0 1923929172
0 954843102
0 3042693612
831 730551631
0 523451611
0 1132185040
0 497030258
832 322494460
0 1529348424
0 2259430392
0 3260463035
833 172067909
0 796363946
0 3891733052
0 2419979592
834 1893795802
0 1501938293
0 3312991143
0 1346958357
835 80613222
0 1661256439
0 1401992085
0 3602521749
836 3801494035
0 953525128
0 602419905
0 3408608518
837 4005694946
0 300198341
0 2231353200
0 4134152992
838 2650932806
0 1197328974
0 3447071712
0 3189754529
839 3663231580
0 36414571
0 376317390
0 959059160
840 3459065795
0 872596603
0 4191717145
0 557208998
841 1902559788
0 1131146097
0 278961983
0 2762623254
842 2889030968
0 3854090700
0 4192842326
0 521101211
843 327427430
0 3027276184
0 2212947177
0 2419450993
844 2752561197
0 3908438255
0 2352986640
0 4189624352
845 199115057
0 19223845
0 2295308826
0 1542486213
846 780872433
0 579361773
0 3951774303
0 789517932
847 1348888633
0 204977706
0 3796978682
0 1317774097
848 2878536314
0 1084692204
0 2490800839
0 116432987
849 998853324
0 947454781
0 4255571047
0 2128058629
850 3461969185
0 592616565
0 1803976614
0 3640435033
851 3855472619
0 634371890
0 826600719
0 2194268065
852 832359414
0 4055708645
0 2800420914
0 2299241685
853 247754672
0 3358716348
0 350406213
0 1423990573
854 2405984070
0 1828784742
0 1663993558
0 1388452037
855 1000882120
0 381158311
0 933406458
0 2127495165
856 1402350132
0 1728304784
0 81435586
0 3385395058
857 2686637797
0 3958021436
0 1768794239
0 2408852129
858 3844547035
0 1424116887
0 1338068050
0 4240444067
859 1056298627
0 402026886
0 1576584535
0 2500350139
860 2258212542
0 1420459961
0 3952308039
0 1716926525
861 4267922037
0 2142084521
0 3399154836
0 2747994050
862 1540819603
0 689526667
0 2906707475
0 3428923489
863 2275820266
0 2610735255
0 733412784
0 4145050935
864 3978359731
0 1820362941
0 2215222353
0 294531622
865 459480108
0 3086919446
0 1893925439
0 2940385231
866 3998356162
0 2142794368
0 382947917
0 2453660134
867 271947176
0 1112057059
0 1182566524
0 3654674971
868 3234593691
0 3765758719
0 786959159
0 2266517321
869 3184156281
0 2991457295
0 665349425
0 3159798395
870 1272966257
0 2885877761
0 1283408961
0 6530195
871 1292892058
0 1614300036
0 3102592810
0 2592135093
872 1409448219
0 719199065
0 623416719
0 3263560948
873 3706776972
0 3300089030
0 2123853128
0 1975109524
874 422841406
0 2577181774
0 3431206316
0 3650974044
875 1504995507
0 3994042333
0 4099089659
0 3903840902
876 3683105310
0 2223894728
0 4022955738
0 3276182993
877 1485297669
0 3909791264
0 2291927637
0 3207045733
878 353876250
0 1753284079
0 3897947300
0 898465048
879 459938342
0 4228436477
0 688294764
0 1832790094
880 1621030085
0 2165783175
0 2428648537
0 2758250260
881 3438369020
0 1938268822
0 3972376783
0 1734182632
882 3215109785
0 1797981137
0 4219669053
0 346577592
883 3837485838
0 3650973486
0 1036789781
0 1044086019
884 2332902828
0 907555332
0 1150240027
0 2888516251
885 783172765
0 1635228278
0 4220367720
0 2665001329
886 3095064167
0 2996369900
0 3546417243
0 2474556299
887 560460269
0 75849033
0 1875805566
0 1458352821
888 1273010793
0 2772916084
0 1341102232
0 1240149404
889 143210691
0 1338651573
0 3608165690
0 3155983863
890 863127583
0 4107493893
0 800824232
0 4066891320
891 1872331432
0 2120137815
0 1510333465
0 644609361
892 236243111
0 3389862646
0 1767293214
0 1723317241
893 2487272688
0 2880440797
0 1278405218
0 4088877769
894 3646683819
0 2926193280
0 1076117658
0 1608269377
895 3321467988
0 1677475104
0 1889611095
0 2887056135
896 3730722185
0 4236157396
0 2599572692
0 809792560
897 2833442458
0 4258572267
0 1442856160
0 1256497379
898 2877679593
0 4157769618
0 2415473787
0 2297499840
899 1979494098
0 1408910936
0 3215304215
0 3483007479
900 1674728274
0 2913326112
0 3956818488
0 2469664123
901 926448499
0 3369797984
0 2221722483
0 2104263851
902 2898266903
0 2094631261
0 1016468660
0 3656067817
903 3412455983
0 1856734901
0 608924060
0 3499530233
904 3167916875
0 2852990053
0 2220477933
0 2775893882
905 2892496645
0 2970255932
0 1077001504
0 1300235677
906 326910606
0 3693033486
0 2325697340
0 1188970785
907 3613039699
0 1067104600
0 2616509549
0 2611707313
908 3139124483
0 1028192612
0 1741845262
0 3357395393
909 3750757532
0 3841573181
0 3274666985
0 3639844856
910 2415866954
0 1033711670
0 2068866339
0 211715538
911 2152544665
0 2637457370
0 808014622
0 2091505567
912 2242267215
0 3107598786
0 959764256
0 3039800524
913 3105232146
0 16450707
0 1702629618
0 189167406
914 249253021
0 1211552810
0 1154432737
0 2297659825
915 1895002863
0 4213634602
0 2704877996
0 3846189299
916 2736014724
0 745849646
0 1211263521
0 2653710443
917 1112959347
0 376041970
0 920910107
0 479305032
918 2506886457
0 3587901137
0 3419397413
0 2602518565
919 4164074563
0 1542610456
0 1999596488
0 821226253
920 2037869949
0 3733047831
0 4272192457
0 276328724
921 3688703207
0 494512886
0 2899501401
0 2208196441
922 462330277
0 1398793288
0 3401906636
0 2837277027
923 3166765927
0 461708673
0 233111926
0 2195609100
924 3392658071
0 612347207
0 3517741195
0 3263819330
925 2784093561
0 2356632138
0 2694875812
0 2955819615
926 4294563324
0 383758818
0 2493872662
0 2872383732
927 686877138
0 4001215041
0 1519922313
0 1444411045
928 2975249140
0 3644085171
0 1531493810
0 17285073
929 3805175759
0 4192748656
0 578929234
0 2142765468
930 1650564457
0 3769386397
0 9235027
0 3640714552
931 3568570984
0 845241634
0 31104220
0 1614090644
932 1045114376
0 3939423749
0 359119180
0 4147434545
933 2102503527
0 3232611412
0 2146112458
0 1190003685
934 2753971906
0 2149590247
0 3208883198
0 2375267579
935 278653628
0 1990199314
0 1925520600
0 1076257414
936 3209780080
0 1593522055
0 3020269719
0 3828118358
937 3389221630
0 1633989367
0 689955729
0 2436646132
938 701494176
0 3370555159
0 2142662283
0 4135287630
939 4255880477
0 1837621405
0 1263909687
0 3282292098
940 4189202929
0 1041042692
0 2198455132
0 316368013
941 3175335437
0 3164163110
0 3718400982
0 2503896164
942 2387290561
0 1331547221
0 2997433563
0 2074230639
943 374550359
0 2180680651
0 448757815
0 777909261
944 778187138
0 779672463
0 52501881
0 3880463633
945 1232992444
0 3954538913
0 107964281
0 622203613
946 2772287530
0 4244171203
0 3283993097
0 3181859467
947 4165048335
0 3045510310
0 3493681708
0 2240449355
948 4232934803
0 3503014587
0 2454028930
0 2134274099
949 3940892071
0 87465291
0 346011151
0 3991894425
950 3344735829
0 703639993
0 4023686216
0 4153429915
951 2906270459
0 920950601
0 3124338588
0 4235325785
952 1236587953
0 2862753461
0 3615949804
0 1906743236
953 1771543107
0 461877999
0 1536028948
0 2205240369
954 3251914042
0 2676434739
0 4134798192
0 2275700745
955 4008640791
0 2067914637
0 741435309
0 2453999192
956 2474062200
0 370208408
0 1499065206
0 1936668309
957 286928163
0 2068621169
0 170978822
0 299189990
958 3723242256
0 1667692219
0 4071958075
0 1261042347
959 3864985575
0 4278039482
0 2354855230
0 4082300487
960 2210363761
0 2282137650
0 261707126
0 472079583
961 2706409629
0 2767411232
0 441725501
0 308454419
962 1113786208
0 557227390
0 3284071167
0 1175061441
963 1407261259
0 2353954309
0 4028013946
0 1120615025
964 740912895
0 3833970942
0 3535981397
0 1469002643
965 494736920
0 2605939558
0 3739272540
0 3023215216
966 2518098790
0 2846723029
0 2323513424
0 1967062044
967 1299181236
0 1545182386
0 2397541206
0 873253940
968 294474749
0 3920130015
0 450960867
0 3472097586
969 1549434672
0 1851118254
0 2228588123
0 2727101708
970 748821445
0 3256217193
0 1159369630
0 1577508999
971 4185980256
0 4158688091
0 2221285981
0 3000880759
972 2587951412
0 3309809622
0 979071962
0 3643024114
973 1015014674
0 160941214
0 970217101
0 1108531466
974 4007717249
0 3257624905
0 81687100
0 1848446888
975 2705548647
0 3345127894
0 3272308417
0 3417222785
976 3241873719
0 503592682
0 986625503
0 325602990
977 400611647
0 2492223639
0 1736768257
0 3675660602
978 137048999
0 1764376181
0 3613203055
0 3976763858
979 2212519022
0 53800998
0 3940174511
0 3424451588
980 2052153770
0 3008667842
0 255577173
0 12852521
981 1561708898
0 3531269666
0 3413957902
0 1956842841
982 2095102489
0 3742371136
0 3505371075
0 384444526
983 1959389972
0 2514999632
0 1555329106
0 88322531
984 3518977328
0 2392639977
0 2321238110
0 602044037
985 1822840609
0 2274716581
0 160523408
0 819183375
986 2417588306
0 347204422
0 1180880393
0 3753701908
987 3559387724
0 121035218
0 3428935999
0 1002925412
988 1931795080
0 675893516
0 3506764573
0 755877363
989 364969421
0 1523366906
0 1652503834
0 1866533664
990 2811143772
0 1062167931
0 759733117
0 3229206380
991 860536249
0 1849242595
0 3802048598
0 750750329
992 3055348534
0 648044429
0 4224389412
0 3711708634
993 4181881815
0 492550508
0 423770528
0 729976316
994 456443700
0 4252956544
0 4212103086
0 1030428544
995 705467023
0 2355757391
0 1965609070
0 1707234587
996 1025308815
0 2246334109
0 428548378
0 3358146537
997 2834571822
0 2258990252
0 3567911241
0 808498392
998 338432999
0 2590895142
0 1789957611
0 1557389692
999 4203905505
0 1707841859
0 91460423
0 2170940068
1000 764443385
0 3685469508
0 1415534140
0 1218404308
