1969390303
1303814779
3133017647
3645176323
1996885298
670593765
1778680482
133601129
3171177196
3866623563
1456596889
223624634
3505081758
3200127690
1442193213
1057704637
3523876871
1753471190
2420709595
725661964
2277867267
1124410341
2446960999
3520845701
728997521
3164751137
212649622
2583395022
2462462298
1152022338
2651839806
1576753623
1212587396
1327632021
1634444541
2651133934
786159130
3276612836
2074818801
3943078090
3884085792
4174367957
2834900903
3050360537
915426037
1044690945
4098366617
710911792
1966945340
237608470
3989005855
1217619278
194021422
630754655
169273162
346640450
4002046860
1485551852
864766564
1449219865
417044189
843072244
3903689373
3069028949
1222371043
2182354865
1936657107
2024715075
2959825394
2776180495
1586132574
3190683595
3462180936
1062451544
2167806741
2838356528
2970833459
2090611074
3813915720
3738841044
2689012259
4277496006
3466261405
689637629
4117168721
583978736
905478710
356060252
3564598318
464292108
3616499135
1882806158
1579386356
2297006827
4017044027
2786055926
2420866711
4061549149
2745060477
734928815
1284009160
3864783745
1389304483
3347338788
2242532842
1584336030
3680253293
1752414679
467692348
253407482
905992244
1933462724
3411427858
1260099201
1514794544
897681443
1858231513
403447921
1540725168
1223523967
3873776989
351801478
1662460932
4015145560
1968575740
2818896474
548148973
3064199411
3547871685
3645999100
1354326380
737758797
249810294
211740819
3625140402
2105136551
2537128106
1330006346
651982785
2760914107
94764773
3531135752
1760173041
2086640137
4206547754
1247474968
2653266347
2162971839
2863054804
3302422920
653579306
374511709
1772287393
3964478824
3888971886
508734117
2843247477
97267721
2649177425
2597665930
2797254582
3336489988
2021022102
498144688
1003266333
559959988
2494415650
3017087668
130546479
1213900107
477790911
2312217300
1229678458
1354561454
2620592524
3608327201
1962667475
1143427494
2332212072
2681988723
55502381
4685656
1259340556
2346433042
3456792993
1089605192
1516034033
1507266225
2255991663
2414237743
849039480
1418417293
3056087380
3887504449
1731893842
3819045400
3584964769
2861612667
1488227433
2343521706
3921095948
3283514818
858248122
1682689370
1619838025
2909107968
1314033966
2205502194
1729982387
987357729
533949251
2661892566
1547583448
3935935322
421884930
3093724649
1124527913
1667061123
3650658674
2367698033
3958920888
1174101402
2587303161
2212763475
1846535269
2869200318
3981066160
2041454084
2827620766
2842322795
2203881284
175176164
2433888854
3876003343
1964087918
2039402886
2682603585
139388164
2033251127
2134919985
4221981055
4025010208
337587688
3044827002
2312682263
3361339567
1177850860
2638183538
1003461675
2269453462
1408192414
1808267959
4168453178
1351168447
2106488985
2312556983
4031105604
2975537597
286162678
3878128294
3956946504
2618085963
3882812634
3012395059
2385579094
2371996277
3323313594
2930508268
4249805511
397388932
266091568
442116810
1985795321
2135519417
4029791482
964360347
3147682914
1246501940
2398452749
2124258441
235841816
1759053291
1483970704
364770538
790634453
1760268303
2525684059
438194676
1614347971
4024271262
1245092722
3752161405
1507172741
920495646
1414302008
1574176372
304712023
1890194243
3547258278
803393984
2371744123
1108750213
1785234171
2236572738
1734507926
2986832723
1254745225
3732281213
257490620
2272260441
2070823492
2292973356
708391129
3109746248
2181077636
3414588669
2798729222
3633355056
2489846882
2055817206
1611891433
795902430
2212080596
3183660207
957657392
3170587591
714673407
2950651755
744454838
2392484976
3239107511
3305590649
3859559224
395099852
382963869
3048129427
3015320265
1545911631
4067277097
4236403414
249988205
2579937867
3023445713
3254609883
3853137610
4215103187
1037662188
2516519826
4284225342
3922779852
3823839634
1107105665
3917232808
753293629
587674692
2284321420
2576326969
1648153168
799560036
2751460793
828461842
1689670081
3035757541
2267315609
2578867927
872678703
2917415841
1746922326
2832563084
4214886380
263667042
2039512104
4004243751
2509626971
2819012222
2010464511
625833844
504914189
2135482720
2343641342
2759570807
3502482750
2662220785
1020722915
408190309
3503403151
1904573719
3892141944
1219088886
3861081203
73405680
2984913999
2135935399
1415990290
2440400380
52623525
4268515825
1029249521
2694700251
1155712092
297989012
2398865938
467074038
4129925236
4101978389
3914237187
2195438365
1106824987
1386680044
882901097
3920338973
118391754
999177566
3536743535
795718874
3661836845
3077429212
3808337364
3845077628
2102825865
1922248020
134186021
2316062765
3366115344
2319097911
2076407175
3929973129
757699137
751662339
891635210
292675672
3053268170
3766464149
1466174170
3219774320
3981822842
3814045047
2189642456
4079492906
3494815277
2525415215
4156346659
166080940
1774367814
2622380531
1499397867
1550234263
1427150384
2065012756
1734670500
2870942951
3937326223
4082138237
677465956
504212960
4159171432
2462862332
3333758943
995302986
1672081202
4041482353
1042372410
2426905686
1503812455
3992340334
1305841634
2959990889
1884884462
2145444460
4259239943
3550353946
2301755269
80714785
2226237665
2889141174
909685884
2496820589
3170300105
1071564252
766763023
3169945215
1056248033
3734442941
822504930
1340852792
3889155345
3996451611
993552020
3907852344
1888667233
93402492
4054461102
1115076863
1666123741
1817850888
592845598
2011361539
2584500545
2626784357
2544256268
3771749967
1197378676
1957655452
3710298345
1702196591
943228620
2231999315
1534782905
3162236231
19454588
4143788715
1364548170
3025012933
2751495609
1382447220
2184926024
766293125
239429853
3364443128
3807285022
3163209384
3099277588
1879508931
2615434575
2945512171
1314229980
2447891629
2828113796
3869398556
658988794
3252945855
1923863945
4223656
4192988470
3697115111
74182363
2522904018
1391419722
1451501886
2281011677
1058195669
1921707640
2168682935
567822150
2239102027
4055387390
2924122655
1617109844
511334859
3284751419
491089973
3760422842
593257809
3868835997
3523436238
4252677748
362244135
4149199863
3356068340
1470918718
4168110385
1696869002
3333097109
748905568
1489814040
2803200318
2974362777
3436027823
3281345640
4040961048
871828453
2400529959
2734682801
3586715214
1490379131
3763342550
165781817
84014040
3300089048
2489767776
1797376921
2714499224
3682329687
3026523952
3044715958
1046858914
3223877238
572881867
2659657759
1890229049
3895611418
1349735079
2080062497
506297010
3617261397
2265886244
2153639405
1830935912
3368214854
728503915
188147915
664729063
1069705336
1848099830
1850796745
510971537
696571545
2644948597
2828836493
3853577956
3249661074
2931638560
2264331919
16492219
3592690548
3457799907
3315703216
350318813
2701169343
3559877006
327498863
2890377179
989103933
2753075413
761368116
3245249874
129757093
1042518574
2789303859
410551493
2228795073
662624290
3905735350
3006665430
957160459
1756836532
1542318092
2385209002
1836395721
2856560116
2637410674
3589313017
1009264643
2004850214
971503231
2081779829
3005536992
891468105
1851190483
990318590
4027793537
1331537320
1382726390
3921556862
2038332140
1692905823
2810096360
4021212181
2317452617
989755323
542694413
3645072187
1871365475
2573640960
457177934
138061166
2517248926
2317154026
87807060
2189700179
3757251391
422888085
2638345737
3372777312
3120343852
2840683827
2268337408
833090678
3703895642
4131389825
2729720970
1537312460
75202868
3193741363
2220096290
795406295
455985368
2477817608
992503996
1658907803
163056902
1957395927
761825107
3625884319
1554462767
2050886929
1091934855
3267137819
1159182147
2435880983
2146416751
2189772375
4277336821
763033730
4119413991
1030280181
1277715720
2740792583
2755643891
2796258870
2316057219
4170087282
3746629395
2699424168
2659169938
59972667
1066188114
1497706792
3112992775
2109500247
1118316122
1971209530
1594005229
664924748
4279219574
3571882874
3464489447
3837973951
116702693
4149195891
283799521
2805803698
3923226168
942059036
1820851762
3785841195
733344782
3355526592
898951379
1869735613
4284099558
4007827541
2503677481
438995655
2221880524
1676146672
3448186118
348307316
3636689833
3413372475
3420147531
2138582554
3397846564
1787473311
4008296303
87822646
1663299505
10174928
1937582121
556018447
929029091
1410337883
1511013487
3511569015
3093506776
756539114
2044459446
306281522
1167364290
3541052133
416592975
53364538
2620273197
1027774037
530761548
1927198598
1654256877
1674999659
2257033679
1240377669
426889467
854278415
3015362569
1241044812
3423648670
560912078
1355374104
930149615
2986272198
1789621270
70937649
1280538531
2719866066
236359866
2674180535
2536496638
259760031
1987557711
3861723247
4031715796
327180856
2838174815
3601916560
3376546402
1816791667
1092685343
869513124
3185177810
2611131167
3604093
309845439
2550143231
1906606891
2513558695
3065478261
2461835506
3943974931
2714701665
3743318193
3507299085
164357675
707130123
764550716
2300769194
3669397266
171882294
3888880197
3162116273
689540138
903184956
87887392
2302365757
2445367065
2724792276
2999046691
1837249255
544462395
1180257568
3939569906
787744437
3533518815
1411585061
297858806
2793871766
3807670171
2916371418
2664212304
845581878
3011012565
2858032010
4230399700
4183314813
3127206848
151636259
1385771799
4136823471
470840439
2146867970
3021673274
3206744790
1375594072
403234091
2315800603
1891580792
4088808174
2110575758
3633830270
341071469
405242425
2013627352
3530744422
3629984517
629381869
649028814
459173451
3218420134
1004971081
1375595173
2951880308
4166337594
2846782227
2061189644
4210486671
2093773464
1395041826
1759062112
2128207725
427065515
305461925
2818890103
55557016
2080232196
2385296352
3387617495
1523710022
2804856046
17017860
2960124582
4136408581
198209342
514757670
441615467
793516100
3110500229
3682971899
186688553
1310949701
2187693975
2688045131
3163371730
3029323888
1667162081
1659406070
3063336457
1098640357
2736358275
2072153135
2889729384
107236776
610030942
2152296642
1115087469
2947782291
2249276349
1084614849
2140003054
24272863
3864388469
4056267190
3722275591
2425087593
2080303016
2346705778
4129854745
1932556944
3548345204
3461472651
1900082646
3315488744
3853047927
1513748842
4130172741
2300958049
3223532593
470587116
2836168183
4000106159
2213429937
3218021466
4087377468
3905767326
331687209
937199457
3614023
2488458129
2294488623
279295430
3655565653
3569064116
849873894
4066433279
1039865725
4095355748
2768593616
3003715244
3207979443
2052760983
3404167298
2308448246
1190681232
4044522608
2720439514
2480185744
2697253381
3275291844
3431740265
1692320474
531391672
133907286
853028406
2032732104
2691603448
3998697184
667680707
1915317969
2130371566
119126518
310773831
1461599966
2518032816
1546538095
2834685811
4166854597
1921067869
4210489035
1974077809
3474917566
2105181029
1342340110
631820372
