635234611
3650366044
3685544354
1361843458
1738259286
1608166149
1783029262
3361307222
2071961515
2387355019
2220433623
2192529484
1532377117
3887838317
3718780860
3262937622
1484888786
1893654403
2987943487
3653948448
510662478
1707195419
127964317
479077761
1568403399
3456649184
3068418857
2748009879
2514125722
3143195520
3526441554
3416083428
571339977
1866680080
4148520264
518720095
188661833
870479761
1206394958
2778566083
2685998403
468202671
1328893794
3916721280
3150917527
42901706
2415553134
1234056955
3803261453
4170252525
96728023
3685332900
1840583215
3198434539
1995747051
978879645
4255937784
1941234120
491114553
336257064
385419277
1662634323
2080245290
3813954310
2466356596
3383632897
541626245
3675895626
951750063
2220227848
107066922
367386902
3221588207
2432485659
1781232118
242925431
3325287257
1164875298
1730734269
776409613
3484581082
4124348779
2488576971
121194255
777720749
1082808516
2184129490
514885974
3226518005
4280593301
3691001348
162952224
3243245941
386432956
3490925655
4287198382
3656812153
4278979051
743142390
373943523
3072118979
2359102540
4071251752
3199742752
1026549350
2601510028
3556840854
4143786111
3772514052
1989310043
1134954052
2308970796
2426340694
2880221179
287634093
2510258838
69020066
4206978174
3483872080
528282907
4000666851
1939270813
2988199217
3604911267
1972579346
3935520305
3535240920
1519556788
1742125222
2460165718
80886455
3981629108
2413658167
901485737
271349647
2522461595
1507107179
3652244278
871924107
438088331
1017908057
1907987735
3628414052
2570554164
2589393584
671884279
2470490567
1128762263
2985802662
2507557260
2379364471
1950204585
459665324
1046149228
2291345793
2761842464
3813970779
3985525765
3349554844
1951825004
496909850
3963548670
1943137678
935799094
3037119564
322856798
1452809377
3266857063
2804235977
2555575345
2081947326
1684256403
1070200433
562803201
1103067405
1831921754
497436736
3163514056
3523763670
3587547389
2557382921
915462028
3405888670
1386011889
221605735
1267757374
3058912670
1596458799
2148624893
4025552731
1000714823
3843248270
3638233984
2074262170
3970546937
3512509202
3233464716
4054455041
2430924990
792722712
853967795
1502964716
2722950454
2753389507
336820680
2742591492
579509402
1617048773
2321971402
453546924
611476637
1865605266
842794692
1175587239
4159153481
3843734488
3637146765
2214498284
687653676
3318623274
4202221854
1882441199
3582637987
1410510825
2883270467
1860159560
2962979936
64378151
3102490370
3797677853
3099451955
4260329939
2654923403
640937315
2517856423
3252783794
97532444
3302327581
2689863748
2402004048
703440776
2470646369
2668660407
727560142
1343713958
2548714389
3334219713
781430415
1350601798
3317886419
1151418521
3720737217
4014265311
2067226779
1936320264
4062862281
960587958
1240726282
753489424
889797627
126726080
1905989721
2109717235
2251907788
2420328800
185809646
3558451334
3484194652
3541523210
2884890866
2483950794
4163906672
1930249465
1943291444
4079376210
510170417
1385448881
2889022328
3238491701
4146695384
2110934381
3518631379
1656945906
2336708967
536874965
560450798
478261785
1516533805
3534923551
3125057046
930756133
2252403897
3650063343
2050885999
1767807845
1365864306
362375905
3960348913
1798354626
1704582807
109095010
3727218427
935877678
2421394426
468752441
363236582
1640788021
555443877
126984572
3423249956
46617769
252620423
2993814878
4110428078
2838892458
2403204776
2989746351
2765244806
484439025
1154234203
2970793277
3817585330
3717596595
1008823497
1425767828
1679143029
345267642
951447065
1603611615
1290484329
1866552362
402905204
3060254874
3429226388
2155960185
3591233418
1112912092
3896792221
2654376327
3822123434
553141558
3886677645
2554272762
2599783909
3661470815
669664818
892582985
4196838806
89358463
3028136400
2107677106
526902623
2251324769
3302718685
2579346287
2631762828
3203683686
357350339
198714259
1474209534
954290102
1660421588
3257072111
3619602424
452912154
3871340766
3917480549
129887372
4003889809
1541731140
3128589950
3053822334
3887834046
1839185976
1876182695
3241828028
3164727544
3670618754
2338359110
1600801493
3198378323
3504532054
1375823436
4224381634
1498052354
157423472
1110266997
87090930
4019076251
225373485
1812412471
1113666990
1975977165
966552346
3542603853
2580235920
1723544252
2409107040
1592864465
3012193952
3830215923
2564519289
3381126400
721279889
3111427396
298886690
3129795625
2587498366
2784266135
896226618
4054744013
373220116
3478891945
3324769779
1309193965
59569259
1237455885
764303878
3258193780
3112078191
3225712276
2507888200
3960155078
3094330886
755870419
1267211938
3762737474
1468098818
406925090
1665969942
3440280129
2267162958
2013211006
2848154745
4236474906
937467089
860772003
3026577167
628450154
2596136108
2202873516
2985065185
4008920350
3636557557
3330839402
2940363902
2986205299
668656052
191548448
1668327082
2049133143
2129810177
2744289660
2152233581
3381442993
530063685
1072820056
3985613127
1743561973
3331818373
636488260
296832838
3521188242
365805571
3499699746
593295954
3712344815
2145836977
1819759223
1192617509
1176311167
3453340839
3613839765
449600165
2401366728
1354605903
2157557932
740437156
3777912576
1528080259
730961749
2241181266
1998365654
100846926
1667659763
840246742
3373420313
3141982645
1470414552
2290587759
2047995617
958340443
1878277743
2856615873
3605131492
2787391486
3312757799
1764897565
2185687856
2548188713
354921869
3299501723
3695091965
2278649226
2536306067
510950923
2024717716
3225570847
3746385051
3902910682
3539143440
3470511791
703935522
3525057892
1495529643
1775661062
2601913067
909537905
3448130541
1585927321
2972136519
1137074849
2281672704
1195684437
992330630
1711021536
4011075781
334412014
1193358707
87333490
1837057549
1271902078
2954076484
1190225608
4154138428
102329383
1222690727
1715944087
3378293241
115870349
3405304776
341252792
1487846901
2503145888
1321360457
4128713226
2249054919
3446160490
2206855703
1515988096
3856933076
4206517791
3523883778
3293922840
3245552065
4185322536
543822089
3186339920
2084236890
1636788726
820532302
3084890747
3009310931
627041450
1505318511
2419307016
3329300582
1112809183
4173217269
1367833186
203281734
960007623
975761610
276400619
2192344057
1976750586
624784443
3731786305
3260502625
3782021280
1711105123
1033841424
1476634377
1396367863
905749695
3449373445
681637493
3374085616
3157947256
1198755256
1744114261
4351621
3167135952
850223272
1852598201
1046890014
1720954610
2401603554
2039455738
3779102060
2323164830
3364351943
3170762912
1389256543
3373016082
342905893
3479744714
3417123731
3578894873
2514753225
3582562434
4252973324
1012725933
4165909603
357474883
436949500
2901472731
2709602487
2022152402
3138143049
946186630
3526248076
1562922603
2211721043
634585094
3151418646
1069359776
1899328569
421211480
1371640492
1792418973
1224181761
543598134
826652262
1166961598
4071928368
1973653931
812953782
1968167929
1437078859
3022675627
706449689
3868570578
3615606346
3956063016
3901697322
743775952
4119902007
2860045073
2910794893
1700310685
1840032676
1491882625
3847090256
616201788
2976222156
1428258393
87646751
305408910
1404064615
1390907167
2605855466
1375984646
3478056595
4018000811
4163202377
1145552689
1690958996
2933641820
4251445542
1554587736
1079756029
1814128256
3203485460
2421332337
1656658055
2397974040
573076797
2803857109
3993839512
3312143310
1205256565
707641103
2905526517
1451425390
3723683654
184925124
1243558922
2337475047
2119701536
2787388348
2223722637
1751947081
2518164575
2682026123
193679940
709709550
2623085669
509535492
991470544
3304452435
4131794554
2919154745
716716026
3741611009
3017463391
3745137031
3519456360
1505257293
4142604226
3151344746
526698525
593298667
4257747199
1273997651
3104625783
2376362007
2725162509
2902190607
910715806
1537123410
1679550840
2427961098
555358651
1014956143
3619424430
2423377234
665286962
1025616423
351226099
855468937
553312055
1983997931
4163625570
2925717603
552263868
167656286
1764281781
1636764669
1029977295
3299488507
49255376
1291714924
2938036126
4225315184
3015456215
1784648490
2859114169
1129098707
1354401863
1373652395
2062549425
444374291
252453544
2916534664
321302026
161844937
2275632628
2786993183
1877438724
1830427355
3156683132
2831567765
2858015080
2383868519
3336681533
1482331181
267403087
2866485719
2768385189
2889710849
2363496864
561395253
1813828559
53889514
1564037608
488709695
3613081876
3344548580
1514210868
2410944560
1415175875
633225230
2187336657
631378502
3245859135
3196506147
1386511937
2456331588
645885035
250507966
2645571176
358378777
348024330
3736484878
816202171
1468956823
770277730
2197619300
1457475590
2148139234
3956588574
801650431
3839657413
1968823941
240404089
348053007
469147401
3996072927
1161312025
3414117878
194053096
678061415
802735693
1377151551
2255772859
1788820102
767623812
3172770338
1799028679
3031591780
3863837697
185407261
2829477542
3517316772
3466554865
3984111884
448229706
2970254042
779118307
3352207031
733808119
2733829476
2878461931
2653699909
2775361223
395198763
2455471931
346508131
1284504857
3679709111
1743378278
3624342507
1721221309
934777461
3798432563
2189146754
2229174734
221289891
2648224952
3561713912
881176259
610178799
868994375
2003367261
3709123813
1433361229
2109711498
2870751428
1058379008
3339150386
496351507
1106254013
3745245403
3096809333
1257450114
2100833717
2570774594
352777948
1542885558
2282928666
2106782530
2995752879
656742102
3398686294
2992938839
2730436864
4077770493
126420852
1799390063
4219405187
2997134624
925613655
3060004164
2934021746
4068872126
1654203358
605387113
1059755576
3566400204
1151240573
3943693561
3420246323
3420471726
2877983379
513688348
2803748974
2784606498
4006084882
3454228215
2965992861
2371860276
971618471
447065401
1926391830
3659338699
2792947320
3194968880
90320979
2964206280
2958889475
3183598427
2075423985
2822264029
4283780050
3791346901
4034030034
2091290660
1190866383
1487589376
464374996
2351987981
3547923763
2327009957
4079307474
1701888669
2221725004
1023271898
1806687270
1742634995
2139528228
4184672016
2499098886
1691907366
3016462103
946260903
451593535
492531992
4084360929
1249116460
1709821325
3228805676
414063720
822764081
698342622
862357182
40091442
1339632081
1291631902
3568344010
1695218441
2027691364
1255126022
3058950658
2821626540
3753318193
1422863435
213240939
975465879
3879612932
2123020244
2028397027
1174774001
533887394
1508018009
1318404192
2091193913
1209548752
1954273097
522754809
1535754401
319286271
717773176
750349995
3410048722
1122611098
1153734501
2308153502
218264942
2278349074
417824779
4229067502
1774979329
3421603821
4015321889
1920722746
2611280920
1532115198
4293953198
3727045397
110524246
881176796
1281150382
2126687114
1300396117
1353684316
1059483590
2467484163
835968014
3847370791
