1 1206826942
0 1929372933
0 3161001974
0 2942551528
0 1308114743
2 4090606323
0 2587593332
0 2783296791
0 2209710598
0 4165684573
3 2882833219
0 3620484357
0 2526395770
0 1517202619
0 3800196038
4 1601325411
0 1083675425
0 3320603862
0 2439963811
0 610486329
5 12580204
0 3038027504
0 3121845813
0 1213483242
0 2930016625
6 1008150236
0 171207905
0 1073047950
0 1416264042
0 4072724393
7 2552033124
0 1616747533
0 3220717232
0 722207616
0 2190117550
8 3291930158
0 2307872735
0 3097467512
0 4239232143
0 828065483
9 510625594
0 2180283605
0 1604546335
0 2067800691
0 2033803702
10 3799363179
0 3181698998
0 3029959211
0 334955983
0 3065621739
11 517382794
0 3021692061
0 677975348
0 10565777
0 2970964286
12 866410832
0 2093029834
0 1356354757
0 1179233134
0 3239446836
13 3990724712
0 3748381908
0 1973888306
0 1198469277
0 967346453
14 4099546226
0 2418855641
0 2885095672
0 82842506
0 3088414606
15 1490316620
0 2137555700
0 1414478967
0 3745967818
0 550571786
16 985716101
0 2058176792
0 3627295731
0 2836293410
0 1418977451
17 1366165928
0 1360508300
0 3265282801
0 1484099385
0 2397455088
18 3975888225
0 3798841394
0 1924701413
0 110717753
0 2801901477
19 1054881647
0 2904420284
0 2829721042
0 2790739565
0 319659405
20 2159581771
0 224122057
0 1386848965
0 1887666327
0 2965937443
21 68265772
0 1855826408
0 988068060
0 2557680444
0 85390630
22 930616461
0 1137793657
0 396937216
0 2887747973
0 2019795726
23 954231312
0 1813219210
0 1004597600
0 2241172322
0 4066432952
24 4244949720
0 2712820750
0 214446834
0 652321845
0 677220235
25 2637680142
0 3767144829
0 3976704917
0 2928686696
0 1119188277
26 2878392661
0 1304489503
0 3321439475
0 585144717
0 3957575571
27 381683220
0 895107245
0 1229635586
0 1605169147
0 434878870
28 3962136335
0 3403166351
0 3194632961
0 1666801644
0 1672562315
29 1791898990
0 1617936564
0 1781301480
0 588243802
0 3853423215
30 802205252
0 1121828775
0 2396262610
0 1487533911
0 483293271
31 578065074
0 1564435898
0 1114289770
0 879382944
0 1246521932
32 3037485283
0 137817931
0 3676878181
0 3642988874
0 3077052175
33 566313964
0 1980411072
0 3247844826
0 160733693
0 3313087208
34 439399968
0 2339956820
0 600624531
0 3418723292
0 1462693908
35 646054533
0 1959313038
0 3110505857
0 3831894235
0 3384237186
36 722653305
0 3922244219
0 1706733415
0 1366076605
0 2000892625
37 3330788147
0 2585357373
0 1339038448
0 3139319076
0 4103223731
38 3616216241
0 3680949961
0 4172857740
0 3906924594
0 4021693063
39 348708852
0 3758222387
0 2312386557
0 576980647
0 4204383588
40 1635073887
0 1112556412
0 1878501739
0 963542736
0 2935079432
41 3031219287
0 3458841954
0 3040989012
0 4228990931
0 2574867406
42 1062953221
0 2313304581
0 2510241673
0 65710156
0 674632849
43 353281260
0 3152228113
0 2934073573
0 1937598375
0 2344293124
44 2261852725
0 2784500317
0 2695622405
0 3094313615
0 2102198824
45 1034957361
0 95192485
0 3767709886
0 1737348156
0 4053457336
46 2057538918
0 2985488451
0 3795836190
0 455625062
0 411638371
47 4249493951
0 2734718488
0 4171390218
0 227997541
0 3259451369
48 758365482
0 2303051730
0 1885992386
0 52692393
0 324805702
49 3404691602
0 273601303
0 3240231936
0 3869409763
0 3009378344
50 1138443589
0 4154693255
0 2617731065
0 1676228622
0 580761107
51 2431009455
0 620836257
0 3217721171
0 1058150042
0 2011114361
52 2867186836
0 2590041804
0 3991133118
0 112930311
0 303840411
53 2822092031
0 615445675
0 2697804018
0 2955230825
0 3856217808
54 2368582773
0 4005515380
0 573652206
0 3752633184
0 2484207719
55 3811081316
0 255248435
0 3471315167
0 3598731508
0 2839912463
56 1234855680
0 1523928124
0 1938253218
0 744448109
0 349515585
57 3035492429
0 3460019176
0 2428173301
0 350844459
0 225765855
58 768964337
0 572842985
0 1834730570
0 3264764163
0 2963053448
59 3008616951
0 4113896275
0 1645101912
0 1431898110
0 2025455633
60 1217967103
0 4043489997
0 3844298057
0 1686841140
0 3891984111
61 892151393
0 1385162405
0 4027089454
0 3792559609
0 606958249
62 3428656152
0 2640672928
0 1673255904
0 2693845895
0 1688668296
63 1634296668
0 293760849
0 663705188
0 2329526686
0 2469918710
64 1818440668
0 176820687
0 3026324644
0 1330191687
0 1350100848
65 1385847516
0 3101787131
0 3613961244
0 4225507664
0 2659549372
66 2991541761
0 2994594941
0 2505500285
0 2881373742
0 885552739
67 2432541594
0 3383567697
0 3612854025
0 2689656216
0 3459711953
68 1431253659
0 204873034
0 2300721436
0 3437368008
0 3438943805
69 3592603706
0 1149016798
0 1792569815
0 1802575010
0 1145289350
70 2379342078
0 3194615827
0 1556950933
0 1643908602
0 1771809819
71 3850013406
0 2190834821
0 3314012859
0 3223039625
0 422755835
72 1424514461
0 3793310317
0 538351399
0 1081133573
0 3564276691
73 2988149008
0 3591124910
0 790448159
0 4201670940
0 2579600867
74 2364076622
0 2328291482
0 1465350834
0 1269743405
0 739708808
75 2088658320
0 2423555454
0 158901381
0 2708716794
0 1481934158
76 2617275287
0 3349366545
0 3192331341
0 803082338
0 1291195204
77 3736529605
0 4123036931
0 3454814794
0 3198131618
0 402422226
78 1766290243
0 848267214
0 1629719416
0 1745641308
0 1184452061
79 2485444416
0 332362158
0 735069947
0 2792667700
0 272267508
80 3606399006
0 1060199825
0 4220665487
0 2020920364
0 1481613773
81 1679723956
0 82475039
0 4188544765
0 270758719
0 881446709
82 3080608404
0 2137353346
0 154244242
0 1277388788
0 2752835324
83 673254657
0 774949827
0 3492113299
0 912364572
0 3861450203
84 1146495540
0 981849733
0 3123841286
0 4143450798
0 2197637112
85 462104907
0 3656409095
0 1046570650
0 1754572853
0 1050634211
86 1677324288
0 1139468687
0 3868572176
0 4241409765
0 894009022
87 3704227950
0 985988564
0 1854644706
0 902845186
0 2077037436
88 3374668706
0 4230592633
0 816580879
0 2297386579
0 1723514354
89 1988377269
0 2984197959
0 1368673919
0 113687065
0 1886350639
90 830215978
0 2047247966
0 3840197954
0 37788482
0 3543221883
91 3744626829
0 4265979773
0 1395688048
0 765171046
0 4050605405
92 4123071391
0 69207169
0 3218461528
0 3471882657
0 3898165392
93 514869797
0 2348281724
0 1173481615
0 41877021
0 3981625406
94 2420273359
0 3374934751
0 1294969075
0 312357450
0 317526925
95 4150281566
0 2258347903
0 3228980540
0 2189260754
0 4285820574
96 3385895897
0 1085757440
0 3349398201
0 3462593433
0 3202725268
97 478896184
0 3553978583
0 2845896618
0 691374323
0 2332192904
98 3160641421
0 1012329836
0 1704734635
0 981988807
0 1017300578
99 2905146872
0 1164765542
0 1328712325
0 3230745704
0 1840996355
100 1682045756
0 155259546
0 3336936738
0 4252714395
0 1464359777
101 961714401
0 2970899451
0 2409257103
0 110161517
0 2883744994
102 3914621936
0 2351137043
0 3769620674
0 2409206288
0 80087613
103 1020110297
0 369462649
0 439913709
0 2805324887
0 3519826346
104 2872233115
0 210655550
0 4265046335
0 3190348744
0 1973246602
105 1038680150
0 2834928695
0 825248937
0 3359479745
0 449379035
106 2350211420
0 1107304962
0 633728963
0 484478627
0 122927054
107 3863256694
0 2598044335
0 2511914444
0 2728030883
0 386145591
108 1020304770
0 3929001208
0 3321560498
0 1555535605
0 1893470992
109 958087347
0 245358532
0 1110951746
0 3937313014
0 1668240440
110 3933227373
0 3339550148
0 109269938
0 1481516768
0 1718347088
111 3285309413
0 2807190141
0 2453212840
0 4182553827
0 2652178610
112 3241339226
0 1150934204
0 1503889790
0 3597517276
0 3213443017
113 2003004003
0 3638634243
0 2882259205
0 2398982171
0 255648634
114 4184708532
0 1089290805
0 3804888725
0 3119986137
0 2355183282
115 1818141039
0 1652985854
0 4078550210
0 2395398886
0 1159005162
116 2476250390
0 49387276
0 676265845
0 539364532
0 1312626059
117 3805696125
0 1989962052
0 3972155569
0 850701976
0 3967259142
118 1244683671
0 3373414225
0 1713824176
0 3291624607
0 917099911
119 3625549034
0 4025654911
0 1107519845
0 1028378913
0 4151910578
120 2088262848
0 675024937
0 761161079
0 2734688352
0 873162106
121 332037244
0 1029696044
0 2725746938
0 3564760069
0 3256360955
122 2076350783
0 2644094089
0 497860970
0 1054433226
0 897782372
123 1186038894
0 1325817138
0 2122614927
0 1730844726
0 2892748999
124 3723858499
0 16339178
0 2564562394
0 1226692508
0 2523570720
125 714748806
0 1678961863
0 1942585587
0 3753331951
0 589873823
126 1347377004
0 3716457076
0 2680633864
0 2075057066
0 3730808996
127 971011063
0 444542608
0 3776496565
0 2834000386
0 3546481971
128 1788963914
0 942410850
0 283823422
0 1719181424
0 2482294401
129 1234578001
0 3980657010
0 2026303751
0 2771167060
0 3303096372
130 3172489718
0 3601844788
0 2227007811
0 2921554589
0 1914371483
131 906895984
0 935302630
0 3857588901
0 1355039008
0 283849416
132 3917941001
0 6529679
0 3587910389
0 4294565574
0 692627649
133 2367725515
0 298054094
0 553816387
0 45309341
0 555340916
134 3496899702
0 1809450301
0 980133893
0 1664328725
0 3716190425
135 1707520521
0 4166954073
0 510207
0 1007940061
0 3471635697
136 1116719644
0 2496648697
0 3640346842
0 162276055
0 1026801811
137 2674819726
0 3221111873
0 2621608912
0 3612378923
0 377790231
138 2592498753
0 1140637141
0 3520805652
0 2758602327
0 3861383873
139 3960506728
0 298379584
0 1499376067
0 3228031213
0 4218888577
140 3291316412
0 3328255680
0 1751099838
0 2951777980
0 906583286
141 3194611552
0 3761958959
0 3145106603
0 625226255
0 127559346
142 2159112503
0 2226375352
0 379458682
0 955364146
0 4164121936
143 1203550218
0 1380291162
0 1333517402
0 2457577484
0 2313856205
144 3169080094
0 1410123090
0 602114874
0 2218297698
0 3461071209
145 280938319
0 144432927
0 676724008
0 1947014182
0 4132138804
146 4050142200
0 2672199731
0 734931333
0 3956410243
0 3702186469
147 18708417
0 3254420861
0 2537940686
0 1306413843
0 3763763189
148 511337590
0 2730879951
0 3851136170
0 633122645
0 479676341
149 62070935
0 2892255129
0 32214805
0 1254608230
0 2547156435
150 3108521719
0 1113484446
0 890088170
0 678925043
0 1211981332
151 3143498733
0 1222517354
0 3533741633
0 3811639717
0 4142512906
152 3522503910
0 567748130
0 3917932781
0 1654454535
0 968602781
153 2887967476
0 849858893
0 1986359478
0 3450741355
0 4243508224
154 3381319562
0 1897360852
0 780199708
0 3876435156
0 1557241263
155 1880431007
0 722410737
0 297244518
0 1232640399
0 2093597180
156 2030963103
0 122350776
0 3304208764
0 2884936596
0 771547163
157 3246062173
0 3318705926
0 1321095798
0 821159742
0 2472344986
158 2837861013
0 4226278508
0 1214448648
0 1898793365
0 2533787163
159 3760304708
0 3695739508
0 3768596011
0 689757258
0 780614716
160 815420743
0 3627521745
0 2195919634
0 3593619217
0 989253514
161 491211700
0 147987792
0 1213698685
0 4047675371
0 529532989
162 1618522735
0 448773837
0 1680217876
0 1738473435
0 550554182
163 592132759
0 3665273841
0 1748106569
0 1889490949
0 1237658984
164 1113979824
0 1171007977
0 3017372275
0 1115938967
0 3842010894
165 4188636891
0 4212882340
0 4270370996
0 2551911077
0 3398649664
166 960715918
0 1931380462
0 3658201962
0 1530122996
0 3957542433
167 807985574
0 210891111
0 1259224875
0 4269645545
0 3303113185
168 3893773037
0 1198257990
0 3417022570
0 3789744246
0 1145377614
169 314595008
0 2585512736
0 756224969
0 4130600241
0 2599107455
170 807363766
0 3508457824
0 2376435584
0 845349348
0 660882800
171 2227819399
0 1377568651
0 420038520
0 2066175439
0 2200077755
172 986454397
0 2422540149
0 3489004139
0 1255313639
0 1160230252
173 83848770
0 3928881180
0 2391092914
0 4114892061
0 1718967433
174 2848735167
0 3306239891
0 570085100
0 154262874
0 3572022952
175 422928246
0 3762864692
0 2631028321
0 1239592604
0 3279731842
176 1589826705
0 27553025
0 433024957
0 3040747974
0 2923753694
177 1432306972
0 2706777135
0 3726801701
0 3600415966
0 3808579994
178 769178017
0 2780404545
0 702833455
0 3465358965
0 3882013530
179 4026170778
0 2537896319
0 887645077
0 83515820
0 2747444558
180 830954747
0 4191407084
0 2185057096
0 219883365
0 2298547769
181 3883003519
0 3693864084
0 990320971
0 2027384101
0 1370310901
182 4283465436
0 2078384317
0 3665279408
0 3709523696
0 286078650
183 415045348
0 3539976308
0 1612259287
0 1068191217
0 1761036710
184 105551783
0 4022726678
0 103346310
0 1612698651
0 4149247261
185 2056016058
0 4272796530
0 2298380190
0 2599573365
0 3946392474
186 651017648
0 4060841461
0 169147047
0 2211605948
0 2867765727
187 3167126754
0 3396296930
0 450517912
0 4160642499
0 2020306946
188 2310127212
0 1015190081
0 2596507540
0 3250304080
0 2241703436
189 4157915474
0 560538774
0 4034632257
0 1129517945
0 2159837957
190 1487387314
0 2493871833
0 3826516138
0 2111749724
0 1469456392
191 392249666
0 1136176396
0 3013247087
0 2870768461
0 2799498501
192 365747543
0 805103285
0 1015345701
0 3552892701
0 161017565
193 4173931575
0 4202678407
0 2977286711
0 228648321
0 3386624993
194 1264716055
0 3454210414
0 3385348499
0 4120772621
0 2877711349
195 2113371252
0 1943645989
0 2232068386
0 528638689
0 3251487636
196 3074179731
0 3824974667
0 3879894395
0 1715758089
0 2581740654
197 449468694
0 1697377557
0 632505042
0 2385682276
0 559324329
198 1942544756
0 2813774518
0 3087030619
0 3979246055
0 4212337545
199 582004301
0 2538116039
0 1889233145
0 2181541133
0 1932332281
200 2195829997
0 600410149
0 1003098085
0 3567469266
0 3317842910
201 3519596329
0 1333575920
0 2247762818
0 3750008736
0 1897381785
202 3014664497
0 723538664
0 2545663290
0 1158395749
0 1068801137
203 1930409121
0 3624190970
0 3720149901
0 3896881262
0 756905900
204 1157876887
0 1385119512
0 871433770
0 2397616990
0 2829617414
205 3286445877
0 2177675468
0 2078290206
0 3581251310
0 4026018869
206 1432942848
0 1947291100
0 3586905462
0 4059274050
0 2596190023
207 1323118006
0 3155906525
0 3335518147
0 507247643
0 2955658180
208 3064286629
0 385822888
0 3715406977
0 114616614
0 3404658870
209 2555301960
0 3066831881
0 3123092189
0 68749263
0 3084428528
210 1124965482
0 592072909
0 1775299052
0 3861900427
0 1895857467
211 1797483190
0 3685045506
0 1732646207
0 1345499937
0 1219040132
212 2087274141
0 1124445304
0 95839113
0 3529719936
0 1958524891
213 4251866118
0 363572682
0 1641391510
0 3672722878
0 2845299310
214 989270420
0 1320360253
0 2803522682
0 477286098
0 3058565183
215 4237777815
0 771986181
0 1115481433
0 29718526
0 3390613094
216 873573053
0 3582274774
0 1190122514
0 1694235649
0 1619514246
217 3631400816
0 1700798933
0 2996119934
0 4276335237
0 2474771658
218 2317238028
0 972191699
0 2825916544
0 607662656
0 4171604551
219 750536696
0 2520674677
0 1742456014
0 2343725030
0 5974551
220 3533610395
0 3649580079
0 1212123423
0 741752767
0 1142314726
221 3427771927
0 353344429
0 2306549578
0 1635024085
0 644020119
222 328354515
0 3231395366
0 4080840206
0 3044622585
0 3496246498
223 2575620783
0 3958548040
0 1184218261
0 2840684691
0 879356471
224 41153310
0 2901620644
0 1974772540
0 3159026734
0 1418960188
225 3560764590
0 3842650499
0 3214210641
0 1435494512
0 2596283680
226 3024185363
0 3740618511
0 1505845478
0 1326148615
0 957793170
227 737982627
0 4277212926
0 583168184
0 3723110311
0 2305861609
228 3022954237
0 2279064143
0 3407195402
0 4243535623
0 3878056224
229 3732604954
0 3945971458
0 2310268190
0 3160814667
0 2283751439
230 1002174095
0 3662142988
0 1806604922
0 2362681733
0 3015837817
231 1707061068
0 4144476286
0 3291601151
0 2643161169
0 3040630031
232 1775381836
0 2338810586
0 1740221261
0 2297129721
0 1781015490
233 3779651449
0 182051064
0 2124768705
0 2038184868
0 2355803550
234 2238100338
0 1762169808
0 3651919445
0 2417084162
0 1337164145
235 77914939
0 264011091
0 3939466236
0 332168160
0 2175333410
236 448316486
0 266332357
0 562506927
0 660411066
0 177160345
237 2652709932
0 1278999927
0 1828006887
0 1122173278
0 3233570881
238 35935265
0 1231428635
0 1984683533
0 1572517170
0 3293525819
239 3538129195
0 412568231
0 4028829884
0 4284005017
0 1973072775
240 2780274582
0 4103839094
0 138333914
0 2182246037
0 2663759384
241 3452088463
0 3251564215
0 2141409621
0 1770580147
0 3796962863
242 313427119
0 1457878531
0 1697271039
0 2151902369
0 1864843055
243 872243782
0 3489576579
0 2268873619
0 1734464307
0 748699599
244 3171338797
0 3357640504
0 1266586460
0 3545359390
0 827474819
245 103833142
0 542762717
0 1585474073
0 1044822673
0 3201806013
246 196863126
0 35250041
0 1744942566
0 1046378612
0 2798575791
247 1122107388
0 3876408524
0 2918253368
0 813610574
0 1092037543
248 2657282223
0 2956147853
0 1871212573
0 3638861866
0 3983344360
249 1177836282
0 22321008
0 1033535115
0 170622709
0 2012665610
250 1700761126
0 659818802
0 3212156765
0 944945731
0 2577588462
251 2331336895
0 2701428433
0 394952746
0 1318361388
0 2088642330
252 1609241660
0 3314831385
0 1055544648
0 1838293585
0 1764103086
253 3549042048
0 2677652494
0 3204556412
0 1035728819
0 2495260488
254 758148457
0 2219181296
0 3544818245
0 3155413415
0 1659213109
255 4014998499
0 3357839313
0 1338642919
0 2492188535
0 4096700410
256 2022539241
0 842465984
0 1560245835
0 1638774053
0 234860334
257 609221220
0 3950837605
0 3136700922
0 3514867664
0 482937386
258 2885032256
0 4151773669
0 3581219071
0 790869662
0 2359397422
259 432540296
0 3690883565
0 4052543333
0 4131963503
0 2704583799
260 2751325882
0 2638617012
0 1754868127
0 2023162930
0 342643317
261 1109928162
0 97341828
0 2449657704
0 2801244220
0 3361238920
262 1374904640
0 3752209421
0 3065724289
0 2160929162
0 4267229999
263 3478293900
0 1969288779
0 3293178778
0 3665391252
0 283152691
264 3940133935
0 3778706039
0 1598552487
0 2098319096
0 2747928009
265 2047308023
0 1963010033
0 3409332141
0 2786040582
0 3065595731
266 3975175477
0 661280112
0 1148440280
0 2009949660
0 2072113426
267 1602549403
0 982747311
0 2120155181
0 1590823606
0 2834991488
268 2877740643
0 3731470213
0 864708325
0 2103971653
0 2705131628
269 783926622
0 4200958587
0 729571394
0 565102318
0 813414918
270 4091985240
0 3041556343
0 892752158
0 447298934
0 342643768
271 2342295738
0 757916179
0 2858056985
0 2645098634
0 3852421105
272 2518820705
0 231360581
0 2283228701
0 3423759539
0 102958949
273 3597850378
0 1542345087
0 116774288
0 1924217305
0 2341976866
274 715732543
0 3857228949
0 3699426919
0 2120930236
0 189213806
275 564633606
0 1000388455
0 2910058999
0 3798724240
0 2076710845
276 1287381594
0 925455915
0 3499225816
0 940011849
0 362692611
277 2366669428
0 2419147138
0 625694963
0 3731251148
0 2628361335
278 750567764
0 3838797931
0 3117393541
0 3408889318
0 1946180343
279 724260992
0 2355501132
0 1494566882
0 3290159779
0 1142342716
280 513290875
0 1926313628
0 3962916284
0 1958603190
0 569465764
281 3901800475
0 2584593296
0 838887057
0 1641491293
0 3150821131
282 919317563
0 1363983913
0 1739753148
0 956158969
0 1796870930
283 2125656101
0 1292072723
0 3461456323
0 1575466492
0 3131801345
284 3026042628
0 2739506111
0 1236745865
0 50332043
0 1688368867
285 4253093589
0 1136945078
0 3708816527
0 3247411731
0 156373325
286 944611878
0 1339119356
0 4022973541
0 3160118087
0 359861937
287 1998282706
0 3047636804
0 1305707002
0 1870295685
0 2102074465
288 3533590688
0 4158144354
0 3338416790
0 3513716169
0 1483097799
289 2248957519
0 562243780
0 388099471
0 418201347
0 2348290150
290 1408116707
0 1185078493
0 3393886740
0 2906817127
0 1996383067
291 3421250315
0 4192071864
0 52602786
0 1592522200
0 1447738160
292 527002002
0 4130860769
0 1447999656
0 3053211752
0 3283201348
293 3889564700
0 1193662382
0 388466200
0 729109584
0 2084957918
294 61163324
0 1701522353
0 1891596917
0 4117699010
0 2510962391
295 2805442317
0 2668231530
0 2278044786
0 2695154628
0 453907096
296 469591169
0 3819368417
0 1812939489
0 1018781318
0 88814205
297 884576247
0 1632154562
0 792403494
0 3144069746
0 3535898014
298 2996549635
0 1049459487
0 1100595236
0 886078397
0 3829158903
299 3849341534
0 169826928
0 1797147480
0 2917287961
0 3115689333
300 2106697817
0 1135955048
0 2406336145
0 3486910911
0 319688584
301 4161904446
0 1222950625
0 305029615
0 1164960946
0 152256952
302 2581087681
0 414657121
0 3567571788
0 323104541
0 287029272
303 4041061022
0 2356819636
0 3404219078
0 3468275961
0 2111144684
304 2835350223
0 3871240276
0 3995968718
0 2503552176
0 3925461191
305 2668891612
0 4286507902
0 3170230240
0 1433074314
0 4063639092
306 997147904
0 2390383587
0 3331043792
0 1641523172
0 618161419
307 4104651113
0 223600240
0 2027598202
0 1185424956
0 2178090556
308 430932698
0 3709083710
0 1184593858
0 322529196
0 340427275
309 3213400766
0 67066178
0 3032495033
0 3792451070
0 2650970589
310 2685305192
0 3985407959
0 3935699857
0 1038410228
0 3891110702
311 3855611395
0 1389370678
0 912633472
0 2411390616
0 1215058892
312 4013009598
0 601579890
0 2223103033
0 1519684012
0 2296258114
313 2753056969
0 2062950816
0 774385132
0 2583120650
0 600732825
314 2163854169
0 2376367312
0 3573617066
0 2602753899
0 3648705917
315 3511972964
0 1266571863
0 3224998566
0 298733809
0 3242394612
316 3337209290
0 1774384362
0 3425181140
0 44693987
0 2994482557
317 1056058404
0 1815358238
0 2008107558
0 2560595018
0 521107374
318 1195484118
0 336708262
0 3988459549
0 1918133521
0 1595755710
319 860563766
0 1946763330
0 2210159684
0 2992681073
0 2070447228
320 162458050
0 1422057598
0 2992293097
0 1006172441
0 2880135010
321 2618948588
0 2573547175
0 3393953031
0 403440834
0 1649275519
322 2264213060
0 1708618995
0 1897481313
0 4137812212
0 355498020
323 1134934217
0 2888817238
0 3175828700
0 1264064014
0 461146844
324 164433682
0 1795629435
0 849559476
0 231652848
0 87540236
325 1363009289
0 719409288
0 3787736021
0 2247313397
0 1317449658
326 1964117205
0 1922065078
0 1256684430
0 3367301107
0 164237822
327 17955289
0 2308875326
0 3168508072
0 1272320048
0 2149818793
328 352902581
0 2692008960
0 1678903139
0 2998129630
0 2997367842
329 1933284391
0 3873459750
0 3626655998
0 2653643724
0 729855726
330 3057215266
0 1113689827
0 1766907001
0 188388127
0 775968397
331 2001034816
0 660377369
0 850601253
0 1168118119
0 4210476781
332 813495678
0 3308974134
0 1751960195
0 2930527211
0 2012384922
333 3257025817
0 4049189658
0 2021559969
0 4033994700
0 4232192674
334 2143550169
0 2595030661
0 552759957
0 2846919809
0 2515177737
335 181281406
0 805812381
0 265238219
0 2382686975
0 836786481
336 323981921
0 3822061893
0 2990280817
0 1177354856
0 3241931544
337 3803428944
0 2909271493
0 802497814
0 3205110802
0 3956005618
338 3527046092
0 1784644249
0 2817728116
0 196724621
0 3816275267
339 3289370836
0 1059118713
0 3604625968
0 1789744095
0 1529725017
340 3530892252
0 4127768402
0 1608653356
0 2319103157
0 4285888051
341 1895154641
0 2072102699
0 2965094252
0 2083780596
0 305479534
342 211965802
0 3585353773
0 3033553546
0 2504431471
0 3480100599
343 665006119
0 87135694
0 3356295852
0 3844810057
0 4198361593
344 2307939710
0 1901625785
0 980324309
0 1978029585
0 3463653257
345 4205857387
0 2567140714
0 1510050235
0 4163227055
0 2561392079
346 362450285
0 3597781928
0 392417607
0 2882173223
0 2833810824
347 869855391
0 1462319834
0 1475765853
0 2385957246
0 1338206746
348 2514168818
0 2906519583
0 3739072376
0 1038317842
0 3252673100
349 1624304505
0 465611388
0 2051446732
0 2209372372
0 1055872750
350 4046083553
0 3985111846
0 1039092832
0 2235965758
0 625849575
351 2597596235
0 935966627
0 1438708519
0 1138858330
0 2920152324
352 3404337598
0 406747733
0 4052349084
0 1452651310
0 1507696446
353 507825743
0 2419920922
0 2561971898
0 3141059953
0 2854558552
354 13789138
0 4036143036
0 711720991
0 3278005091
0 3073446589
355 2636743195
0 3911896747
0 41368442
0 1938494233
0 1919152555
356 2116034911
0 2443178329
0 3500731980
0 1744660536
0 2057169936
357 558397141
0 1237736602
0 1324267986
0 179216692
0 4228970526
358 3811504529
0 674648458
0 886092201
0 749460123
0 2245814410
359 3544954303
0 4152272722
0 1607618237
0 849581521
0 453271383
360 70258035
0 846265491
0 2973067947
0 91078171
0 4025158473
361 2390839212
0 1265409029
0 193118041
0 1328283152
0 1832694558
362 1977978470
0 2558986300
0 3141750349
0 2680715731
0 316001814
363 340257976
0 1351556287
0 3854999284
0 3844959575
0 2354251096
364 2023175567
0 143580034
0 3752012706
0 2154798957
0 2785097233
365 3432695263
0 2727928383
0 3893056771
0 3950052897
0 797226054
366 570521386
0 2147559756
0 3851772485
0 424211654
0 2257873970
367 4251531358
0 2211492652
0 1395850856
0 3836014242
0 3827565437
368 1569085208
0 1560564143
0 1638559715
0 1488581374
0 3676723980
369 838077880
0 3195316977
0 1320985279
0 74227166
0 859887460
370 1571828388
0 1858126534
0 3573062516
0 3252907171
0 2869329664
371 3923880947
0 3890899211
0 1981598143
0 1452225557
0 1816006624
372 2652185584
0 1004484766
0 1746461070
0 1935192463
0 3448957804
373 3158816561
0 1017398559
0 941113569
0 1581713913
0 472214585
374 3881793141
0 1273494886
0 3831683931
0 2353956854
0 2677978063
375 2183352030
0 3662293619
0 3484644591
0 2514433221
0 4017496698
376 3958017480
0 2449013655
0 1837050598
0 3819917829
0 1177953430
377 3576538496
0 523006069
0 2476026752
0 452650897
0 1837836848
378 3725271742
0 3206448314
0 791230550
0 3658412437
0 1136249975
379 1739493572
0 4221253172
0 84802314
0 3188158137
0 2087986783
380 2448962310
0 4256924285
0 3945748838
0 2566647717
0 1901423642
381 2635604142
0 881446196
0 2766943049
0 667404160
0 2401461720
382 4228523155
0 1724279779
0 3523014349
0 2133452845
0 1237716303
383 4272790572
0 204403048
0 2687770054
0 678563173
0 3036048790
384 2776792841
0 1876501260
0 1685562695
0 3276727180
0 3933927398
385 1242560370
0 2195568535
0 2276182326
0 2234345212
0 4161121855
386 1899609174
0 3763066829
0 837597721
0 1084078947
0 138512985
387 1742227771
0 1281116831
0 3500974016
0 3362485760
0 1001161557
388 1532951254
0 1708336054
0 1276185252
0 1123629024
0 16456337
389 850940214
0 846790961
0 2292998266
0 2100281624
0 1303290262
390 408597049
0 4076736716
0 1085407841
0 1005773274
0 2764883394
391 418802300
0 3666999971
0 2547786969
0 234643020
0 425814465
392 2692202081
0 3573663818
0 404219273
0 1136735573
0 1651282815
393 4023155249
0 901842007
0 1607242174
0 327090269
0 1583886491
394 8757540
0 3602249393
0 291944707
0 1378441480
0 1707132107
395 2616460237
0 3175811382
0 2635676922
0 2194032881
0 58584096
396 1295080398
0 3746381695
0 3738130643
0 798482780
0 1593995248
397 3545155573
0 3283755171
0 3698987025
0 1648235637
0 1951536705
398 2800789350
0 186652709
0 1638020691
0 3953027136
0 1476660723
399 3739814971
0 3999958088
0 4212432212
0 1013628891
0 3039128496
400 2431135501
0 1593116338
0 1975478631
0 2112186567
0 11889805
401 2561120900
0 462761534
0 1128798216
0 2953782136
0 2024631414
402 3884863446
0 1157972981
0 2425525308
0 2540472856
0 1449316453
403 1971365437
0 3346500191
0 1874681905
0 1375319231
0 2784116506
404 3606058964
0 2439588010
0 887005504
0 1684601671
0 10799618
405 3968017243
0 1177349178
0 2113856555
0 1245850859
0 2100562222
406 4044455905
0 1064047552
0 2172855829
0 2769014021
0 1536878520
407 505828285
0 1953113874
0 4026851585
0 3368507937
0 2287199454
408 2963555135
0 739914689
0 1417300082
0 3844149109
0 2355899146
409 2624415582
0 3166467941
0 3074657049
0 2817993366
0 1118934001
410 4097720508
0 327027252
0 1904815656
0 2663580450
0 4023413154
411 3977100769
0 2959679987
0 2328813609
0 875906601
0 194722075
412 780717911
0 3207750658
0 2285008674
0 626380841
0 4259687466
413 3298602205
0 1740567196
0 4252686981
0 4193485678
0 2081264603
414 3544411749
0 1772526017
0 3501558828
0 4228101469
0 479629742
415 2259639512
0 3589947150
0 3928811595
0 1149355438
0 4043964067
416 4176139767
0 1771156530
0 4227693713
0 1318006573
0 534653420
417 107840598
0 1317106206
0 2799212621
0 345055355
0 2697172039
418 105765903
0 29998555
0 2797760871
0 1598151443
0 2381917611
419 408392224
0 3436908579
0 3504216882
0 795878561
0 955032772
420 3734736002
0 1017244963
0 3634295551
0 1250543411
0 3203857011
421 2227840665
0 610078801
0 918870148
0 4234379559
0 3749877691
422 3330203322
0 3353968135
0 4050995162
0 3474864585
0 421840669
423 1373055572
0 1670499975
0 2846421854
0 2391248220
0 138510663
424 1908141133
0 2757472233
0 1246067239
0 1896552480
0 678545234
425 1711865881
0 3279969075
0 3114298102
0 1119511606
0 3802271394
426 3662111063
0 3988793804
0 3136458657
0 466492623
0 3346434673
427 164590583
0 2990589543
0 3671917776
0 783357978
0 577159036
428 715418284
0 3001195635
0 1298636502
0 286309146
0 3719129636
429 2908079949
0 935687872
0 49999632
0 269121635
0 460595360
430 1583709845
0 2681434952
0 964351058
0 3127096251
0 1733418172
431 2162495554
0 915630776
0 827709147
0 172649681
0 2029423462
432 3249368400
0 3056560770
0 3776668587
0 3203996660
0 3243156714
433 211933043
0 1143887492
0 2032216932
0 1826819275
0 1366443983
434 451782485
0 3716231624
0 311565540
0 1681324505
0 1986531530
435 329977727
0 1496052498
0 2576668375
0 959415310
0 1432726004
436 2987421750
0 1489779771
0 2835325442
0 1937903196
0 2019613084
437 1439153896
0 1232846849
0 938331939
0 763602925
0 4110344569
438 2411662525
0 26217636
0 4154644350
0 1474452058
0 2850345204
439 2456226048
0 391664341
0 361096811
0 3927193077
0 4130576706
440 691102108
0 557474164
0 2452250117
0 265399200
0 1075359256
441 312440482
0 1124301729
0 3699725765
0 1733962889
0 3089514137
442 1404623923
0 3171368277
0 4259975064
0 3006761024
0 2933828180
443 3490909222
0 2801671031
0 634521614
0 521497591
0 4165695046
444 2509863287
0 1070265156
0 1102596654
0 2258954592
0 2378682068
445 2361838116
0 3200269822
0 895642931
0 3583174008
0 2833001868
446 3083437979
0 1803654031
0 3483515044
0 3266509797
0 3725150360
447 1137012002
0 3371544651
0 539518116
0 1560366761
0 885046298
448 473120032
0 2624633574
0 3153167133
0 3708966359
0 1173796017
449 1018363673
0 1791290213
0 1938167180
0 1591256371
0 1781750163
450 80870006
0 780881056
0 123730115
0 1829111998
0 549891494
451 3361539564
0 2921157565
0 1689181802
0 24024447
0 3311698380
452 1058678622
0 2070523147
0 3245787081
0 3027843184
0 1370678689
453 743276499
0 334988877
0 1872522488
0 1665817482
0 2471840802
454 2056755957
0 2664779194
0 1562593674
0 1386902675
0 3927904498
455 1638433593
0 3394945233
0 1334979891
0 1649008376
0 3219038270
456 2115229730
0 4199501215
0 3899871610
0 972474112
0 3347990278
457 474523209
0 1255336469
0 340438554
0 2949934482
0 1713214240
458 399667391
0 1376342994
0 969384471
0 158167940
0 2633757927
459 2828213269
0 3075006773
0 4141754042
0 872996229
0 1322955632
460 117830946
0 4089116234
0 1411586223
0 855131671
0 3330071550
461 2465315230
0 778883095
0 1315599388
0 839716054
0 473058169
462 3995873371
0 2968472594
0 3612248330
0 1881499858
0 4229411735
463 1936429585
0 2378551206
0 2769225163
0 1184003958
0 567300234
464 1953522038
0 4258072292
0 574940750
0 3925102750
0 1907771896
465 2275228626
0 2360923504
0 478821966
0 1146658809
0 1140529850
466 493122986
0 1895441017
0 2408235442
0 3195181709
0 80853328
467 2628728108
0 2680170785
0 3676090681
0 3970096849
0 3678479179
468 2559261744
0 2347094154
0 1265269525
0 2038336483
0 703033897
469 2556136973
0 3792005613
0 2673808339
0 2709038599
0 1464381414
470 709801567
0 2781589874
0 2798232611
0 3401650844
0 2216927465
471 3604540959
0 3816155829
0 4055697159
0 3333670131
0 966482751
472 1485769117
0 395690202
0 2435965302
0 2262508723
0 3205970947
473 157987991
0 3477253793
0 1785170149
0 2450538667
0 4132019158
474 3765716133
0 2458799932
0 3029947075
0 938936544
0 3182042293
475 3115087359
0 1842184748
0 50084889
0 2838413371
0 2543668975
476 1605487463
0 3416054764
0 1187335686
0 1358191530
0 259093467
477 1533871847
0 1133575010
0 3280489641
0 3038981904
0 357091143
478 1340506183
0 2810729576
0 2018231192
0 123385128
0 80136400
479 1352403978
0 486436791
0 3469970732
0 3895700598
0 27875819
480 3077642842
0 1303780801
0 2968880306
0 728690627
0 1448669618
481 678397533
0 4289276444
0 2929232782
0 2798731094
0 2972720227
482 1100402953
0 4270663432
0 3055704831
0 2259542258
0 2218849976
483 3419532723
0 371434783
0 1432188029
0 1899117343
0 699343914
484 3862410171
0 2144859938
0 3555276314
0 3624361972
0 2568586961
485 111286847
0 2833532681
0 1803004360
0 3020688923
0 3958042768
486 2624332497
0 711642718
0 4046003476
0 2271086112
0 2925699137
487 1172132914
0 2823501091
0 717574456
0 4264417986
0 1495137254
488 1422550189
0 423507760
0 1864988731
0 3131264790
0 1364012000
489 2767789802
0 1969008287
0 1668028622
0 1211390476
0 1803044283
490 100231931
0 2260402077
0 4092305165
0 2654924523
0 524191087
491 3688406102
0 1045959651
0 3243674683
0 3824470789
0 345918527
492 1805508029
0 4097943028
0 565375752
0 3566636235
0 1729486440
493 3813287703
0 3061752320
0 2639142838
0 1703041866
0 2337272149
494 3751741311
0 3136887145
0 2635110516
0 3660320084
0 2615215800
495 1092622731
0 681092928
0 1842181454
0 1410525991
0 1040609687
496 2981921459
0 247321297
0 159107609
0 2554546974
0 594773483
497 308850399
0 1864425829
0 3568058475
0 3681691302
0 905026367
498 2940413076
0 1960989607
0 3928483808
0 1462846720
0 4118391546
499 3016335624
0 1649967472
0 2785921780
0 1585657161
0 4006363479
500 3499727819
0 2491631691
0 4068085699
0 59165399
0 2270319716
501 809505457
0 2045740441
0 451352717
0 1371430020
0 2630527190
502 3779801788
0 2408090617
0 2788083602
0 682287099
0 1986870236
503 989345254
0 722309380
0 3003890709
0 2522292706
0 3378459264
504 320731985
0 2181788085
0 414706986
0 1694057711
0 4275395066
505 2134180805
0 3897727913
0 3887659671
0 1079415533
0 47172631
506 1916405218
0 2496493395
0 1462628788
0 2752784380
0 2795627411
507 4140585751
0 28125860
0 636115393
0 1593522674
0 1995537543
508 669969128
0 1126978294
0 1428562859
0 863430649
0 4114652222
509 1949467038
0 4178113321
0 3859655469
0 2783365424
0 2110122084
510 3859775435
0 885853806
0 1822483322
0 1550801309
0 4077454646
511 1872009879
0 886090934
0 2235527629
0 3498074317
0 787480635
512 2347431081
0 855952039
0 3879434503
0 129255157
0 761245983
513 1214159219
0 3149689130
0 3002241655
0 1689331721
0 2019958061
514 3134850469
0 2963362956
0 775270383
0 2357340414
0 8617882
515 623435428
0 3047571679
0 742618496
0 1881412420
0 1207518133
516 108322782
0 2165100275
0 1949316088
0 2592733455
0 4132214877
517 3759332373
0 379095373
0 1496130516
0 2059715903
0 1094702061
518 3519352620
0 934467202
0 3629084091
0 1409963847
0 4279225173
519 2216858931
0 1549654819
0 1824708334
0 4092220499
0 25216805
520 737189647
0 2741252388
0 3565448712
0 2278667251
0 3407655347
521 1335666580
0 1587663046
0 2693939240
0 2199165425
0 3735160830
522 560895705
0 1031503906
0 174651699
0 543836340
0 1426298303
523 3518726453
0 2668615206
0 1722892531
0 3284295767
0 2526742382
524 1644882918
0 1483982199
0 671085831
0 2274457638
0 2499083235
525 3618812895
0 822141550
0 1172368147
0 58999434
0 2312474199
526 3259425222
0 869028554
0 4099091466
0 1755878511
0 1350719656
527 1203612497
0 1809957318
0 252927863
0 3260019013
0 288385796
528 3530558611
0 1242796512
0 2344506719
0 2624927450
0 610269497
529 3844960381
0 217725289
0 1314808066
0 2008202938
0 1359806466
530 549124082
0 572253943
0 2116864912
0 505433346
0 3280643082
531 1777959259
0 1497682618
0 2817878942
0 1877328301
0 1023711962
532 1050668909
0 1701346632
0 2649168523
0 3661339558
0 2844807287
533 703782010
0 1139198270
0 962637616
0 1510268110
0 2375146146
534 2347607645
0 3737426112
0 3471097220
0 3724548135
0 2980379048
535 2515170278
0 2164989690
0 596355601
0 3467714145
0 3466385302
536 4093440465
0 2517142960
0 1856378470
0 605826588
0 3053041790
537 3714817610
0 2610335851
0 41249414
0 313506563
0 1402955890
538 797293544
0 3006717146
0 203580168
0 563840387
0 2177497425
539 3580888302
0 4168889009
0 444735953
0 1214201228
0 2007960975
540 3939863630
0 1095394386
0 1580558282
0 1212352015
0 3570486861
541 486776047
0 2679911625
0 523604215
0 1390180736
0 4292803922
542 2261102856
0 523694349
0 1106839109
0 1881820781
0 393739467
543 1089830645
0 467223048
0 1996221926
0 2037236390
0 2776393794
544 3029361131
0 969304330
0 1430962265
0 159890109
0 3219949825
545 2107547820
0 2693724755
0 1402528599
0 1083346785
0 4136626460
546 3014165063
0 2277283500
0 4223236022
0 1892526406
0 3266967672
547 509436720
0 2964445780
0 3907789283
0 3789209937
0 2166102979
548 3559830486
0 884826137
0 1262489153
0 749777065
0 649654894
549 2904760938
0 577157011
0 3943217851
0 2779032117
0 2756021911
550 954986428
0 731009886
0 2934528685
0 2234891086
0 2733825611
551 2401471454
0 2910635848
0 526794462
0 823112471
0 2240664714
552 3636770547
0 4281050923
0 1370847756
0 3662523420
0 1810148649
553 1162070320
0 3208198456
0 1259859393
0 1232668670
0 3405428272
554 2209720981
0 842496883
0 315646470
0 3317108638
0 495493544
555 1174900653
0 606894084
0 189794565
0 2797221294
0 3459852576
556 2074755523
0 33516428
0 852397716
0 754183998
0 2356643051
557 3389642800
0 2625984556
0 3265935745
0 3294897083
0 75855207
558 3706236222
0 4195702084
0 3286322597
0 1024999518
0 2834811666
559 1553044820
0 2390799793
0 2235510835
0 2717205364
0 684715024
560 3074459713
0 1408214422
0 2580912321
0 3155604553
0 744870227
561 2402252601
0 2938505868
0 1820948468
0 2778356881
0 2898467669
562 662588845
0 901647947
0 3576676237
0 3244927965
0 1751579882
563 1725101080
0 2476720011
0 2166288707
0 2250411339
0 464042263
564 1598783833
0 1138587840
0 3394825209
0 2340954311
0 377778281
565 499520935
0 4241402238
0 2553931604
0 2889036620
0 2951540319
566 4285791154
0 3017759161
0 4038316990
0 925759914
0 1544042617
567 3510359255
0 1679864337
0 2786083781
0 162760367
0 1293747250
568 620366420
0 1204165394
0 3154295393
0 3982335695
0 3077034440
569 3380299884
0 2709400012
0 1395475543
0 4283329146
0 2289343710
570 4145802321
0 1569180109
0 3852534054
0 3531167137
0 604601635
571 2716577996
0 1038433568
0 2415977026
0 2544656055
0 2338685670
572 3890726491
0 3329822655
0 844115270
0 3427325867
0 2678969196
573 2284325361
0 3716681678
0 2204960894
0 1924634899
0 2184232238
574 1348484140
0 2013170250
0 4098638686
0 2652571776
0 1643610402
575 195198175
0 607592510
0 3977407879
0 3939572071
0 572299696
576 2207668951
0 2202838537
0 2400938102
0 1308651927
0 2410048689
577 3722700314
0 4165830586
0 495963990
0 2136637138
0 3328060144
578 164535518
0 705968793
0 3160187719
0 698290769
0 3239573446
579 2574774179
0 2916228534
0 1814772272
0 188575810
0 3941819078
580 2685360958
0 1195706331
0 1894459983
0 3993823938
0 2073067114
581 3668815745
0 3134192184
0 3230013278
0 3732461321
0 1685213970
582 475429273
0 849170571
0 1957669990
0 3352818010
0 808751987
583 3771381877
0 213270282
0 2042003381
0 500949767
0 2693438151
584 278621935
0 1182062907
0 358432377
0 23814770
0 2302154210
585 1749771809
0 3058618533
0 4116676549
0 2832652268
0 4288069931
586 2842107408
0 2370482769
0 3344620996
0 2972068673
0 2244097590
587 397993539
0 1971606254
0 3114660955
0 2073836995
0 3941810287
588 1427865436
0 3201117814
0 2160402608
0 3334740969
0 3266207673
589 1094851747
0 1377034848
0 3862190254
0 3305425642
0 4207932200
590 71019198
0 1603614234
0 2417735283
0 411406960
0 640818415
591 1768805018
0 1016599313
0 3185885677
0 3768753345
0 438826470
592 1396914521
0 3737820751
0 1493083802
0 510808264
0 3997221745
593 2338684746
0 1212940049
0 1118271190
0 247631235
0 919412275
594 3102267513
0 102560089
0 1398167591
0 803762281
0 331926900
595 1477899575
0 1517925513
0 2439930812
0 3998906536
0 2332249672
596 40307145
0 3684670218
0 1128685884
0 528783762
0 969678966
597 3452637478
0 1214171514
0 3169063141
0 2477209327
0 2233043359
598 23197332
0 1513411633
0 2727970353
0 4032145525
0 4249188466
599 3138687073
0 761201106
0 54516194
0 2373238809
0 2141858519
600 2048778658
0 3220797104
0 1735346977
0 1628268051
0 113113453
601 2264581599
0 2908663401
0 558171993
0 1853754821
0 293742956
602 3362132933
0 3537991738
0 2424009206
0 643212615
0 1222355637
603 2648333643
0 3542699355
0 2334125882
0 1649483826
0 54007476
604 3806794056
0 3353701058
0 2900301350
0 962076929
0 555461684
605 546907858
0 784429150
0 1749340518
0 3971120765
0 3729103698
606 2209632041
0 3459713571
0 4023844777
0 1611088210
0 2713706882
607 4259428631
0 2228717903
0 3954337498
0 3440153173
0 2388822707
608 67757837
0 1328681092
0 2204692910
0 80562105
0 4263735883
609 2620283744
0 161226043
0 2348615981
0 3501190033
0 466395937
610 3328774184
0 617419753
0 1040553933
0 7152739
0 250745883
611 2731283963
0 2638102978
0 4264692751
0 2531186702
0 2179440512
612 3539719255
0 665899850
0 1332766214
0 77997984
0 1253504711
613 3555841266
0 4193883713
0 3245094108
0 2766985835
0 2691630101
614 790362320
0 619634281
0 2929009552
0 716514754
0 4270193083
615 2212410690
0 4184900041
0 3560750073
0 239345089
0 171676801
616 284428292
0 2650574182
0 2673008185
0 2037914507
0 3626869720
617 2033614399
0 4086469250
0 2796788702
0 3422296605
0 2752747735
618 2221961016
0 762914625
0 3656823232
0 2471283593
0 1009877426
619 962924914
0 403592655
0 3170637962
0 1148283328
0 4259992519
620 4273481684
0 383506699
0 2446383872
0 2094530443
0 874148915
621 1885432839
0 3730856056
0 2292083426
0 4055416426
0 1211562676
622 713595431
0 693323408
0 3778656770
0 840556638
0 787980018
623 991602882
0 2815452738
0 1162894394
0 3900636798
0 3057238518
624 1525297816
0 3065807130
0 3452481475
0 351563474
0 3834986536
625 2791693687
0 2142970191
0 3572538120
0 3338276132
0 1729238555
626 1201311899
0 3551500911
0 453106954
0 1065790706
0 1834368781
627 2909769949
0 2806831278
0 3515183768
0 1778688695
0 3668146489
628 3453294389
0 3468367355
0 3634042228
0 1861415274
0 1983684457
629 3448454270
0 1975004429
0 351606065
0 4048545503
0 3028367198
630 3058039401
0 874788629
0 741218255
0 652262373
0 4107864919
631 2840814795
0 2950140433
0 3106349451
0 3721985106
0 1391006400
632 4178740188
0 485862891
0 3817263726
0 2680328375
0 180932111
633 72244607
0 1353898094
0 2821213226
0 3797965298
0 3398495242
634 3890935158
0 1663734203
0 1885368869
0 2784504021
0 952947329
635 801843333
0 1272482766
0 2190694735
0 2036384990
0 2326667698
636 3386014486
0 2454517805
0 4204683131
0 662589831
0 1461279350
637 1240137413
0 2607510372
0 2472941338
0 1092539321
0 1813222057
638 3017081834
0 2353459779
0 2346031975
0 1609299830
0 4223170753
639 2950519480
0 2205721501
0 934258915
0 309639596
0 2868258268
640 3917369281
0 754526640
0 3380939091
0 3071193026
0 3364456056
641 2161121053
0 1417294657
0 2154123399
0 2812559358
0 2325011482
642 2442172136
0 219287700
0 1632847568
0 4229824933
0 4054506167
643 3476106767
0 613305967
0 2850926869
0 1780975437
0 666917227
644 2510083573
0 1364480616
0 2231108104
0 2748887788
0 2722105631
645 3688760043
0 4023506241
0 2627117781
0 747908706
0 2219908802
646 843627668
0 4245969112
0 400943146
0 1826491043
0 202498857
647 591725986
0 1303209618
0 1394961602
0 3558693419
0 705356681
648 97919961
0 3131040195
0 4166623921
0 1819563117
0 413344090
649 2971748498
0 2636984338
0 251909273
0 3674000977
0 2417927621
650 175130335
0 1431048749
0 2356555614
0 2493768459
0 2897142617
651 539807550
0 2570894510
0 120792238
0 2716252630
0 212196992
652 2962026493
0 1654209540
0 594211670
0 1361664893
0 2985902130
653 3095771674
0 4097883437
0 1924404688
0 1190116604
0 3257367874
654 4080034886
0 594742795
0 523836999
0 3985926825
0 3504363568
655 2434644060
0 1617984591
0 1753028116
0 3540443224
0 3691362173
656 3396065705
0 3293518165
0 994241593
0 641104330
0 2818345655
657 237816585
0 1832277544
0 2086998222
0 3718301688
0 4097562556
658 3133870918
0 4078975015
0 753784836
0 636770799
0 3241283386
659 3951899432
0 4202699767
0 3205291360
0 1902566248
0 3736082301
660 1700801157
0 803283363
0 2866344956
0 1592093798
0 970787090
661 3822150626
0 1519862032
0 2069298523
0 3784272359
0 705065509
662 2101442411
0 490105437
0 3849363863
0 2495989134
0 3443615378
663 2986482244
0 3830200232
0 2375503124
0 3318805208
0 1805391681
664 1589757250
0 1361016957
0 321279181
0 2136005150
0 1773071025
665 402205888
0 545539809
0 1148878897
0 17339634
0 3485983419
666 4092519494
0 881477299
0 2560426765
0 56564184
0 3751353946
667 2448732959
0 498269186
0 3874735247
0 2209669603
0 3869987636
668 1577348183
0 3810834329
0 1346545398
0 1099984323
0 2772600576
669 2742274053
0 2960129911
0 322751483
0 1077086358
0 902804163
670 718078684
0 1015807856
0 4145420438
0 1590933597
0 1403860925
671 1331871555
0 2235062754
0 3570920678
0 3069143895
0 3382988094
672 3625671652
0 2711501627
0 2247785078
0 2641746545
0 2333896518
673 107408447
0 903633630
0 1049871640
0 3857008416
0 388014856
674 2785828280
0 1601156941
0 3232901905
0 3006810370
0 3676403284
675 2819295858
0 4214414286
0 3590637359
0 408386606
0 632025568
676 828394498
0 2037132611
0 72164444
0 3663889361
0 3219970928
677 530040364
0 3257607286
0 2555607428
0 2699915812
0 3779576424
678 1151706685
0 3556337763
0 4228178636
0 55397305
0 519728233
679 2500349154
0 27480115
0 117216744
0 1534684689
0 3382051444
680 3125621224
0 1874575422
0 3973672141
0 1520319911
0 3134390782
681 1593014693
0 479636842
0 2695111580
0 3565084107
0 2229731674
682 4213364278
0 3898949960
0 2719396997
0 528166396
0 553633773
683 3503010950
0 635875287
0 3983324564
0 597597757
0 1538259157
684 1159138964
0 616300843
0 2678465859
0 2712996067
0 12075392
685 1741875759
0 2507495952
0 2671455357
0 2794261902
0 2037607714
686 2591264204
0 1639726356
0 785873394
0 2716841246
0 887253511
687 350258862
0 2631427499
0 2747978123
0 1968705652
0 1647090885
688 3199016525
0 1539881132
0 4213502847
0 204171597
0 3535972544
689 4053653616
0 2940218752
0 2873777822
0 2309667817
0 3813598256
690 4099475460
0 2515190231
0 4121213471
0 3489487715
0 3264605946
691 3598158707
0 290819664
0 780128115
0 4222591475
0 3307148218
692 524997169
0 3237892768
0 4132442415
0 4180908931
0 4195442555
693 2789217419
0 1082468466
0 2282890033
0 2054787647
0 4278129893
694 4240144450
0 3628063223
0 1522702336
0 3815785041
0 1524836618
695 3236294142
0 686117634
0 3428325660
0 2995693276
0 1791080797
696 1103490032
0 2107679220
0 3515025400
0 3143229301
0 980020343
697 3040018852
0 2050486605
0 2037877851
0 1712249559
0 4218920404
698 4185271687
0 576926439
0 2051036344
0 214417392
0 257889317
699 2051532167
0 2674834552
0 4051674201
0 3141399573
0 199435629
700 2321702297
0 1004346426
0 3834013271
0 1581010441
0 257234466
701 1296687833
0 2432939900
0 93164976
0 574338568
0 2040382450
702 3789741892
0 1759976477
0 1958479206
0 1653844555
0 4289376113
703 725333455
0 3505911551
0 684467819
0 1178661129
0 477978970
704 1179924053
0 3432300489
0 779319917
0 693475506
0 3745002818
705 3848086047
0 3923675838
0 2775166808
0 3000757039
0 218050890
706 78885710
0 3621556942
0 659149136
0 1515459122
0 3213338046
707 1227260894
0 3084322646
0 2738832335
0 4041036881
0 3317262105
708 1288022533
0 227292070
0 2815154695
0 1484287129
0 1054530511
709 1128285744
0 3728080067
0 3810887328
0 464916393
0 4095326111
710 1038326585
0 4087447255
0 3286730967
0 993905740
0 548639537
711 2238386612
0 3266372409
0 3625851779
0 1219542423
0 453541648
712 550935846
0 666679574
0 285607944
0 4182356603
0 2712595751
713 3494715906
0 1271877164
0 1931579177
0 2620432327
0 2091893436
714 3936933390
0 823903938
0 1367960838
0 426740588
0 761328516
715 1157346864
0 3580886025
0 1453583013
0 4051028545
0 2533233438
716 87904058
0 601949038
0 1100926000
0 3820430343
0 379363266
717 679934766
0 131757016
0 3538840139
0 898369649
0 1493266284
718 3317312392
0 1798527886
0 2305760502
0 1356689596
0 382463801
719 242999059
0 3859773185
0 2079375662
0 1082423933
0 2365120796
720 1355426718
0 1638483170
0 1711504061
0 3457884648
0 4181396789
721 4263597691
0 4000606516
0 1605710500
0 3601445551
0 2201162509
722 401604236
0 2926695016
0 1687529937
0 527739839
0 3931546913
723 643552342
0 3659461496
0 1766801901
0 2535556560
0 3103735702
724 3385276346
0 2409583587
0 380915364
0 2220842946
0 3206776164
725 616693288
0 1300235424
0 2381011553
0 657316201
0 80747149
726 144696391
0 2326442896
0 3438801494
0 4292475137
0 2377890970
727 897271180
0 821556973
0 3545371389
0 4009801164
0 293078286
728 663912675
0 3325465634
0 130508338
0 3466128343
0 3533181143
729 870803414
0 601411519
0 3876586586
0 2104892182
0 3664578409
730 2133125392
0 3488356684
0 457557662
0 1932998381
0 3345860505
731 3390695678
0 4163844534
0 3594867501
0 733229443
0 789547543
732 544782848
0 1746551307
0 1057641801
0 2552377824
0 2527933636
733 3914319812
0 3846772573
0 410696397
0 1601213852
0 1268169747
734 2157366894
0 2202853657
0 3648724792
0 3297167088
0 2119037023
735 2293108496
0 1028483241
0 2280036725
0 308495866
0 3776546070
736 2140638464
0 2918028877
0 3999897307
0 2579843421
0 2364636696
737 3353133990
0 3063080768
0 3079456682
0 3068926491
0 1933769489
738 2454829172
0 2318913296
0 674149625
0 3010625812
0 2044107528
739 2339167852
0 3356215009
0 3308228375
0 3983031663
0 3835895678
740 3164287097
0 4093014229
0 4007992277
0 2158876083
0 2627626820
741 2188790004
0 3428573835
0 579888035
0 495511047
0 3723428286
742 3579214711
0 1291713413
0 1647521231
0 2587041537
0 4205879095
743 1409953681
0 2204626758
0 1084351546
0 3635384190
0 3672518974
744 946269666
0 4292634841
0 1695687637
0 1410737713
0 3464231491
745 2927700510
0 103979342
0 2333093090
0 4227181100
0 1157477395
746 2054294198
0 4001052121
0 38679017
0 3736244016
0 3132927945
747 3983128467
0 1538251547
0 3153397556
0 2177880168
0 3681682580
748 1989037668
0 1553129870
0 725295008
0 2017618291
0 2950631900
749 826681805
0 2328934835
0 2481980983
0 2206524700
0 1446437164
750 1051727090
0 2500164618
0 1128363155
0 2002631677
0 4033520359
751 1854440234
0 968345333
0 360093826
0 1480371471
0 3409959220
752 3744643766
0 1622903424
0 1945738232
0 650238251
0 4200876036
753 3623460969
0 679522477
0 4248384825
0 414791064
0 4102865911
754 7087890
0 3240299487
0 3501595724
0 1515776568
0 3929879443
755 152473148
0 1817993875
0 2221186545
0 1175531942
0 3433635551
756 4083021145
0 491549728
0 3958351640
0 2124378630
0 3619759665
757 4164886133
0 2529174443
0 3550974023
0 4237937791
0 3041748951
758 3188305978
0 3221450265
0 298540823
0 3871707486
0 667975597
759 448833482
0 3061076032
0 686466510
0 2497503142
0 2131027522
760 1546188084
0 2224888913
0 2326019583
0 4010008487
0 2781609298
761 3455620831
0 3527070244
0 988948151
0 2377703794
0 998745771
762 2405782281
0 3462539248
0 1129180528
0 766662303
0 4175760957
763 4235302000
0 2845422998
0 1698933793
0 4214130594
0 993772299
764 944201217
0 3675421483
0 450713726
0 3596901982
0 4056673418
765 4281881139
0 3290509177
0 3041925656
0 653487253
0 2706707200
766 1797042175
0 3927465867
0 171107601
0 3342129319
0 144227484
767 1532074979
0 3756690203
0 3772782112
0 3454947562
0 2555166209
768 1921754996
0 3241774609
0 3061426764
0 295144573
0 1772249019
769 2766425668
0 2566722633
0 1674081025
0 4268728175
0 3090328626
770 1463770870
0 2543407658
0 181542981
0 1042605271
0 715088406
771 3183991789
0 1461734321
0 2410732695
0 3641187322
0 3728378902
772 190017620
0 1096187734
0 2041976587
0 2968879156
0 1102546377
773 1116020581
0 591737930
0 3835463369
0 786087874
0 56727906
774 4195685150
0 1396942176
0 3215242195
0 2443128004
0 3284101259
775 122929654
0 625994341
0 1632215404
0 491985118
0 2891797794
776 3898142003
0 3353539822
0 619761880
0 3847980294
0 1493932959
777 1396391555
0 179246999
0 2748913136
0 3528745314
0 2054866012
778 2450965743
0 2746759184
0 1103017414
0 3199625800
0 2487589887
779 2476300311
0 1902029827
0 568150378
0 310299358
0 4007459952
780 4234569731
0 491440170
0 2445485886
0 3565787951
0 4166798077
781 729124641
0 2781450984
0 2271895628
0 21798617
0 2851128886
782 1523428319
0 2521926430
0 2129433756
0 2576153552
0 783776261
783 1376143359
0 3364713130
0 3382934748
0 742405555
0 2674054091
784 2403093874
0 1573654770
0 1406525243
0 2593220277
0 4127414020
785 2242455917
0 1508506905
0 118266626
0 56152489
0 760020023
786 1769292849
0 3301627282
0 2568199305
0 2454140907
0 1544969189
787 2283589102
0 246046651
0 2653416538
0 505772989
0 1477727781
788 742212049
0 2540660175
0 4112384215
0 1570755492
0 3921609056
789 2752962006
0 998855891
0 3309027695
0 3223862835
0 3306902611
790 3999691379
0 554436265
0 2805418694
0 2589010912
0 2001797875
791 2310576675
0 3734724564
0 1130239917
0 2189662540
0 1564304339
792 1302362380
0 4172324198
0 237527814
0 1123389047
0 2662324076
793 1248628131
0 2431142631
0 2909518593
0 3039780105
0 1430504662
794 3566992315
0 1850388503
0 2257829399
0 12969792
0 1489652629
795 1245783011
0 3133205014
0 2130092438
0 1871612734
0 119154209
796 1621926239
0 3996399472
0 3123822220
0 67615606
0 2281130988
797 1629442244
0 231086861
0 3076925727
0 2247126232
0 2706055444
798 3652006490
0 4093621365
0 3605514774
0 168369582
0 3557780951
799 4283212989
0 462226539
0 3854195344
0 3936549305
0 192233843
800 4152970138
0 3191731907
0 2574549234
0 2441693534
0 1923290510
801 4092033377
0 2573001052
0 4183381382
0 3111858958
0 2105752609
802 3955254823
0 742859120
0 4224929428
0 3877145398
0 3928217901
803 2748309948
0 4049280186
0 2834389058
0 3120814160
0 2120026041
804 1285917355
0 156051591
0 2282863593
0 3609804689
0 571795768
805 1676965078
0 2565988391
0 1180098826
0 1088170261
0 1089012030
806 1608335044
0 1397527185
0 1079626934
0 3885351997
0 3006030305
807 2391433537
0 3718180477
0 1025694984
0 2337397148
0 477707448
808 1206189238
0 371088381
0 3527547405
0 1300793935
0 2294220630
809 135143683
0 2864659417
0 2095996415
0 3097955955
0 285699824
810 791374924
0 3603973431
0 2240474018
0 4286653176
0 100282916
811 3715254964
0 4191494134
0 29400240
0 1257922871
0 785811502
812 2941728789
0 944348318
0 2154092625
0 3914621279
0 3673585946
813 3800453744
0 923706070
0 233672171
0 3521608349
0 2836791481
814 3773589765
0 475501413
0 2986845514
0 1684263235
0 551768192
815 279819096
0 2729400332
0 2901057319
0 95022199
0 3123285323
816 4138923203
0 2249044676
0 1656170738
0 1902101166
0 776021482
817 2901429544
0 3292633647
0 2075847568
0 3494729653
0 2612012993
818 143680075
0 386705364
0 3179847007
0 3353296763
0 3523451368
819 1534047391
0 2435359223
0 4061085543
0 777012792
0 1450266652
820 2914503291
0 2435120363
0 2683471500
0 1941029140
0 2835424219
821 3759420091
0 1016124875
0 1113103970
0 1793815201
0 243790202
822 3619968126
0 2894398139
0 2767338619
0 945320821
0 916089034
823 57001945
0 256060138
0 874126524
0 1105272276
0 878179987
824 618509423
0 2327829720
0 3220528500
0 1974182732
0 961162600
825 3971694393
0 2391923616
0 796482647
0 2620055756
0 1038109607
826 3853248277
0 225779734
0 2451701954
0 855462573
0 2204905959
827 3814275178
0 1851855842
0 807627379
0 1909344759
0 2711523721
828 4007750943
0 3678633058
0 106120233
0 1042375554
0 1620628199
829 918967169
0 1948389063
0 3732730677
0 2022915469
0 381114885
830 2435960595
0 600828739
0 2430885731
0 3187829189
0 1677372064
831 1483676450
0 2696529531
0 4006469662
0 2916991079
0 2884309172
832 4158262978
0 1119871970
0 4163173312
0 546014346
0 3571366004
833 1297239221
0 846632765
0 2027500734
0 2944260301
0 3901399513
834 2766693646
0 206337794
0 1648226002
0 2746371210
0 607961327
835 1683527418
0 3700251586
0 3678361450
0 4101860766
0 2875756572
836 265039922
0 3335797701
0 2520504474
0 1367756420
0 1204989183
837 2647940594
0 4135052879
0 539873476
0 3096428032
0 3122060215
838 1451133288
0 3691599411
0 3093329595
0 1437187450
0 4143913772
839 870466675
0 2154344034
0 2386690129
0 1875932799
0 2188382510
840 2368732666
0 926960504
0 1882498213
0 97369803
0 1431992901
841 2736017348
0 2630692350
0 4120840866
0 3254093031
0 2300420175
842 577622060
0 2055270155
0 4155660616
0 582551925
0 3482754560
843 2697272311
0 4203234829
0 2916239536
0 99981021
0 2015897378
844 798753324
0 2748863853
0 2198000437
0 123869723
0 3342606276
845 1087386877
0 3689743188
0 2124592070
0 2702165938
0 469849176
846 2140194845
0 1919106574
0 561890326
0 1535492319
0 914009230
847 1420164478
0 2983966568
0 3077468770
0 81739957
0 3403293814
848 2654294868
0 989230646
0 3697921662
0 4075653613
0 1457423131
849 2306178061
0 2619561511
0 1748772587
0 74679078
0 3826199471
850 471298551
0 3234742560
0 76988179
0 782532115
0 2002606951
851 768138693
0 3924636728
0 3546952791
0 2640657103
0 591639586
852 4062197574
0 2038879741
0 1843616922
0 2887566839
0 3771117240
853 3555721348
0 3999767432
0 2165189076
0 1152186390
0 620348567
854 3761357160
0 659959662
0 2637126097
0 59719929
0 2963137949
855 67946332
0 2862283735
0 2895699540
0 2093021327
0 178037635
856 3734570981
0 81818048
0 1003168965
0 3991211537
0 3478188638
857 2546204769
0 2634478909
0 3011481613
0 3712404881
0 3806289862
858 551836355
0 3911393380
0 3480740429
0 665608498
0 882540362
859 2246766518
0 2682408540
0 1583006778
0 2065089706
0 531442442
860 1654206199
0 1749190078
0 2648079266
0 4166031405
0 4284741305
861 4197412176
0 1460892746
0 3093308559
0 3804067818
0 2621608742
862 1505450915
0 900999975
0 2749688083
0 4083124046
0 2548584339
863 2169912345
0 1320991385
0 1375867807
0 1521270842
0 1620204077
864 1409718531
0 4120430528
0 467064819
0 1198690833
0 2534747986
865 2246932298
0 2976375695
0 3542935140
0 3469395646
0 4157688074
866 8480204
0 4152047487
0 1390685569
0 137037892
0 714340182
867 4111821083
0 1301594122
0 1345704932
0 533394518
0 2826976172
868 695998660
0 2175877014
0 219528395
0 902583801
0 1707415826
869 1612433222
0 3051170684
0 1532804064
0 196200582
0 930831502
870 3698686912
0 2266874540
0 3866463312
0 1931478213
0 17776185
871 1720851662
0 759741289
0 2802431995
0 1955771462
0 3565870958
872 2537398276
0 3624274883
0 2486407163
0 544321544
0 3740943426
873 1314307296
0 2064069528
0 2020007313
0 551852191
0 4151909409
874 2718044018
0 280203097
0 2384564816
0 1736229040
0 1860135105
875 1705266662
0 2382146870
0 2231429201
0 3125251174
0 226500266
876 2728677736
0 4157344509
0 1741615675
0 2278506962
0 1114149681
877 1238996830
0 1306025378
0 1366620223
0 2747600696
0 1265778145
878 1328290731
0 2549387415
0 2629447587
0 2611931181
0 794819643
879 206826586
0 3532280884
0 3785325653
0 2539694418
0 1680807736
880 3364583176
0 940141967
0 3058249964
0 3176488568
0 2376336986
881 3593910935
0 966741530
0 2549719369
0 187493586
0 998647524
882 3496968217
0 2374516132
0 1155786975
0 834427497
0 920528835
883 2073716035
0 479350100
0 4266695779
0 2783886008
0 4074164512
884 2999028223
0 319823042
0 3352598191
0 299601287
0 3762771493
885 456322318
0 1996271979
0 246895491
0 664907583
0 1990447454
886 2638174656
0 3666417086
0 821817954
0 1319929116
0 3277466281
887 42211210
0 944696003
0 4086558894
0 102766921
0 1056462130
888 3884864951
0 3934112759
0 3368897797
0 1421290940
0 2038489326
889 2636578438
0 858058649
0 3235079439
0 2982819046
0 3846077003
890 4174866665
0 1102268136
0 820302989
0 31623137
0 3384700369
891 2153868710
0 1039825095
0 3461397380
0 2804246905
0 2371881663
892 3680780966
0 4202901449
0 662530930
0 4176670510
0 489420145
893 472960892
0 2077958330
0 1484430327
0 632504196
0 3176425321
894 3682355517
0 183943912
0 1571160307
0 3694786176
0 1546580917
895 4019207780
0 2538690729
0 2385850637
0 90843223
0 88664204
896 570936519
0 1714888651
0 1284294263
0 1871329393
0 563299282
897 200883601
0 993328982
0 665925887
0 722267865
0 1633761470
898 576414775
0 1955368556
0 3849570809
0 352200088
0 3444073826
899 2211283663
0 1413922164
0 394894936
0 3016642376
0 946633414
900 2674465645
0 3779187954
0 1608642596
0 1522266269
0 848977809
901 3128186269
0 2936751090
0 944548213
0 227718687
0 4289617158
902 523527366
0 2971190162
0 341146556
0 1418565382
0 3394420017
903 2647562753
0 1386237527
0 1460368731
0 437584982
0 959223437
904 4173931202
0 3396560499
0 3040554562
0 1079946642
0 2561786449
905 2256919312
0 283901478
0 3027637271
0 233590913
0 3769395453
906 1781316345
0 3626473631
0 1487534068
0 4224325843
0 3209856272
907 1299192984
0 2624648670
0 597519952
0 1067463141
0 2021287133
908 1361376594
0 146152774
0 3277806698
0 3933044316
0 4054073628
909 3857095116
0 4097945592
0 4255832918
0 1181759514
0 3305174765
910 3805892707
0 1651111070
0 1633682216
0 1023075277
0 3031908930
911 2128454706
0 2087180709
0 1764825294
0 674940277
0 114861119
912 1690141932
0 576655025
0 772691089
0 417357731
0 115285792
913 2928577686
0 2491389885
0 2530184745
0 1471824596
0 598149246
914 2454377842
0 3651222271
0 2094757257
0 2494177195
0 116364466
915 2114620389
0 1442445352
0 1110551523
0 3513185587
0 2363864840
916 3449915122
0 1093843668
0 3535662902
0 823243025
0 2751694400
917 4227011417
0 2806165072
0 1828305849
0 3500274539
0 1561349455
918 239789272
0 4003372873
0 1989255927
0 3094846198
0 3108260239
919 926796947
0 2890801077
0 910588973
0 2916704341
0 2422565467
920 766172742
0 3650878363
0 2377729694
0 1878087715
0 3064198077
921 3051105817
0 749788456
0 3115484902
0 3078670380
0 2942584011
922 1918788329
0 3208203914
0 1325858429
0 1461294689
0 2498977824
923 1094075641
0 3462283045
0 3751015017
0 3506506374
0 3454129869
924 2124508302
0 391470072
0 2355287439
0 2557547131
0 3936035170
925 3033806624
0 2315854286
0 2003684748
0 2316869007
0 765714228
926 69779936
0 4038290032
0 4275613402
0 2996384064
0 2267525186
927 3929432070
0 3327286862
0 513638274
0 1610156232
0 3297901353
928 1219222534
0 3570523453
0 2239455039
0 3474546582
0 3746256877
929 3709309342
0 2662816377
0 260066329
0 1812526203
0 706033858
930 3482848704
0 2699729756
0 1727913698
0 845363141
0 1257408489
931 1135514420
0 898469464
0 2752791714
0 3348794607
0 1543176556
932 4171957039
0 1742086096
0 4230196281
0 3722146585
0 3451696520
933 536490817
0 2969020211
0 2110328429
0 745331588
0 1007791314
934 1772527302
0 3967512157
0 3894149212
0 224708474
0 2151366241
935 1589212271
0 4066360245
0 1388297921
0 3426026343
0 1298869443
936 4217643816
0 2758622024
0 1184286534
0 2970027488
0 1552966007
937 982080361
0 3398534559
0 3906007068
0 3918520022
0 3294410211
938 903765566
0 4124088134
0 3956607788
0 722830396
0 3265675472
939 4045690045
0 3948175961
0 2384955352
0 595946680
0 1864654511
940 1143312361
0 4038601955
0 4193068291
0 493476275
0 1914621330
941 1005042840
0 598964344
0 614233848
0 1879835379
0 4037600039
942 3265640289
0 2836898394
0 3055395399
0 37285410
0 2259427006
943 3615301363
0 1075095985
0 2526748224
0 2181635227
0 1309022087
944 4160923237
0 2338652326
0 3629501871
0 941969602
0 1908924224
945 1232388024
0 305626708
0 1840188261
0 3837019908
0 525798085
946 2096764871
0 4081503207
0 3445362286
0 966826117
0 319791807
947 2939143852
0 1874995570
0 2122921151
0 3162816756
0 1885181992
948 2700136425
0 2550399674
0 1656362310
0 3015661795
0 377978851
949 2937466399
0 1855779616
0 1840452995
0 2219388816
0 3397372155
950 2534661851
0 2576429424
0 1884389909
0 2287119997
0 1855975129
951 377321881
0 1053561659
0 2977454989
0 2352054644
0 1458061315
952 589315904
0 3593158473
0 2679843669
0 2509203372
0 1359300115
953 1631583400
0 3233657583
0 615581023
0 1301147331
0 152807276
954 3010543851
0 1720777796
0 2465668396
0 3163119048
0 1728235481
955 2951755375
0 2495934996
0 3548590538
0 1928897381
0 956913898
956 1780076307
0 4073704616
0 2987149685
0 1055714048
0 2906466161
957 1191767101
0 3025822381
0 1689833116
0 3437236425
0 3957469530
958 3999124687
0 2370423211
0 2254561985
0 4213271275
0 2364728124
959 918086684
0 3157350281
0 2272389595
0 2546072308
0 50110722
960 354837867
0 1669118520
0 2604927912
0 408152188
0 2059544849
961 1230808308
0 1512600250
0 2988083137
0 134921641
0 4264826261
962 2181718012
0 3488061747
0 1252499837
0 2611961207
0 2595185439
963 700024775
0 2106093022
0 3240018108
0 731419357
0 2001625078
964 2807453718
0 2305481609
0 3305348786
0 2983966476
0 1341806950
965 1695245088
0 1466749549
0 949866430
0 302666338
0 2812009400
966 2213630947
0 3016004642
0 4142289182
0 2358479613
0 2169931431
967 842098400
0 459275351
0 3022835219
0 1806828244
0 809769347
968 1618177730
0 988352067
0 1117968089
0 3991150914
0 3957817130
969 3745818084
0 2751336078
0 376414128
0 2898510930
0 1987236943
970 3516773474
0 3172652352
0 1827637590
0 574945653
0 3340861870
971 2099856388
0 354331026
0 1264181952
0 964046287
0 3910407384
972 3962142892
0 3264347206
0 3903869199
0 2739107445
0 1446091108
973 3416071794
0 97089255
0 3834302801
0 3701811206
0 2737623057
974 338951961
0 51877880
0 1653915106
0 1644333785
0 3571889225
975 2094440625
0 4092229758
0 2158014882
0 1353788989
0 4147017022
976 1635419971
0 2635695767
0 1278301910
0 3556200126
0 270429157
977 930068286
0 1655318091
0 3978434183
0 1326663083
0 1318466616
978 1953866433
0 1788169623
0 3772867661
0 3905724071
0 1608129538
979 3842427524
0 277621226
0 1175387237
0 2620329820
0 2048588307
980 2503722028
0 1723754974
0 936140207
0 3125461216
0 1602001255
981 523216191
0 1491910632
0 1166478838
0 4118816770
0 907918267
982 1461357492
0 257527235
0 3238891581
0 3027891936
0 3515271569
983 4271476832
0 1997060676
0 3288828612
0 2435809946
0 3351540023
984 2290972903
0 3790279512
0 3772303774
0 154587417
0 3847429644
985 3407642026
0 2801400269
0 1533639940
0 1646347617
0 1740152466
986 4157909869
0 1580522824
0 1878113512
0 631862663
0 1589814201
987 42496370
0 1498724080
0 1594995825
0 2062415374
0 60068083
988 2333984596
0 2495612208
0 1822143625
0 941199682
0 2772421703
989 247793114
0 2068043182
0 2488160618
0 2713334267
0 192534980
990 1526661248
0 4093007962
0 4028114180
0 1960793214
0 3142140482
991 994623342
0 3585310449
0 4014004144
0 2685349733
0 858839412
992 1534645132
0 964820878
0 4043066762
0 255432692
0 488966618
993 4260859883
0 2275186078
0 3693857822
0 3597246591
0 1738378860
994 4151489003
0 848272218
0 3677805555
0 365125459
0 2581399661
995 2510761600
0 1729307726
0 4021429271
0 1562469907
0 2324668
996 2854249706
0 1604067440
0 1782289582
0 3980079376
0 544705954
997 3302646361
0 2822600931
0 279313407
0 533877499
0 3432671961
998 2831323330
0 707972829
0 2672756412
0 812794752
0 4002733300
999 2425067709
0 3422989355
0 466388837
0 3027052377
0 3842300519
1000 3665722550
0 4152908663
0 525819539
0 1281715513
0 2263053187
