1 12680920803309473047
0 7627286981992693341
0 7246199503959437155
0 12180738260140386403
2 16785836871559381065
0 2919857896598890671
0 17026400399125719642
0 10275035476237133630
3 13206769177872885741
0 15340443714481834838
0 18229503429929333190
0 4444426073669487403
4 9879851362020435366
0 3322563315178116481
0 271583215902036239
0 5618070006081610758
5 15146926235342849476
0 3831212675842762124
0 251750630420212724
0 16362597186184943847
6 15309507378299518386
0 1036940696460947463
0 17468803189765200913
0 10198679813407493315
7 559953215660146219
0 9361450728036116057
0 12688817462821773282
0 2218014511077056954
8 2042586031546659923
0 15669672808092286220
0 3882830134300022500
0 14593338363194391869
9 16296815027661751030
0 13434150750900487416
0 15586751289450363383
0 6273382847630657749
10 4054536345276566214
0 1333534841947745053
0 17241532021723190199
0 7042199483401412129
11 14947244106155413612
0 151338819641226706
0 2998259399387589126
0 334414654777166429
12 237524867574769365
0 1382143815503941973
0 9923056929361278062
0 9256994982503181131
13 18328943839619303285
0 14096573169137488258
0 14002120649549411595
0 217722172499358354
14 10470713062931869275
0 4679790374138714725
0 6585543653842349388
0 8550632941643931753
15 3535860382868212188
0 9616677339457980398
0 6935876663728587946
0 11587704244228209595
16 10818054058919337212
0 17389998158220188193
0 9940547754766504241
0 15770828283203067214
17 13529306896342241589
0 15611408727154897623
0 4820303438750842602
0 7334033354308157208
18 18264285598658711566
0 7237113339463398782
0 5614686619362373501
0 9818424568582329064
19 15730717438744093934
0 11223109722016145141
0 10880455080872631854
0 12551597393439708005
20 2885971483014500051
0 670095630707908333
0 11405744484689399656
0 14606067401707058239
21 15609698333411142210
0 1468339386445808716
0 6984205123538756430
0 500411407906839238
22 12694154639756939918
0 15966919681547165427
0 5836492060602754553
0 7643050998235563748
23 11548174788711178708
0 6354864179673932920
0 7471629092664937161
0 18183316656581858433
24 5087118557188462178
0 7296520471802509572
0 15873946560868880416
0 1566765627064427876
25 16271485000499208269
0 3613456931538537780
0 10153789179006280187
0 8247186271707845613
26 3745014942991767347
0 257260357531274688
0 4079673182284335040
0 6790623761552653118
27 18326833340508761976
0 11693436558429448832
0 15112232199321659609
0 16306414112976251507
28 16767567886972500121
0 13258723524008532105
0 1924780413873545857
0 687608662815074359
29 6607574498499950511
0 14170460249516053581
0 13697126518871226918
0 14739962316998155166
30 2192821328149819800
0 4165707069881075908
0 9171929049906372203
0 3850828260464050237
31 13264778215116908828
0 17584839369934835561
0 9565076045854007673
0 11348463663563104303
32 16320962956146359770
0 12034916579581385649
0 15864073620502655110
0 2278738457482734736
33 5719089118983285827
0 6696566240941101955
0 16675959563781242277
0 5248828554795484198
34 14819947051066706981
0 13241389669218604333
0 4627335425085026203
0 7243023956742984372
35 8749834112886221080
0 6428382633736195065
0 11747158359013081254
0 6294901376680674849
36 15062140573018376779
0 4824566580164831738
0 4348363633465587981
0 4298499211997818793
37 5579241044069785313
0 3959141190617345577
0 4798123892930397289
0 11219895036878916176
38 16798980074984458990
0 1260647923674117947
0 16242695799268199226
0 12219652072760977327
39 8893177773594323686
0 18064953452897715544
0 3529617796856157340
0 11087285843847531288
40 7342683355014006943
0 6529010277934897572
0 2686544075438184077
0 13371250787144360694
41 10254247228121590126
0 12110011380608128850
0 71280488202931744
0 17852474870004856345
42 2854746283397713901
0 11586392643968125245
0 14275871882893977525
0 11050766043078342765
43 11637108125550713940
0 5364538546394147658
0 8587908373109021
0 7411466085773186727
44 7622611330514926286
0 4629183329215847471
0 561436133624850935
0 2857337587885090352
45 13882804241406020801
0 15019535834565800238
0 14012872123718599487
0 9492153970522693344
46 2259385357481402401
0 10330116572714194180
0 8351806515196509774
0 15659884178537992952
47 6595710937700882547
0 11786243197700439009
0 6614475806464989604
0 9823084829415435701
48 17188400478145734430
0 7677412076268329287
0 15799512803531985946
0 11929454840418824877
49 8104036857328343997
0 4838506880337865080
0 4498367886129832103
0 6185899127724527582
50 16679748875826755364
0 12120184131401114448
0 18347527586073254958
0 6521664666550125431
51 5247278415910066121
0 13340040585720693561
0 9938320230438274194
0 10949187741625172129
52 3308805649683830102
0 13532948136757281443
0 16790537022957039545
0 478425714090259493
53 15304690853511870234
0 16645958904936554150
0 6568720561492668548
0 4722342270272674620
54 15360296719379166485
0 5383664380502988451
0 16014745172744982800
0 5274787985335406028
55 10423349268932184785
0 13691440843553264051
0 5783886965846621107
0 7081215803203707043
56 13781238621501736737
0 6202349442380553748
0 4644476378180176720
0 2305744994641058901
57 15710810781324408925
0 8534580217768896040
0 18313525989056221202
0 18096187699171078802
58 3330461418063420974
0 14583750203603072812
0 15038855179437455214
0 769531709444709261
59 13386247590091502316
0 2277958009531688252
0 14426595525285092195
0 4319103599425265560
60 10467497859923265084
0 4633488458396787303
0 15957859189624564195
0 18019275120554715040
61 7125755756877912973
0 1929334099796578960
0 5424868123642043900
0 14536059096784465246
62 9988725529332239383
0 5405148064323464024
0 14124331393178220465
0 4087781864438034836
63 4861282902579401026
0 11128485576034126763
0 2902991459476740880
0 5331304009314019149
64 17099600242848964532
0 14827745564970615752
0 11780986448501302640
0 17818160522347309569
65 11148097976713064336
0 914823494136436216
0 10547707993483618612
0 7507459842230035637
66 11398492669146498011
0 9872187698790438700
0 6861264260112400353
0 3618172742114621908
67 16296517356619175562
0 8130068871524597477
0 14963208478763865947
0 12080645312809919048
68 10724717065415992412
0 13098447588136073370
0 13291495452549277359
0 11702380124181925020
69 14339524612123997373
0 7068843326624004618
0 3314626721803477944
0 1922917162187944557
70 8621009724161266396
0 13483417463726883148
0 3295667900736981224
0 5713386130506371680
71 11914071655494428155
0 11035027946969252105
0 7960927912902990741
0 2839091702507185697
72 12032113623530439583
0 9892031380135530675
0 17266456549236801319
0 14375088763665128623
73 6778779115842118881
0 15717342425931149670
0 13596918073242865225
0 17461364781810870208
74 8343245805764995300
0 5756406265540263369
0 6546650883980938911
0 6771793106949025970
75 9193276825869326938
0 14900289097629251056
0 3485814895140811693
0 14072904048302215106
76 4753928194228985922
0 5378577312236329402
0 4047073419740376397
0 6585154952287233827
77 2578200275147597301
0 5417178459972698101
0 12007183079786950465
0 4800537704524010964
78 16933074505902438151
0 8192270615816117618
0 7081213375207674463
0 8752007153775150187
79 15073809386568481783
0 2621076165948081152
0 6663339174129581116
0 8069533658574278455
80 6692595235420417651
0 7266168840980537615
0 2461955578099074329
0 5148357443834419472
81 12808666724763258210
0 11185928086262868877
0 13310684380749405363
0 1582635274952833282
82 4043080954310169514
0 12516306885875793214
0 17160246549693674291
0 13090879485230343947
83 15595899733992988407
0 1898110225656414828
0 2232708799480308489
0 14536700343089488269
84 14585196621308526063
0 287111999472571437
0 8233769887656553747
0 5765040791423939878
85 2460544640023782484
0 2771671310278027116
0 2401479625263802358
0 5503672962954727711
86 14348882122692380351
0 17045410015538141329
0 993697002171709499
0 5186014768773408385
87 4059571843189231897
0 8732370308366693047
0 7167570472993037396
0 14494560238167069859
88 15930827436443459297
0 12607729834049517986
0 11996846226290054817
0 15306742324065751239
89 5640203626799430750
0 15569135906618350871
0 6171978349675798972
0 11075840566063356789
90 13451078138077279509
0 13137600190900766857
0 13953545221435944359
0 390373363606445323
91 14503922826488094920
0 14427019999793344647
0 8826790449270509775
0 709728773108786619
92 1202274196522259388
0 16904515132768417814
0 2004527050603981166
0 2745026801396267114
93 1861485813707959713
0 1156070945632035985
0 18414644177872072468
0 10566880084443378876
94 10933688857785671364
0 18144588562316991543
0 9434048380129195049
0 9235989036809624966
95 13604399974773271346
0 12956104116651561805
0 5554424155179914011
0 5527275544725326758
96 15607633301347837473
0 5598061870896864206
0 3660714178722028735
0 11134169234754265428
97 17367936079480281938
0 9293890149035265422
0 8143986455293379945
0 15619045501882237529
98 14759242187496733824
0 3776893790469560128
0 675407152363301698
0 1053909434154733325
99 17054476514150171289
0 690610226262422635
0 4226567515489374988
0 2886041801468091880
100 14431540935011277700
0 17234632692271998524
0 17297968657858595810
0 549868688272130608
101 7867678129269961123
0 14366174653202393748
0 13041023064049724285
0 2875358774467121438
102 17036392674984741672
0 14728186409735512734
0 3672615980474330414
0 12630423487784401903
103 15905689766595939648
0 5297216055344548423
0 909722288460037027
0 1377354981589877834
104 14720852910868160738
0 13749049668427705008
0 10614212028631745393
0 4984335079383902927
105 4136598616021670860
0 17697040814068257779
0 9896806707838691197
0 17570895224758611537
106 16770466911589662859
0 2388166193169647681
0 562155540646666527
0 1781389336202482966
107 16968555699897662164
0 3371775690944479248
0 15425640711835353736
0 11623570995029877881
108 13071324430756474426
0 3660163483970611988
0 7928147968677680079
0 5649477512281002964
109 2545293786306074604
0 8380502331441217901
0 16186983166889087742
0 7855196623492656746
110 5410986759921982877
0 14841022955428434145
0 3070775620467298723
0 3461924301500270950
111 13276335900250148085
0 11648833828744243127
0 17428129463870799823
0 13632687823460350720
112 14728515012508597067
0 8581771681050693179
0 11878787282353927823
0 11167527759137512094
113 16150851930913409855
0 9854948045032701993
0 4110222995136824622
0 17370925077514446584
114 3494583765525186804
0 16226328480788003595
0 5449152053492218301
0 2691235328422170400
115 16064518774817154486
0 9348295546091360265
0 9382021473271805963
0 10485888362110776259
116 2544834814382320274
0 15460427979340548936
0 3096072379363150127
0 8359721694109211627
117 9708419427839768129
0 13279701034461293361
0 17804966868519122228
0 10897419892548820215
118 4933702158627149854
0 503583352142888424
0 8624644486486602689
0 18299466251675568097
119 15166345221621505540
0 7380673199942981366
0 3408933650511806460
0 15103822310920339657
120 2175954461656414103
0 11909807569964771122
0 295760698068775511
0 1625435517881445267
121 14963689935542226036
0 7193592524018932183
0 9600663668965067817
0 8407117564052524600
122 18153571450789073868
0 2918200869368364604
0 891343104243195452
0 8889677914636149198
123 4277414665006217291
0 14999499455756051604
0 6968074731825788803
0 5424035288466150752
124 2857369114835348351
0 13346252386773724966
0 14974130938905616357
0 2132336995802135962
125 10937195034484660769
0 5103421036157593212
0 10402697875924990929
0 13197086422120680470
126 7264140979660049758
0 13859452679275990048
0 2975727159211872470
0 2434210586773837587
127 12046857270915658315
0 11571049111700098147
0 9541276537685287414
0 16115871846059964052
128 9432665381155662373
0 17420349929257416983
0 14468058072724085722
0 9142700886766579537
129 4837437764841697969
0 11199181907643729622
0 15309879516877047223
0 9509808108925246630
130 14038371267546791231
0 6935095934014013285
0 18357260197678656797
0 11707474452600625352
131 12983948581641915083
0 9769615501308551643
0 10711000212983936519
0 10470295686341443242
132 2164259137571256430
0 15809514714153094337
0 6622235599155414607
0 3525440454061029710
133 5644163660291643167
0 13917093193667110612
0 6618255412394426103
0 8754721899823869163
134 1265797203956810465
0 14627643603604881823
0 15573891028989666735
0 3133597352286399077
135 9405487753142536036
0 10900066791543881793
0 12094734580730160872
0 2322349286137696890
136 2389068461376318671
0 9122627251104119567
0 1235239170968508203
0 12394196593043393088
137 5427895920244860324
0 13329614393031556588
0 8853544369663480189
0 1570265147965553476
138 482585725940574685
0 9973567000846649605
0 457527561587906614
0 16498118386350920731
139 12242542539674415527
0 3222872765339160110
0 15402891026125229808
0 8831035648965051983
140 10297173299087733532
0 16267660332768216313
0 13229378849572144980
0 7235570377964655687
141 8080720030763531042
0 2018132972026220391
0 7417250854402789668
0 15603051119769464749
142 3944747924604615131
0 3894147663198075451
0 11390389282562019913
0 7624463487911879039
143 16067157749641626401
0 18356430969287964182
0 11319676776404460034
0 1503512113132883629
144 17624408539803338044
0 1833034114563948967
0 5734189552579786753
0 1369934938865100271
145 16112532958390056005
0 11951962523259381776
0 6990347136340141862
0 6367509822835761820
146 6723323117554864275
0 16199783038184043695
0 18308482722002683658
0 12394150908725383767
147 8560645780901739120
0 11194482671377792455
0 2597744515720295501
0 6932263032408453487
148 3695078049757656163
0 1637811921825058605
0 4073090849826268797
0 15525160417117316227
149 2127365281227068811
0 5781982682536460707
0 11350264832368109778
0 13122209343486111674
150 12314770659110425461
0 14522475193515618096
0 10402515135218353561
0 11770150461163727776
151 5299695503838841418
0 15860405221480602250
0 8879403547344696878
0 5231262986466542612
152 8774371976127618650
0 7395782791272133101
0 16853351804235256335
0 17668513046877176725
153 15474997943059090553
0 5461159064755448457
0 5339426956650144220
0 12461047832192617778
154 11734226079858715319
0 4028078967417519937
0 13663992260485863763
0 6462644686503777658
155 8596487085124014461
0 12486120376157716341
0 16121280209330815156
0 7679280542762275634
156 7849572718148752567
0 12239400125634778389
0 16057969590544951878
0 10398771458708141124
157 16856116313508532956
0 16605235840786107658
0 5166167484389288393
0 3087856165319542533
158 14797164179084813131
0 5382570758201476175
0 9218038762919091328
0 5598981872861158187
159 9785285983010250276
0 13645394347955324073
0 8005044766973632373
0 771417425431496284
160 7673710626401653757
0 6990586685012608556
0 12226725633666261761
0 10671728422295885781
161 1099886930001784909
0 7309337492260649819
0 4481906352789699325
0 15655554464502016587
162 2164424429165892501
0 13216675062227931070
0 12850703679606078948
0 11335187385814124332
163 17006341935495540221
0 15455814638228484431
0 444897362018123582
0 2113530277199874536
164 12107422672525967931
0 10187804524565550233
0 12282327536877479740
0 16706630803209725196
165 16068935401111141625
0 2784789361317409180
0 2552594630649270424
0 17187381870079261315
166 11429190969220315144
0 14473700958300480985
0 16258349372250348532
0 14947641591214851586
167 13836581638544610694
0 5875016208062800391
0 5019606903440669912
0 4168915129338268528
168 3686558668971348698
0 18086535699210384207
0 5332865396354653588
0 5846568732210938697
169 16279895733552475278
0 12981995268047705876
0 13491254422585220446
0 1131254675067227748
170 589027751715424124
0 4291277371994026746
0 8181429474361678078
0 2337445556869506171
171 11898257390778197171
0 6917383505075288189
0 15546199546693723154
0 6072468530933862867
172 7065953220652986034
0 4232658111027242096
0 276614907939404658
0 15659640034655153626
173 1625446479947030447
0 12037244070710241809
0 2025274881829797360
0 12100649339297598817
174 15298923743846644606
0 5687507492809930565
0 17986344441454781445
0 11497036753535622243
175 6053291656624781902
0 776402260668762402
0 17231115285646894107
0 12475292273183893292
176 1302896291804091974
0 4908344559830485198
0 12793946541981634640
0 17018334839058600432
177 7217742154711089384
0 2127325424830248072
0 4351101331445779135
0 1818675718600493060
178 1361172901167947286
0 7981898165801475350
0 16604342965049860326
0 5806875586742244260
179 10654181130648574951
0 13278893727543026733
0 11480829815991467943
0 6493005383188431080
180 13774732302599288354
0 2293945372339102275
0 10066681894755657519
0 512055462631857715
181 2310398648175882878
0 16997233910140566937
0 17275799016945794609
0 17459688119067070880
182 6464404884043524694
0 10795266985926325395
0 18219546224346680010
0 15846686414023051801
183 13442718406758786113
0 1619381221711046376
0 5553379911902242450
0 5751156867897177152
184 14621237035745398821
0 2851243914113060086
0 12842093782135568508
0 7259018390531524828
185 13967588096742411957
0 9026436578810137542
0 1606933701851275805
0 13781076129638546303
186 11561634680107903719
0 8178944220541311788
0 529771345208291269
0 3746948512542682891
187 306853247943575272
0 4247227567477201570
0 6481712588342225055
0 16729167481160790537
188 9836668877358108553
0 4225013056894529508
0 11086306770531830586
0 2365933213109759179
189 15591616447808238934
0 10581483103127879465
0 11885932619677552979
0 16744990526642535087
190 17052397351078218170
0 1965894243958762153
0 3630942454450844164
0 15653002977289742957
191 13359302259035747153
0 14250864486133154130
0 6300482055409412191
0 6996257154644365415
192 16005805986909476225
0 12952094566412050098
0 10325957719031663751
0 15654318154513731026
193 17951587763335093161
0 974597880719814270
0 16962333254380480668
0 2455523390541774827
194 11262949256673338445
0 14912514130635712630
0 15594201702988918933
0 17220480715401407916
195 5308162243473046673
0 3319609055044177153
0 1448889567969942640
0 11167330582594591931
196 15851077900122952431
0 3820530595670502203
0 13850321963617785384
0 164761768271116328
197 16693682485059991662
0 10700113104742087364
0 1533722232436652624
0 10464460704061076955
198 14886984121241001800
0 9134174494277211700
0 8935949353750321256
0 1182788465354833067
199 11735156617584937129
0 13428829081126349912
0 136126621107790755
0 4114371261420518280
200 9065798104154766441
0 5777123634244282752
0 2627494282976454617
0 12065051521399513941
201 18358465251538981588
0 5861034492950114311
0 17557325235852975954
0 14295431954150581255
202 13172425007828998393
0 9915571043060294576
0 15090014557481461819
0 3383551350612029876
203 17889283796454378657
0 5725956845884010091
0 16496760073009822409
0 15313579681922420754
204 13545713911693150921
0 7415482332525463317
0 14185489818324563072
0 12743580723660654860
205 7194213701258738825
0 12849309718676752
0 13720795932708935068
0 12372255925765639370
206 858381890113939336
0 12899936226472485419
0 11843547367625476094
0 10193018822058387752
207 9873186214603016105
0 4486330861778772258
0 11812953485403527046
0 17677968398142397100
208 2870474213338181599
0 7749756208046610315
0 4864943692634967570
0 9609587032676550155
209 15488886770679926965
0 1147278213804282252
0 6516787083245763687
0 4100640387819396951
210 5601683049607441089
0 12051638448188464181
0 6492576357600228238
0 3274364012154432581
211 15423900955292131556
0 17630315791617772431
0 1346525809329173931
0 4852356860404814490
212 11101973711861406216
0 13924166648215846583
0 10827587224699879701
0 4761663415063349065
213 6770298176694538379
0 2510648772802807061
0 1885262042286870070
0 8851231635602320100
214 1695839074585781283
0 11695519690213222906
0 6599411467921116003
0 6271441137716421397
215 9718553492473285357
0 18290245104968494003
0 2088918467032236888
0 15928274225451800233
216 16966805821778466501
0 3329066738445278723
0 902136944434399903
0 16294776012384146918
217 3846146273783289154
0 15591605934344248121
0 843361316220652468
0 3597723599716691937
218 11347652003933202639
0 7567868519934341410
0 15680625918133606211
0 14562672486651128073
219 10369178313864360684
0 4304014110351770210
0 18285723005139433354
0 10979371875289030533
220 17476483165707820284
0 15201496384385943501
0 7863363428353702697
0 16945751929914603207
221 17884509436533378423
0 531083545201250937
0 59372591293747531
0 16164910044076200977
222 3213247401467936844
0 6821715480418785650
0 10078013757263383212
0 16118953106627041823
223 5683711531160257798
0 13960818446460266953
0 12231376094829671102
0 13336631854870082898
224 1710131444162214679
0 12291608883773127152
0 6404394309938779725
0 4310427069722314892
225 8431336509614320411
0 4526300999857734519
0 12340546857857411602
0 2068019086329875585
226 1295869909901134093
0 12157150774418279345
0 11929980231653918384
0 1881548682940398666
227 11196207276732264733
0 9818993827319584816
0 11324893211287554619
0 8762139620243263033
228 8701769126274485943
0 12912668237856952594
0 5814229722711793792
0 10364994472185776651
229 10148998887639384616
0 8956763026694663848
0 5933489870095508327
0 3120327694446753670
230 13582746524903924920
0 14592942823467560723
0 11561590619237572758
0 1097221319107393482
231 8028956694262662171
0 9584413546454690944
0 10109480342794700247
0 4319339164725146360
232 1611240107990251805
0 3710749754492560681
0 3874711017534004560
0 14457893218527997183
233 10143683168311643753
0 11528602080164712476
0 14309682393534110071
0 7559099865460432528
234 14769430739337819269
0 5067026921729099152
0 10225454549161372718
0 12531383065902092100
235 16628496740987039666
0 1411758745422575557
0 4186221309091952967
0 7723225655193894441
236 3892443654798908634
0 14447892055191840109
0 4754337163848062800
0 461576892255982177
237 6139680594048836096
0 3978374773204982771
0 4059886720248256833
0 7937433659552785995
238 12291781835629356660
0 17561127916793534694
0 11682564302667438645
0 2065887585806799634
239 11531683383274303743
0 1460177274427333397
0 4748124926460707446
0 14162201061076749827
240 9909562961862625490
0 3809539694365230592
0 17676474973759177426
0 13483810920440301634
241 11906093359339930130
0 5941660969927457604
0 8699205342762992301
0 1135261045769638215
242 10570440458849860769
0 3736310030553794349
0 18424519757909496120
0 8999263608954313164
243 1136923179175255000
0 14887653832802583411
0 11782594469735602049
0 13377899063430861234
244 7690746717764919653
0 1806900943815374236
0 2853063845282231232
0 113324055887271625
245 15304702444536509306
0 14396464183031330897
0 14520092639183400427
0 11556036452055424100
246 15234759102273139628
0 18388101467750375502
0 1286251072821349858
0 8160299457413444830
247 43875739811435927
0 5308931010850658515
0 14479521612890576335
0 15122870176288373518
248 3310497467776340563
0 9208778553032941002
0 7416107181345613057
0 3389768345219969618
249 13732259392654008027
0 16425234231844600476
0 15558454436928091661
0 8984116883373095747
250 13407497104908606886
0 12835002430113972861
0 8107498164775105588
0 7905625631365780804
251 1914201119922282338
0 16386223915179256802
0 4540339488393745120
0 16214960538048011
252 9528731302403597139
0 2624773110414993720
0 157598127265207276
0 18011432452933997284
253 14098134438280396377
0 2825702325253190440
0 4151435511345495353
0 14377580367869172061
254 13920286464626743241
0 16887079835738462573
0 6162039745647018725
0 2753825873615638172
255 2561520381337558981
0 8171720456239908687
0 18192879324658325518
0 15225866158858518871
256 13788699121127626338
0 5360335440482718534
0 2889704872939531842
0 5323297074062907280
257 13193730473897734246
0 12424719088094945807
0 9895603902509272342
0 4860325481308547331
258 8572490282947921702
0 4191549811066474821
0 18367685849568085276
0 8970272751905083085
259 15818724305700830581
0 1140350388111309859
0 2841594612371352433
0 3973326814911314456
260 17969632614084815483
0 7399653083708547955
0 9938651910692871581
0 12218386654809330616
261 12203424929157891842
0 3152337771204306316
0 17450534968053977348
0 9564697731159695718
262 1741231901606116947
0 15921442721084134279
0 2604716447725002758
0 11336397719234438811
263 15872175077904660616
0 8185431124173130433
0 7010178471003950700
0 6519927688134849775
264 18086627377859668554
0 18192958532646679859
0 4684482642961419720
0 3458382967636457162
265 12776629971753023984
0 3744465154043414790
0 16259293480158009154
0 16826296535901188191
266 2375015890614036651
0 15669159237329758151
0 12100560191977007058
0 18392989424839427525
267 518371527629984022
0 9961835438686207265
0 11464422524452370808
0 6392475791350231156
268 16180790556787204247
0 8499056559848324402
0 18399944686529011949
0 16009376166828740156
269 10762471972357979762
0 5159259198495064774
0 3294663441561583609
0 11504470070797726934
270 11043753508873062957
0 8401126964944000634
0 1502491813178792111
0 15898128890473384458
271 2258866331133883534
0 1003885726253539136
0 13594958116781286264
0 18353779894961927871
272 12027467641863094844
0 6672166529386746238
0 12608288551796390744
0 6574588066202471458
273 13177862688963237886
0 5468778362399921346
0 12973997607064785228
0 12014145386613484972
274 5474606064271055198
0 16432451352107284378
0 14942792011547271393
0 18127264080410775544
275 14419311727356961775
0 10704304487549008845
0 2267306576280958049
0 4691087139964811253
276 11132981845450436238
0 16288628238349239518
0 9320013280271774686
0 4135335061922149944
277 2586415176832578362
0 15116854918964564724
0 4659627113712644291
0 16351578083562535386
278 3693892379258826326
0 5585992854746263979
0 7994251021929451555
0 3805594457281739768
279 16149731121953833178
0 13913299322718600717
0 3970017496712078281
0 399744397433748223
280 6820192890423578021
0 60944651061602735
0 3302695860336202672
0 4167931752433950714
281 32838228665518956
0 12260401508126104579
0 2650309983544934327
0 2788798244861377713
282 16472854763859512717
0 3835856652594085477
0 15702772840282409861
0 15645237894079275516
283 13976601672643093719
0 4525720477003174201
0 5111705993464546303
0 1344845905204928110
284 7910632016952979966
0 11910714909357491517
0 2954910723951317280
0 13993870332278031813
285 11699232783426022513
0 6224967790225228120
0 884332593902317549
0 6600632944657765216
286 13313995375374847353
0 3494405264634696478
0 8005379905639263125
0 6662255079069871321
287 6042241143677384314
0 11359891214397139754
0 6800661373656667164
0 3711082691127843188
288 13799059189543953644
0 11398052413538731187
0 13548064260813699961
0 10516580625002298811
289 12403937717121898146
0 9549333679901655623
0 11216943331914200849
0 17155291053617666455
290 6255429017155947696
0 6282446725881718036
0 12950363006099516025
0 14848890890536789173
291 11390330281885538527
0 13023196763035995290
0 15786588869001412816
0 13130971267115677872
292 14039817895649144540
0 8802013758672306357
0 4881295597410124308
0 5388682779311036960
293 15995207691811056609
0 17526032367711559390
0 7263125593398613785
0 12153454486719611404
294 17482742601308728707
0 2640798257143188713
0 12530430788499020354
0 5433829380133405835
295 5286090545870647914
0 14561821774752090988
0 7924903242389171179
0 10273512660880739683
296 5818793121156699661
0 6600340107607218865
0 2263591680176360225
0 16380617127700507531
297 7971639960082198866
0 1249353937574974821
0 16624596498767122477
0 8925090959113279669
298 10268043457540738156
0 4649630458425683436
0 1416833210419927187
0 11460925475154837787
299 1287919281127772078
0 13777517588936555075
0 1147752830091858880
0 447275167065636632
300 9756064084838332455
0 4106709570675986820
0 3680429484978964803
0 7385573678312320336
301 17266231344479233438
0 5752473007133144401
0 7529356913131134799
0 5034346963494118522
302 1454782478698112752
0 7607861184125858680
0 8614004548836927692
0 15724787177076897576
303 8344114207942736832
0 4482275255405712635
0 9936657356951269592
0 15612624439569433593
304 3953196412421509213
0 841565241696238464
0 3524087859208070504
0 7554240324784614295
305 17948412204706453649
0 10578224503181633488
0 2816109703958714209
0 9163333036916141085
306 16925277978090676423
0 12030524057439959828
0 7162628045049724289
0 6583967816688052801
307 12891850791835406386
0 4966167461246284835
0 10128810809472547156
0 3582248280294434954
308 2858830942203048756
0 18227928164565055999
0 14952395452087568519
0 17374399317360183024
309 7216964690888899803
0 12821244762061356358
0 1556088004887033797
0 3306622828777592923
310 11593180923722635531
0 18126458097170512152
0 15543953134655720403
0 10233720845566886096
311 16481822055705669090
0 9456130825658651868
0 14958978522553229867
0 17520448957757152163
312 3708078037403377381
0 10954450818599836686
0 7934223519963270874
0 12076550953283521500
313 9770649750756957923
0 17863712531581519582
0 2754660990632544817
0 8561198414853545810
314 11643658274098623928
0 2931911983939687911
0 3803975866884947494
0 10149091599450335849
315 12101371802417153103
0 1885347353165864928
0 6604161171844937669
0 17307277219583185610
316 5491608140792413355
0 16523790919718350468
0 6789281234930921495
0 9482374815276698484
317 1444672486509932769
0 12064975085352930611
0 10063584702323184750
0 7861432587073469159
318 14518321747761751327
0 11932351742889590290
0 10995845415886942783
0 16112288772120967452
319 12908104375591007188
0 3777105463798463604
0 5398389455449423097
0 5414885221067984814
320 11107253559447549770
0 7106617061864369423
0 4649984099773522966
0 77382722181428995
321 214903470626229428
0 146493333921072987
0 12452337208472396674
0 5482393659530622493
322 7197533901536246079
0 17146876372210621411
0 5976221114819241275
0 6159832277232781857
323 12930455457244986296
0 13894791202008205822
0 4303331444403638206
0 9083114497475682212
324 12765693614678542019
0 16813087951952884317
0 4029453271234554238
0 4870826214455258407
325 4582700584194760835
0 17517560169642993488
0 17298744300285168200
0 15153159909322698115
326 12913505216263243062
0 5144856047521619978
0 16350808947973518478
0 7677393329215628729
327 4798390152662705390
0 8876485096361282479
0 3515130383373582494
0 4329876179016625182
328 1336319290929124740
0 15989076297901714931
0 13607191634405895804
0 10967959711283224435
329 10339115167981702013
0 2508328488207437099
0 16542635104576654012
0 980461173209506945
330 18099468648146625074
0 2924137418533866779
0 17970231550854355188
0 16777616107049188070
331 4049177521018910298
0 11821002538338672759
0 12807701026580331743
0 1537460556289762733
332 11697935916610397926
0 17234210089654708958
0 4967128648230216447
0 11865047584435312357
333 9626758315486158957
0 1508680603815755118
0 465261579403829377
0 6149506448677453098
334 3127443003105869755
0 1540579858338839079
0 16150348392076922839
0 16117171948361223374
335 10436606869345123531
0 7163461668898516783
0 14708958575081907667
0 16833482864552428957
336 805283655341135085
0 5197707165363180786
0 6033295638377997887
0 4868127881244577484
337 8493380750655469898
0 11128944157227000298
0 14630627776588510879
0 8164501938566490547
338 3601979794897029033
0 15542342119610448315
0 1376428718717627634
0 18270527177249079738
339 10259500056456280260
0 12398646357225348967
0 1250184592168587486
0 13380187606880470980
340 4612313077210650899
0 848102664202626931
0 13474307822805273989
0 6870089867677304165
341 8946055000670733395
0 11298725462259524822
0 16778828989599557475
0 6678885460936837433
342 2208006088960418291
0 14645601190203338984
0 4077070710910826771
0 11948131615708927913
343 4133273158867831578
0 17234160544425569932
0 15588239317216373318
0 53522555176722132
344 2933149018811648394
0 11659966678680745505
0 10116821887409051383
0 11008774159007194975
345 4801417457104983509
0 10583561620913807903
0 15909059460316114801
0 11815220837551806678
346 95715013486016437
0 11816706404049007146
0 13606005004347550614
0 2792209514366737533
347 15382117818752570905
0 17398105675292062503
0 2272993976727659719
0 11709824374948432636
348 5426733213900671902
0 13547402648522102869
0 2022642093219756508
0 698917583049176884
349 12683686127691901716
0 1322224859944939411
0 11967496515913134861
0 399985499222089739
350 15210984337199105198
0 3619796070961993592
0 5872456419466625304
0 5188487250795427388
351 12917581083723694518
0 3230948319124903361
0 6446546048593117523
0 11858440028051058111
352 6984891501537561014
0 8054835340339432700
0 16058786844775475041
0 7166843335980375504
353 13834879000961432085
0 3511249200315428960
0 11153378374559630324
0 13780260094727515898
354 5378093265341259140
0 7452330542248480532
0 7568173732807125958
0 15380157451845610588
355 12291490126858244902
0 15866616125759861857
0 447839131183405265
0 13151805551170913348
356 3718471733905090298
0 18284933876117280381
0 15815927822372975234
0 58237837530112192
357 17722290536159793409
0 14294093820961168058
0 6635386334792668338
0 11257497159256890803
358 4575043531884569170
0 17276639876595687854
0 2237373063588742255
0 15479126233689696659
359 10841422878201127347
0 1320428301567984705
0 13186272420599919070
0 8947081337946378071
360 7246850176995528300
0 6717543390871402010
0 7126242862138888866
0 5256818137877997037
361 8677218931670233183
0 1052024182864756143
0 13970593194983706640
0 4635775596986533485
362 1540797291254783314
0 13770186145683656072
0 10789264344154427576
0 9754944968698047002
363 6129635421671541820
0 15586766273669265477
0 1346450600607429807
0 15424646244203308293
364 13245068215395884374
0 11547490414977261014
0 3550311170787348460
0 10364686482263857214
365 17621979118469073174
0 1599871669269647633
0 8417566700530566696
0 6404377782818229858
366 1569048957885502896
0 16268913097040309623
0 16309903189500015897
0 9733062150448669483
367 17265058635843439235
0 15924771751065738583
0 9123408229270255582
0 1875085703245482425
368 4665255200555404490
0 14245426806818444910
0 1024968710780712956
0 4246833030428393783
369 3286289196076382645
0 5158304107882681647
0 7274482827584121767
0 7398616260483258989
370 16351291507442774225
0 14807348922812452360
0 12020933976430529458
0 3426575292457438523
371 17203202762819310563
0 5905925065876226694
0 8545280735481848146
0 10365692105150220646
372 853575265015791033
0 344531246049186198
0 6317034715270901538
0 2534545799023391017
373 9966433215474450526
0 13010332715167767126
0 16806063536512157343
0 13269020900047457566
374 11748748422653445525
0 10904014135852817553
0 1971503742651436567
0 8416659321355385601
375 14279676822972224604
0 7755794766646204403
0 8711367592124226395
0 3691108304528816334
376 3770916419790971305
0 10782179301737552537
0 4186230836668536457
0 2790253931621493129
377 7297036720725259145
0 7584184565169296469
0 2532002406285157248
0 9798796432492699849
378 18423777159200948739
0 9084498410513584515
0 12550723361354767888
0 4520411471212477046
379 6792631333905536670
0 17566659500552197469
0 448291071955237490
0 3150219190777255887
380 642232042636829318
0 6936436225928227469
0 12462687883744660641
0 10217106277344675985
381 1098332785289078119
0 12008409944823169443
0 12994019246236476129
0 13473494077211669917
382 10305208981351101643
0 8611240830529605693
0 453513885872445949
0 875081301584222971
383 16792860404998929979
0 18019794266869391150
0 6834261626397552339
0 7451560160540876768
384 3059301045893190739
0 11171876941439282530
0 18287959612726881635
0 3496878594522529806
385 102599048289495293
0 5726227919474392769
0 2433721617174227240
0 18088166296634861585
386 8799420820608536607
0 7864551466684704527
0 9156390003988107430
0 7795150110071469952
387 7670045748956910932
0 11118331054984139050
0 12102201033204074184
0 11713968222032936634
388 14191877099157537033
0 11491190421726925005
0 13386516830369538588
0 1806545338573777300
389 14334212538294794453
0 11816111843967255367
0 9485145032582890867
0 11780185705658723605
390 10982847490541208096
0 11730365327124406426
0 7523789797888211685
0 439981580060151911
391 7221054597239068752
0 11284860713453249190
0 14341080783434599075
0 1683901296291233389
392 11397361668056587707
0 9413684291296788765
0 8528672252511755619
0 14152450031720285003
393 10529890812031200662
0 11688011162814183078
0 10142386123830056224
0 2871270474669399323
394 3325614512444114377
0 13373717395250582687
0 3627204016079891690
0 15672933695465038988
395 9357247290626335929
0 8027531130017400329
0 65064908908163939
0 10825811908980012368
396 2228704586974080037
0 5757860663142137875
0 12635358605055563681
0 10146595395942752367
397 10875316524775436094
0 7617242891958569228
0 13610699335042011802
0 2095766687258491173
398 8244862300922324524
0 16011870992217518170
0 15801512462721878017
0 16393704457268610288
399 12536804533780207635
0 7255720005424657780
0 14763578925545480893
0 9603333559159597167
400 14593603516093880744
0 12930414113285891313
0 14055413538039838185
0 7228266240374370532
401 21418531064371744
0 292211875946514598
0 6766925748977724914
0 1871648241794406196
402 4427534353155162534
0 5223232496903506714
0 17807983469744009026
0 3207989505732158868
403 13817436016908435688
0 7776854222847762858
0 5098951886554058784
0 16292534479810602195
404 10245107373973289241
0 17145733886645090209
0 2834539028001510979
0 3925083858822818361
405 10575758245222439260
0 3696771155247917474
0 13001188456160227650
0 4783640178832407684
406 18053214754977839368
0 10026305200792101917
0 15025102756454441218
0 2690411738237058227
407 12752850831857335010
0 10194817159366304722
0 8975931045293445769
0 12616860715377726687
408 66093785758251855
0 9810409613831233058
0 14660874993507676944
0 8897257050841434308
409 11886946081501185188
0 6451541274929234377
0 18121634480193993388
0 11900813229695497373
410 7468366566549072834
0 867509662694866881
0 1091841210020695801
0 10203700966307966601
411 7684330930815962927
0 10836382504089987053
0 12148465490193233056
0 10195238504435610364
412 1862107271136469849
0 10814410446352971562
0 11700989817435713914
0 8246833418570113185
413 15422136849269180172
0 8982054042256793701
0 9833622507350027009
0 197436366251858534
414 9674319311964490396
0 963658702141111219
0 16065961452005275194
0 14391244247256046371
415 1995529583984366948
0 13602687389146739074
0 18232831314425338439
0 4737622473958731897
416 4934328680464173216
0 14613115483747335655
0 3620928118629558841
0 2558101113953176349
417 16835393894039459858
0 6272234340283304944
0 5154215351793693566
0 7328785257166275247
418 9473346447762535337
0 11881822106932729002
0 338874410208773737
0 940690707610297225
419 10115098266750127733
0 14271834225084960712
0 4528974729689635871
0 180571173196255712
420 17011087968486508180
0 15755889344572129768
0 17684174413762099966
0 9092928907306512679
421 4076510186050593515
0 17243299061267249808
0 14735591318007628074
0 14258561828659023292
422 15441447796024309429
0 4409374169725098035
0 8696662298375366236
0 589756532445676416
423 12215174854367944284
0 9904160260529062083
0 5008397713254776057
0 9441027837551557300
424 4774494342622842744
0 7790093953293321817
0 9147602123938103236
0 17439035689794219839
425 6150438991374443498
0 16578222112982647068
0 8929402635393761239
0 8119943178969612103
426 10031434864328344970
0 11953902942650472489
0 15306208755152331317
0 3185626018750921773
427 5987356927211543554
0 10188066727534171954
0 4759606274244988218
0 12039894430685834946
428 4294320158564281686
0 9942282281853290484
0 16452114056873063941
0 5269808103568881594
429 3272731123502833171
0 6161880455950902840
0 1418401072389230213
0 15785567281157548441
430 2568281137173434559
0 13835865912906349649
0 16520216122676831337
0 2917310751308822608
431 14946287757726125361
0 11363626363510009819
0 8546574845825336145
0 4532636636091226023
432 405818133179184562
0 167965386977689987
0 1001297307164762427
0 7633230619506909137
433 8116380127219443134
0 15292613583612206986
0 6654345070222811486
0 8022641764285470671
434 3208605905283515863
0 15568215512246173587
0 15162837822809644598
0 13021987617287110969
435 9466485907859570866
0 16009077965688609659
0 10859320795752772754
0 356634772085838579
436 16714034180453314779
0 7869819483291616172
0 5696391456647216833
0 12320773798903343466
437 13773251754256236067
0 756392263074556840
0 9366409315149166911
0 15059030750050287703
438 11386902885226453535
0 1980905529729231492
0 15816062981630063252
0 9682382685681542054
439 5468074041716121279
0 9634214727768848770
0 1664998885688826779
0 16381631651043630941
440 2735042551834076952
0 12100814598373251643
0 7907377998248759109
0 17255856812940936788
441 8550947123285341692
0 13998031460510311855
0 10785824925985041974
0 4931051082487605358
442 6597328472555651090
0 3996630735946545330
0 5011360452007200050
0 14877755790547488127
443 10126725005787357477
0 6602606288045556023
0 7665336052503406732
0 17145919994380178126
444 9198390262587316063
0 9500560439709945020
0 12219021042177475566
0 6697972193761050086
445 11141927793444502604
0 6849768133821724660
0 13979754172085899663
0 5996871511027256057
446 8530356454539429445
0 15561628779773425191
0 16128194409322899501
0 10150645965187189798
447 11509449660750320668
0 13293013562198998515
0 8400517664467868930
0 12760699901221459662
448 992277200026557373
0 3356694254134910736
0 1056794631096857900
0 4073583256057791136
449 5506178021659671324
0 7927581650102752532
0 1650904562937947185
0 13799067327046374082
450 4914862498546427115
0 2508320353077341149
0 9229914352969668012
0 5063973632789152833
451 4015825385790468582
0 13809517606128314358
0 10237791572812835960
0 16032778056612749497
452 6115843063219829744
0 1771776447170296223
0 5254245666948577165
0 12341986239426355662
453 5958861417600066131
0 17542195371104814638
0 2726079691168580701
0 6042622960902529603
454 1215001522969119147
0 12089224508480312061
0 3376997713778067575
0 16949217453075700846
455 2834322620107373993
0 13853998977191087348
0 18096817867852895180
0 15733187627162629286
456 5670528139937516169
0 9459529274478348557
0 11359438051898611160
0 3700496107955951377
457 17486919894687225941
0 17035179385911149052
0 4904922538070107796
0 3975042081365266517
458 15597773646942130706
0 16219617114191925340
0 8817424966177523128
0 16048902781362815546
459 3572938816967025830
0 771193097693399485
0 16418160376409595903
0 223492369173796949
460 6672901848608410797
0 16102545603361305859
0 5162131461451453206
0 17089683879553680889
461 12071198775725148952
0 247259669976405730
0 1919067527204795886
0 15759169515995257817
462 18374524345287307276
0 8242108342006079411
0 17065443072909765684
0 6599645379443318684
463 16228820748715652823
0 15926112468645698389
0 58677492212788098
0 3735094564156290303
464 7067570652505266258
0 10159963398745885080
0 15709545843188169748
0 11352319497720368057
465 17896651178890901485
0 465334350239370927
0 11285890241770134540
0 8859494652956504035
466 16606566309055857673
0 15523265762053056181
0 13147715919665210949
0 1902687675285489379
467 3994940026780377837
0 12038222099702171519
0 5496633863416748399
0 15312805280516682838
468 7004425276905244319
0 6551447088002137811
0 6468965795674169360
0 16579274922920942202
469 11516026755765620906
0 16456562223082016298
0 7951354745325482525
0 7177093419613706862
470 17573523516418219042
0 13875592351916831295
0 5243647534215121342
0 14373108288912262626
471 8539998413687532909
0 11829194960086273745
0 4518291316511479105
0 2754367598516177439
472 11641199900578334790
0 240825236938866365
0 9680300892549346684
0 8343644624899607331
473 9593373480107097602
0 3939541615913930626
0 1416463646048990165
0 5780561605540246304
474 8454507880022024289
0 4140261645108432321
0 4122196671329642065
0 17720562038486807839
475 7082732639022140498
0 10061974644215425351
0 8553257633840961068
0 2791670081164588294
476 10482028457659510030
0 294890541362675920
0 15925275811466022290
0 16566796184670200593
477 15540819402911154210
0 13165887850899127487
0 3043616711384087412
0 5634748833320455060
478 17994174478208912571
0 13971726651998696118
0 1627256834208154145
0 4954363929926971962
479 5172912051651498040
0 2822020207337400210
0 3476201690788006305
0 18079507294335319122
480 18420347752091439010
0 9851442737900360844
0 10634706165052278184
0 15268645621675957051
481 8131162407712707959
0 5445653006535615289
0 10849727086874996969
0 33076389072548272
482 8459125736582421098
0 601806189193475319
0 4806278249947270724
0 15770536042511062825
483 2105144952584707494
0 13356060886676193213
0 6624389188440441079
0 13437052195382340731
484 9561899930931134565
0 16143288139812150035
0 4164382530784853161
0 10203934509875487405
485 9890052221122237607
0 9476509022914911049
0 2269493962353886728
0 9366670345550264630
486 8963583456283056162
0 1983463641572511928
0 9956571022698346172
0 7599207392726467799
487 5310208916702453436
0 15308696446185345709
0 2012622335332902368
0 610243680403591950
488 12457078440513335602
0 5802917410981694417
0 11640674303753270843
0 8145122454127320691
489 5671585764001608505
0 3962620901903148579
0 9818179451599340030
0 15973296591831912264
490 10468011124680179304
0 13356758242757518220
0 9417246806255755828
0 7297145463066841188
491 6499644528288638514
0 17415999657000014275
0 12523281616683480548
0 1364319186848622359
492 6964719684925686464
0 1113222868161208344
0 11768823444429248026
0 772158654771435481
493 5637944400256243201
0 2532977028181954174
0 8823994562684347853
0 5951056472452448951
494 11648169561416529034
0 6458777789370505193
0 3399005343801860854
0 6847916241627410449
495 5159250181079767340
0 8587696613816320473
0 6908429621621754153
0 210411714067945114
496 2427834171837997480
0 14944564150826948695
0 18061656663997737655
0 3255309625417609567
497 14059236717600945538
0 15538452286380829621
0 2254551623569703842
0 210246145246936080
498 2037103859333164076
0 2690620791917165730
0 8891177201015958546
0 14545261018380721456
499 5729573643759799839
0 2186323569260974002
0 15347631041589163162
0 751785242822266533
500 6824157742442337252
0 6999259124967765823
0 14669596688966630851
0 9008639631803801811
501 14054435567919178171
0 15792346365921557576
0 10332268155636821964
0 4660162785169114550
502 12709316668674190068
0 13970994522186244388
0 7029200425833206477
0 2271109444981054409
503 6295587736957231908
0 13955958590267630133
0 16372158828909023609
0 4131265268240633395
504 9690904254219710533
0 10889979163360046906
0 6556867126427343932
0 16570695057153102814
505 5960454238971285165
0 15363008281845433824
0 16578684214171350342
0 16909884517342890011
506 18344123759792940214
0 9165811037313097220
0 5202827971173754718
0 17440983314293463237
507 13147340942789364794
0 16196071827084781274
0 10572585254144450880
0 6175609008384606436
508 13076490133579714815
0 15959798371610379904
0 7539000773220410517
0 439262274616991136
509 5883706749865648386
0 11782632868770459263
0 12868143156570052736
0 12136896570465986997
510 16189799348054970589
0 1123625336601289736
0 4637482104518963798
0 17842324226142310608
511 12388779244425011405
0 6440043357258789506
0 16906933799275767233
0 18164631108046044183
512 5471714154819245566
0 16731587269703005393
0 9113583201489690591
0 15339596951992748504
513 831600321731553914
0 11950587305967198574
0 1526594508081185952
0 9911404720877239540
514 2888881102501439101
0 13676727028734134498
0 6387520521957316806
0 6112146448117232477
515 6703605212015969053
0 5525779209538331182
0 6379380897845447341
0 13655790354799259179
516 17523457352648745033
0 16613677043659493400
0 229558272478877790
0 11533856451583147561
517 6972861062374476391
0 2043129273114871425
0 1674806689302690595
0 1446933788967600554
518 5362150478449602184
0 13696528179103606450
0 6859257621277214398
0 338177643476603616
519 16003432322875271422
0 11606251413440745671
0 14894920029509398980
0 5938214910376681161
520 12529378501928611198
0 2785207766586234143
0 5950262040895927963
0 16374753417660423949
521 4260096487814114761
0 2551832391312566217
0 8706613944214446839
0 16310353856148960049
522 1395068572442834356
0 16291396789393807147
0 13114573201360988272
0 1209002812442965477
523 6820668118447903403
0 12765166211143815028
0 11772126343295694605
0 6249988160505767555
524 9859570427750912448
0 13261559133487376518
0 4365599019627187937
0 11643272021765612414
525 4634471155195538570
0 4849339376785964365
0 2602217642107989453
0 10958075226604597141
526 5182896509139573958
0 9854309299440038590
0 204606186666776661
0 12444478654599633600
527 17239231057023919935
0 17479898895724588726
0 4846589869486590823
0 12468459531082812325
528 6983578184962319567
0 13996753381047205402
0 2738418119745285277
0 14102988201565928687
529 4929333921027313778
0 2085371013041082720
0 13788951049796315235
0 5118502888443274518
530 16092642276950851011
0 11877394548335380514
0 15544718439376735605
0 630334961163934991
531 7685522237585899606
0 1961072663695796141
0 9164843225804017978
0 16746884117464570610
532 13933505382663910763
0 17888491634565331678
0 14221186873337504450
0 454428632177401907
533 5994563333342508666
0 10068277424644001584
0 1726726781534304509
0 7542826338624139248
534 7703383025075657188
0 5710449541284170022
0 11673201565526177061
0 6445397575942969456
535 1502175949314145433
0 3672168437564865179
0 1582665035904540079
0 565998320001233843
536 845012378927681340
0 3568035518733208800
0 16868722483493990203
0 7574443546416096257
537 7917242254023792605
0 8799341160261607589
0 588269902558087595
0 13668701761865336745
538 10265460602469110668
0 5715685352730595164
0 9725380202988177295
0 14578196623938447091
539 15325867602424095262
0 6063933418968894124
0 6401976710537359872
0 1745264927324435513
540 16069120573854405110
0 6958099913924967103
0 10764734050522491657
0 7888912209328742666
541 157434136679945050
0 17771081067789147704
0 7124849871126051345
0 12767491866352973835
542 10326943919478072256
0 16004512597928942736
0 16789758615403924188
0 7406150891559673763
543 10195222330634575863
0 2384997494680452049
0 4487016477748054818
0 559421449729242607
544 4341672024248943561
0 9303255109989183883
0 196838270957510677
0 14729126214438701371
545 5595142371222787770
0 16541215826377456418
0 3790572408923388729
0 6972398126027611327
546 6817510632147601603
0 17662105428485182646
0 14302924782516164843
0 8513603226680249143
547 2074795990353110089
0 14990410091079185324
0 13985211270414287738
0 9131258453439544680
548 11444711753569762353
0 14067279149952733551
0 12613330626912145651
0 1859396283524817093
549 1538679138605422553
0 13822772885490004895
0 16855309088486391301
0 15179244463755872395
550 5402371013144622031
0 17289403568155957736
0 6597074048303764763
0 2439660741459458069
551 10420229320368365900
0 6055458285789623866
0 12884219629032430310
0 7455991773136890465
552 2725923348354999247
0 14825685766356101146
0 18124283483956690382
0 7653014759832761331
553 992634281310702244
0 3128063503050863225
0 12167664582869640935
0 4557928386810478640
554 12238331522784460870
0 18081484981221711799
0 13064585406894982342
0 2419380965106335819
555 7941919153532839436
0 15036624596819398427
0 11359375935919531061
0 9809231163385887097
556 3968671999858496852
0 18096903146048139166
0 4633537447289616358
0 13006739309540386345
557 7796469477122613526
0 14006803479222244030
0 16531201154626689989
0 8235654491218314750
558 1727770799765036199
0 4039415564710597650
0 3163490872881959460
0 4791492877519810029
559 11563124783325059750
0 6565917229491905548
0 349658242014821005
0 1767694468111366133
560 1634385296641251433
0 12551605463369094399
0 973243288607734828
0 995751406077084290
561 13766049288989378092
0 12181034095653298106
0 10137661505573751651
0 3302262989956242528
562 4201050566428668302
0 5201143651704870999
0 8354770866958390015
0 11534093958819235664
563 17468985072762919936
0 16607759203681454460
0 12239024363850489688
0 12565080233991134904
564 1620087303679400147
0 12857264933094155355
0 7034587410766175951
0 10002989010084269539
565 6847333335502015891
0 15421753253185658781
0 18380018632896301718
0 3763168050828948182
566 12123893772215866967
0 5873914792136645121
0 6138739895798701166
0 8203317541553491566
567 2796839746822848966
0 13211929948132236817
0 13888015301105835787
0 17477787456791549695
568 4926192329780038174
0 17929703973142693816
0 646159397199470150
0 17211549572292858959
569 17763096436569300189
0 8039245460035739591
0 9558790024125246287
0 6346393076215681627
570 18098831381348939007
0 16735708655844717039
0 3416874099335050220
0 10641695703770169389
571 3961698720026737649
0 770400470056859688
0 8726934660659516395
0 1947789056872166534
572 6529846837359014566
0 13429052534558451223
0 13132795123024174440
0 13668720467770558772
573 8690902203107404715
0 7653934441440213115
0 5413359823495362160
0 12052224086444433719
574 8716541122856307260
0 8018073068724791236
0 15605114136544453766
0 11350520772696287128
575 11761645686577115685
0 14645794328380620720
0 6639095005330703366
0 2522382487364486685
576 10486549135296273053
0 13105966730840724625
0 10469214263516331879
0 8084823891792561025
577 5463059858779362703
0 17175451288208616172
0 16413808462338831111
0 10905822362360926176
578 11370156070748764624
0 2773364402565767511
0 8797240829677257537
0 9286854414736251478
579 4894336868304070193
0 11142165911630399085
0 12175976342080493063
0 649266152778415438
580 8870959915672629359
0 120517864909066811
0 9551418246905526491
0 14100423559122389568
581 2790475584325769073
0 6314260278870223868
0 9276085338277312440
0 4121135857448052197
582 10936474106856193975
0 8537008785548018709
0 4414438864506674020
0 3751003349813698459
583 18426337703543110751
0 16237376828707063957
0 9729116930514316928
0 9361115371512308740
584 14945304478658387245
0 8530631963169450242
0 7790746830222644072
0 9313080152222299914
585 15867947056314965042
0 3350139848250983622
0 10405334788814486420
0 11249043387432141589
586 17036473864559289559
0 16014179941036939469
0 4733034012366015180
0 17941656685759218345
587 15646254311988268634
0 2389695782628093417
0 16970896831998293792
0 3009345104064107688
588 7995316982369187327
0 4589500722168153319
0 13173830309249987559
0 2332139826603539342
589 17263658056417526837
0 2231199567708797232
0 16422403665563751519
0 3481097415541421766
590 9228744240923714150
0 2106460000883648563
0 16350981340358661950
0 5581418235734946585
591 4915868608183655603
0 7336622975035408184
0 8972585753837642255
0 12648377743088186130
592 6606496297419484126
0 3654916661850832645
0 2921748645245329844
0 16431453025902429131
593 14767975678853707599
0 1780345284561906865
0 4591430745027315598
0 14211509459413579642
594 8238939094078482165
0 11245907577258214381
0 15771364736242521487
0 7885378371020921887
595 5819708918211110832
0 7970220669054343174
0 15247919075879283062
0 15036561673186984217
596 11521143333933384668
0 2182675193600447119
0 15960644906523710373
0 752767212638788020
597 12454692030041777013
0 13761186682434065641
0 9265533038741150604
0 12759248993058570955
598 6497033106900340220
0 6066473622674865337
0 6353495567961688144
0 16289950733387948237
599 6663120649112388303
0 9384499335932636781
0 16923659862430002358
0 12289922812316362777
600 12970185175363870442
0 4911672255337251378
0 9408131281188721918
0 11876290152482906872
601 9039220439486575269
0 17181915361552639850
0 2608886681835874252
0 10601174492161481914
602 7177999240402203435
0 4013171425009270345
0 2701495335476632450
0 14681783095242323626
603 13200600867792968908
0 308372770426369864
0 9419016279022250864
0 2285545318770869640
604 8767277496161809096
0 9932840432998761922
0 14163403523749147416
0 2182236517268714923
605 6828783418233464432
0 3856095647373360648
0 1424063308312312001
0 4046296318214334403
606 17372785683602024001
0 3402012105718176639
0 3428284273533380272
0 4359423954119165433
607 16753669343105657696
0 16917084274599917696
0 12250755975947378616
0 12456632432755946206
608 6117513836376243938
0 5648132654991169876
0 9652121996295991710
0 8214545573047390050
609 16681359688820577873
0 11389088082832646129
0 17244682609469643340
0 12957830927191255176
610 10737017165034579146
0 3655404121197971740
0 12440310768930797715
0 691526215427124269
611 10816863348761820363
0 12537344906711111495
0 3611025447996844393
0 17690231048739257668
612 9357616653615577678
0 8480169932833946829
0 15928078280543769906
0 14692139709144031605
613 4193526380372848392
0 16283471065792266383
0 1680755451381220772
0 4673701200688979113
614 15688771181820319937
0 11489165219012258603
0 3920199437993613160
0 14220957359637374831
615 2357887942618926698
0 1140976363981950198
0 1465105134528885036
0 8567711494032845133
616 9627318797936294417
0 639521349599411396
0 6359042610889021392
0 14367663377672726177
617 11981632515757027557
0 11455641394905051886
0 8203725798563713457
0 905319017467838375
618 5690586625372013178
0 1069324606985273782
0 7430752263121738067
0 14583769823998545442
619 8254807372846203003
0 12564551692385180755
0 4073726151431046954
0 12919860535176069991
620 4534107354140251649
0 5306881831632666828
0 14419961995288162009
0 6354818057725100868
621 9663997196367090747
0 2066131812769399728
0 11343109458149030060
0 14799603575796210273
622 7759919082276412872
0 6823730323843600737
0 15145877426676685120
0 4090775630414010005
623 9020527229367479422
0 5792485365429666083
0 10694499540267439330
0 9227917717024308430
624 10399658260470918627
0 12103993554766730411
0 8630005507412570588
0 477545127682897671
625 15067421741347554206
0 17406980582682410561
0 5160059136382638417
0 235555879983969879
626 3033749557219712465
0 7385425552053439603
0 13554175090977704380
0 8568325496166673386
627 16846463173833487464
0 15970502885580566185
0 7055692247678513794
0 13411280225982038944
628 6953771296221622412
0 8405708639142518898
0 8186159065661528107
0 11149004964891128071
629 3281825490813901713
0 8579766217650903276
0 5993478981068951522
0 9108222654131271311
630 6389975249434755535
0 12224725017943201424
0 15325158006767150101
0 16491651960186879796
631 13364601492094098519
0 14699254308300406921
0 1168396882193159226
0 4141809811338650038
632 3234461664071112489
0 15204684575414250903
0 17052115328106791129
0 18355838963312532978
633 14138445787848679454
0 11461396278687500590
0 13017451654871907847
0 3959906622948693233
634 15533817299813378022
0 2167351250466491116
0 14869440867116747340
0 8260164899562115875
635 15173907930441589977
0 13933719645102411261
0 697950209159420884
0 17718410235532384346
636 11280232700794930576
0 10797171949238867156
0 11493131156181526318
0 1170648448620339564
637 1303154994043592788
0 8196078643597611560
0 15176167081889142033
0 12157296917872752081
638 11119723457412700461
0 4252856525819996934
0 68141838319716964
0 13616501474038415334
639 8650419795531688345
0 7655047807049314463
0 15093932266651296406
0 8042043291486262386
640 13541357767708383544
0 3810236090984668378
0 2415697364046460056
0 5164678511828308730
641 6370068143498163545
0 6398083435666307674
0 18194377493775612658
0 6182361321979588562
642 1913923026875711854
0 15359355798276036076
0 18175510910393598086
0 10587979039735241381
643 1690184082200354293
0 6410888153747647891
0 8870966954997472761
0 17542055260813444958
644 195664592390296037
0 5694460809130060414
0 3403372766891522504
0 6169861902961123579
645 3740114493530794656
0 9112506739644110910
0 5103607894176458733
0 14902176144212295288
646 14872401643421542071
0 9878717493391749469
0 11330502083664740875
0 9417444616048977858
647 9205807014772688055
0 15439850647125044062
0 5332601068935590808
0 16158174906501440745
648 2526948920569500694
0 3446465149800197240
0 11741027503160423440
0 16500009899435664034
649 7399377310585507890
0 15372361183119065769
0 14026438713241086088
0 16932448562488321131
650 9418255129412780261
0 6779446035352653693
0 11521132622835365257
0 8269278764347001048
651 1101202354498739131
0 4136589515638070666
0 1134860946748414760
0 10999525282275132432
652 16415457589556722767
0 256177854117996880
0 4744211359085079805
0 6972777818346567067
653 1441189590875788939
0 17851146916293582535
0 10313295485144284700
0 2829021123219092846
654 503549056318169641
0 10173681170609224080
0 2473830600884237324
0 14081279096159403600
655 16701423988859836424
0 14965695486126690791
0 15882850015201475332
0 15478091561703810935
656 4486140435705060877
0 16561445314792851149
0 13364966228241126758
0 15954528722037117890
657 10498776237225266681
0 12808328308520992819
0 9308581881294310395
0 11830625240916982736
658 6229298864429585351
0 11941674144902440062
0 16282595587963922490
0 985479358469501695
659 6132337305248845233
0 11744357679249942204
0 14972990471968119554
0 2377297707597203934
660 4442571392097979009
0 7064329234230279283
0 13500499428320855773
0 7462496097734527280
661 16490954095336155001
0 460684459102883822
0 17762624628502248147
0 1530269315015445820
662 13516734977138827127
0 356961214259127720
0 3969229731482882405
0 8014363546595174717
663 8749949059757276406
0 12702145416198587932
0 8535342810293935913
0 7294043778935891633
664 11308150071160115755
0 9658488465158846356
0 7105631521687251656
0 14937734859979342169
665 469077235806480974
0 4425409758944262922
0 17409193518212052499
0 16142560762492133605
666 5788400141619180317
0 12152051555212315587
0 15671403173356047909
0 16322671324500696535
667 8925554937220189655
0 2415312528187772910
0 12594216538420190370
0 5904437366272398712
668 9557283645087603974
0 6076630496154040077
0 4936178703489816377
0 7461836781187859926
669 678356998434070194
0 15565699361754766360
0 15534020834421535480
0 17735688386500753627
670 4386417288664008546
0 150714947064179783
0 15133066106498525005
0 15444246005875102690
671 12991843026106432597
0 17785173754582851871
0 15804824246804024297
0 13473048413889256636
672 8330447492841081073
0 14543481362706127428
0 4758684480909859997
0 3864626981505048161
673 12703549129471853967
0 14068016647308964937
0 16420561873037614721
0 138945330237459851
674 11567291495519582696
0 470465251798786073
0 4846595436994938202
0 14038037923572832882
675 1683483411884591227
0 10377575643508216219
0 3478195244028240002
0 5874400667845666720
676 16509268021066193706
0 17237430782627869652
0 11602356105709935771
0 4305738225378499691
677 4002039091369745546
0 9480359558762004951
0 16503988478423174028
0 14187948841017648902
678 3272829340730950355
0 13418059889721684200
0 9869558451720055333
0 15252769670149037147
679 6617751400373305227
0 16854044711365681068
0 5334227728660082406
0 9893726050041881455
680 5034522078402761516
0 8272312588268356671
0 13116304695634494445
0 15363351322259955875
681 13692338728290444632
0 14238514948336739805
0 5794362010990630499
0 3292156903627054140
682 709025269420224627
0 1916223756455065063
0 16048167780459189648
0 10282100029686365822
683 7360649610542473539
0 12369136232167832407
0 13579541681625391536
0 4153498153795957097
684 7913932017437731045
0 11074713206393046060
0 7656990849056086667
0 16029948430175528936
685 16177246770371174389
0 5239383858156032045
0 6736785755507547720
0 7380202445971742405
686 7104668427436839334
0 14194460082551986002
0 11033151731864421372
0 5752470577822282215
687 13760175398061360502
0 9982949823512826040
0 13609957462599225152
0 6396532537347998929
688 1521727667055392578
0 9000413864502601738
0 16632257577447338937
0 8031101604611269718
689 10884989421257499108
0 12260359149559204204
0 11351630325215347558
0 11503305138172319156
690 2221721735206461929
0 13171965450906626613
0 12473615470876870603
0 14480319123206043796
691 3193852320086946152
0 1660598151290553098
0 12885797662791312664
0 10223874002658707782
692 9113098000416075115
0 3844027133201620668
0 3853954220239248093
0 13346757587085213070
693 2628832653915447730
0 52823227363386414
0 2086898774685590233
0 9859918319546875146
694 181027273360886576
0 18426618280491262226
0 7981252239646592525
0 4520166412356307316
695 14674674246792543719
0 14859642479875150618
0 1328546453534578126
0 13580837444490854153
696 7845157432114376540
0 9448378392290459090
0 3534085941898710425
0 16236579565969060660
697 17119967536822228536
0 8912504002163784961
0 18137190282195075833
0 11116729903288833108
698 5203827411035960605
0 14082199327542400296
0 11508871195967721885
0 18151487770672371919
699 3504827699988808926
0 15343004278881211036
0 15636811761300219809
0 13480748796717428487
700 11412332815340840020
0 12073287173941281701
0 17714942624830018309
0 11544420617262571788
701 6374889395286849109
0 6217537748235320337
0 16968636275641348305
0 413895831564371043
702 3458949636591708368
0 2125265459907093294
0 7732501200753524760
0 1459061632356215676
703 3975819974403223438
0 10675991161623847959
0 15319401458804703184
0 6732354856637564660
704 13048363164466835305
0 2058423061861314792
0 17524601930806611756
0 14677440899905244878
705 17676989474513309946
0 7077403594246474288
0 17244637019640178166
0 10590275979731301707
706 15835829316517962673
0 5919135036758891699
0 16904748866028180480
0 16859349929560706731
707 2733137538215782027
0 11413927046118766245
0 12814054131572229673
0 18375732928505496148
708 4376261033797573484
0 1964128321136258271
0 8341858597863048196
0 17818955211457369470
709 4556303678835125518
0 5030410763410027162
0 9146421862313023080
0 509816802201191175
710 8147108452575277999
0 1228778847008425621
0 7327093758933483188
0 17961892413201889031
711 18282792081380489014
0 2147658591785217765
0 5864004103937679676
0 16157524796264407351
712 3475592145607559367
0 3019958224883755226
0 1824662442850887847
0 14677895348692100205
713 15016237531096486688
0 3811347661850509579
0 8171080354438265204
0 11053121105428470009
714 583306430634167834
0 16543953044990977363
0 17365335745916714387
0 1571837487278597986
715 11398586764645468326
0 16954221498850153996
0 11342225498221159323
0 3798785741760734469
716 1496557540015816166
0 14626936817590938321
0 11420476126785359256
0 18049908538809177667
717 8164304465936429075
0 1739680571273474091
0 11421489413094602818
0 16215423348258478131
718 12507326133216418854
0 2309324459172722434
0 3827176122610488116
0 11650224031420431965
719 16752848928197189840
0 12664376118909152683
0 17653477139611204842
0 9070109179926237884
720 1497875786516757300
0 1282235334889596409
0 13997451997055342317
0 4671594765347774556
721 11815144104665091691
0 8537128140894859604
0 359383510431142551
0 12737976553707368459
722 5983335887629472981
0 11837740596716541905
0 6729322179139907237
0 6070192236915998558
723 14193076005287589895
0 10792806694958372392
0 3551278296033373929
0 6945282033580872827
724 9719450745332812614
0 12394473420908713240
0 6712517703287202081
0 5652340943496730756
725 4092316203548886309
0 10928376364276600337
0 9345777384615970622
0 4375089805695801623
726 16952430683220932247
0 3634825033387845967
0 3121136464049630194
0 17744782161997656549
727 16318173456623385795
0 8156456699528275269
0 3767273440136666764
0 2709269436420602905
728 13543407689918428242
0 2122972772943536937
0 6992666711618374131
0 16867238268792577983
729 17798397959480510663
0 1400122976247485841
0 13759507443005950824
0 11024516214721907804
730 17749325603294835160
0 12597858258138367593
0 2007515840182518565
0 12582608058228275921
731 10349884186213131030
0 11296134556969634963
0 5212315928630010988
0 15877169556807151033
732 1731706794632205414
0 18040013789492839510
0 6349602418862380616
0 15097400860525835608
733 16604066713640009567
0 12056383673172313954
0 1481149524880163776
0 11028905406775509556
734 2910475076002348085
0 7147931636377817948
0 16516721993334714140
0 14819649514755477062
735 3464572232700199546
0 5409021682811519903
0 7567438967927452775
0 16220520750326110748
736 10197236268721559921
0 11208958185190046468
0 14023150899971258618
0 13795476190081567647
737 8838588662186360519
0 12227478680788583884
0 3065982888085086317
0 9955245172703055226
738 15512825023928813418
0 9824205108734747835
0 13344644052063873851
0 3546200461484538422
739 15653552264243352474
0 14010520529506223766
0 4325384467915396911
0 7113274209507341664
740 1909424137293824210
0 14659910628789086292
0 1709515822421183844
0 3158452952141086234
741 13884498411614637700
0 15127605325754583923
0 18184662322409031701
0 253319664120130907
742 6415021942950666676
0 12916927108400643355
0 3945281598447521446
0 3184551660803995699
743 13983740536859870611
0 8321784342995188123
0 12194139491411794197
0 15858957794132521936
744 9933998841047134805
0 14183340602263330251
0 7113837796884446832
0 8987161171653821673
745 14694276627509968921
0 4948681923227629084
0 10570853977859590783
0 10848555923242446111
746 4374671471886881944
0 7907796092833621337
0 2945297270888146092
0 15423366403778691043
747 13765956607943449367
0 9394122300133352216
0 15032950403164011730
0 3671083594802088670
748 11069393069996615229
0 6605414291920164123
0 14844168110770382965
0 3049584495309029822
749 3804457620262590964
0 13163492131485974426
0 6483177490653139522
0 12863421142294706858
750 2204493636972450125
0 4428460695054305897
0 14923490849721957223
0 5463655835480454772
751 18070975969971029763
0 15098831681959079868
0 15657834350812953745
0 8039629891384605532
752 3989397638127579823
0 8010748598637951087
0 9981951792581365906
0 11814544863096755627
753 7467619612815791294
0 11294486243565038877
0 4596077959375471595
0 9201438394311539975
754 7712440288120186462
0 3296183515789011728
0 15351300076064986169
0 5345046949797184934
755 900991077898770247
0 10516141318425464923
0 2160387605735097692
0 331149449246321901
756 11348131482612147001
0 15388599221203284847
0 15172216506355090580
0 14398983692592841142
757 7597162402714022921
0 17591628250370931719
0 13051292423681745619
0 15242432258490089156
758 13600337585357213624
0 771771525984633679
0 7748985805656643189
0 11258103318468033653
759 15586116381925589614
0 13419872559570950728
0 13897264272501655693
0 12795469972146501100
760 13638985535189362479
0 3221392326471992373
0 7483091196161911902
0 5002991206732696962
761 5493236431795182552
0 4764380966526957543
0 14755554325088841533
0 10871567096016624353
762 12850340360635624020
0 8073015709636492863
0 5138773688386836502
0 12625150509468810704
763 9442843164746945143
0 13577772189336416737
0 3648998644876472167
0 7768619114263950217
764 14956543180486532756
0 18097363318324050081
0 15062402379191997788
0 11644453034152688935
765 4020092724882500128
0 6731492111880196413
0 16723199645154409351
0 133205280885468980
766 12419469257632145056
0 4047597956469889230
0 15098582510532330562
0 3319422436218315785
767 9550478364237323565
0 15117270535309702227
0 12103684589382183492
0 11775702424590238335
768 11684669816964783770
0 15351725977642025971
0 6248547533402032089
0 16138185965557815628
769 8219447965184129734
0 10829638517519906181
0 17335545194441816795
0 10283712065074731901
770 17106799786579937395
0 2183586956341280915
0 4538927138978968115
0 7524563638432249422
771 15937811839739403535
0 7889198458051388747
0 16704264127262077763
0 13657343783520623961
772 5716486008643215860
0 3408293602674302739
0 4785381322064434480
0 116704704007128822
773 7453474911491877512
0 15619344098987978681
0 14746859719374029990
0 847247724181303503
774 5482794380320611809
0 7927636949560531348
0 9463020519259189960
0 10926719892382510958
775 5427955693792930879
0 10515029019422347389
0 7501978028303671842
0 2393816102748382718
776 12198921611037556725
0 12471445310747285560
0 6687695118860214200
0 4705451480404854795
777 8008272962648621205
0 8929747603404402004
0 17729275719257109364
0 13861155573751387719
778 1285480777775780631
0 4962385465101131262
0 9055332014205175768
0 6577109218410899977
779 8362594071355749464
0 6286772090154161315
0 15404943833456483905
0 16632557907969979199
780 933554539557649059
0 16709877089697811424
0 4554980767903489971
0 16066371243294831509
781 5830297911107183034
0 12110213790080034588
0 2617907889386417706
0 13742738140047163845
782 13985905004698317533
0 9196041673514303168
0 15830022276671197346
0 412541247979607578
783 17488806727288658889
0 11916060035454622399
0 117757691314647700
0 18406606461267792238
784 17082185962254961439
0 6567326279496498192
0 18190026252758923806
0 5812016293599969389
785 647564212831433721
0 16552229387050603550
0 18235924987640057298
0 17369152586747310560
786 9328331737300261879
0 1507852558173409940
0 17484712772359734686
0 7401058948958227951
787 10913777287972722473
0 4178699343815488801
0 629811916174322428
0 9097507300212887054
788 1844932405928175845
0 15312177037031255690
0 16885176981017120605
0 96770522597219600
789 3522675166814681475
0 11840029773105657608
0 6938782019825008894
0 5878647456579541024
790 3847327494301974321
0 3660582550183454273
0 18153089004031193427
0 1685046408537157464
791 14823556076732877026
0 7958825820313137206
0 18385697332526742183
0 43820999466666469
792 7137433574847606248
0 16641320221383539444
0 49395784286260231
0 4915478907138573904
793 3513799105537352786
0 3458974031387571140
0 7988558520816204735
0 2582069106768254576
794 9684475708772369600
0 9000323629842345180
0 11801849750786102434
0 1274207757422164501
795 7715514392493139182
0 14477408443386860817
0 11051341654487092739
0 16161754525013966379
796 9571799471245902857
0 7538174688248565290
0 9470538947126502309
0 1281342607343422473
797 9635202598668391458
0 8569219268849924829
0 17462586770981255860
0 14939612429137042824
798 649464175574335438
0 4450840934811844109
0 6293413512079888334
0 3244257184696162094
799 10677940585819565344
0 844896576341072009
0 12879299661117729429
0 339822097378350835
800 11056949345640721524
0 6572138927624004789
0 11218388877701694603
0 609881286941532331
801 17113633705288048134
0 5758719305758225370
0 11739692307063559782
0 11874035216076355519
802 5242956419257584413
0 16971612914233643719
0 15963700643874060176
0 8674578816494836602
803 17659044325008959305
0 16030967653359243538
0 4703797386415103517
0 175394385135784425
804 8264002634585130590
0 15870332372583405013
0 10428850029726302216
0 16122290924920025871
805 4865291001822603215
0 14020975812392021505
0 867863351911936966
0 3217765153757789745
806 8498740835714016386
0 9650396848991170486
0 10019246104788949496
0 4524073382463505892
807 9826854626409932686
0 17441650520955142137
0 7296618971775828954
0 14764585861006550662
808 1306205727634969107
0 14237695918388373114
0 739246064790855373
0 3102942561211676652
809 5905510095130462665
0 14035188463767646086
0 14487058996313424535
0 7578384754644060102
810 9180973381461559840
0 6874709617651905303
0 8569125454485987375
0 15291066506326031860
811 6980098498072031543
0 9771676044806633501
0 5690497523578012298
0 16946698791550127632
812 17115947829252902
0 12722438897460375192
0 7150539191478871484
0 16692251647641262952
813 499989030054947754
0 6157999009605051829
0 11844861713889345830
0 1298764051278358719
814 3326536300263247128
0 18314404012078792726
0 18381055814045611070
0 3147224226234570058
815 7496972977584945257
0 6461948232092744565
0 6870989467842462969
0 12698641690658993433
816 11780572805524852258
0 8789929108854990063
0 8072383653452452016
0 13887818865805396601
817 4203441519606354484
0 6476510885368453628
0 3301085496423179710
0 12143311025963544521
818 15632789640409034135
0 5110673578536977422
0 16698002338366234445
0 5390053493796062738
819 10653274181808365513
0 16240589986205836301
0 12511147510863234931
0 14809400433438200865
820 2905716270815052481
0 17789057282829626126
0 11039367918105078639
0 9455945395475615382
821 17170346616957910975
0 13236716849681463824
0 6560652108475691590
0 2999074152998907846
822 4950357393298232963
0 15214779566534604019
0 4503337782474097969
0 2749299073030275540
823 7808055456789527468
0 7022923323345543187
0 11052458325680839063
0 10418480140388104737
824 9280797309268295563
0 16960328710783159687
0 11372068164268413966
0 4461397537797958367
825 9147712368780510188
0 14815998980070448417
0 9780014395386239983
0 18243892196356037833
826 15079346049547698058
0 8487720851649745710
0 17100331908800108513
0 15670133128259136531
827 11252706422049200100
0 18230546415710350680
0 3019115504302436955
0 15812285766870076285
828 1165131371522700753
0 7910970086191363153
0 10022057303937168543
0 1079217766419998926
829 11836316182159730197
0 1455804361990756639
0 17916581454343584050
0 6394100563341986158
830 1721702905846531962
0 16009818864095495887
0 9420574864844385146
0 17775488807906694858
831 1209787179031200066
0 3705611773090431119
0 2573611210327642356
0 8110829732382838810
832 5185096871192503631
0 10812027129624167245
0 2459624562722850113
0 12158483217969358984
833 1048241738475516798
0 13907420162119336497
0 4850448225729398705
0 11604571581532809288
834 3567557512583057702
0 9904759749341754722
0 7958351583130756937
0 1356371678024001624
835 17316498335282445781
0 14584748482698350558
0 6333031460010269708
0 12768930372416232722
836 14543090816621447104
0 10768372271588749958
0 8934492850860998340
0 965075292298277808
837 5355745575826226336
0 8340719162739454983
0 8179526788362956148
0 15738596143646004160
838 11403968631292567163
0 9722811588361424328
0 15526724482949675873
0 6064038636682357026
839 13428691616085331295
0 16032579027083863869
0 3310056102358317859
0 16290235762406654742
840 16498796107873736501
0 403084015809928665
0 13954626990079095340
0 10976470989907658191
841 1556453585620133666
0 3788199030064277605
0 9365138688109814301
0 7678743139685721315
842 8284559090431109639
0 3388293420875283501
0 571873574712692471
0 15051012267362278744
843 3823598640419194427
0 18152091506517244366
0 609846253919907936
0 11450379177989362829
844 2813737899004345413
0 13189571280481010764
0 9621118635882878294
0 3984383895729638963
845 14184191875986839332
0 5287269037125214224
0 13118287654724664680
0 12693184694579852397
846 16403800894262580885
0 10373714849006655957
0 15395503997274430458
0 15485928912766936657
847 5467634901886882682
0 12187779676889694939
0 5827952284955506596
0 14887023983125393241
848 4495426419436680377
0 5897615701218299054
0 158681983393754655
0 6617332176642325612
849 10495073256605216569
0 357420158130524486
0 2633268545934555020
0 8112664732017660818
850 5252525751948051163
0 17274600714101080721
0 18277436324114798087
0 12651941400760769662
851 14851484692513498398
0 4370457611238207539
0 10568827137030031406
0 10509740369494378679
852 13372860128515346173
0 8191629058957366589
0 15264176466532697847
0 3600653732235403939
853 11139492935064412952
0 14791168501648836867
0 16528393791676937717
0 3690816462810481232
854 16265539497566287773
0 7410605604526125306
0 1335080188642069659
0 12099517003829737407
855 9517863051802982876
0 16002203723654928032
0 2793291620509391691
0 8271235972161782999
856 7421488605711463691
0 6051809998167675057
0 16921690843781263023
0 3604526345326863206
857 10281202768629783207
0 7527179301179295975
0 4737009954646358850
0 6604043363496540958
858 12741339876374072691
0 14354485424426965749
0 7845524026831638105
0 1301816979440509204
859 16868508985277291124
0 9701667909049366802
0 8008223565491494585
0 15922162670741271946
860 12696417509283688049
0 8471227783181570256
0 13563657806450968252
0 251824027707296141
861 14775523828137681610
0 1970410462356286429
0 11495137129032097531
0 14337192517801601102
862 11204677804332380241
0 3898581044801683521
0 16103316613193627673
0 11106211480107592846
863 11928305389296909844
0 15963884079064914551
0 5394881373415193561
0 5141720055429986082
864 12613498336857138124
0 16079519212653673434
0 7911708618291130336
0 15544869452474384194
865 9360705652159364198
0 7663351852276566173
0 7781277922529243460
0 14855995793461974506
866 2025234409544413186
0 12845046972710582850
0 15900222014409516200
0 5314162288785703145
867 5036603058937549752
0 17734708955605289111
0 16615275892830617966
0 17077830029241654979
868 3609240374935803983
0 6903914510007362989
0 11655702021987700535
0 10996012378632120238
869 16834348209996469285
0 17426265083185825298
0 7552800547778930237
0 5943852989348983268
870 236198434741175338
0 16109205674664491419
0 17078814943112391038
0 3794425825238429243
871 14001526127667019920
0 16193023098581139183
0 1408427201711732541
0 16612723024429380489
872 15305935899365243445
0 9260690733690387444
0 15091011299843771533
0 13628757086549583964
873 10994597455364758288
0 12254896894616135386
0 14717743504044882214
0 2891013250516742233
874 1310847400354115069
0 9378947662479178566
0 20737496459825146
0 1527552259707082323
875 16837247844015001422
0 18392507877684610878
0 8993850951095826142
0 4701795957058154259
876 457988866663210370
0 14224448972937287918
0 3321813719182313026
0 5106603976501204630
877 2433813545200896183
0 963369486675647089
0 6922097198211389829
0 14973171042351507072
878 5535983861462574289
0 16337901083423513592
0 6927293371198562596
0 14488069314498348316
879 7844730134123295918
0 3276529253194292900
0 8275624019890659087
0 15717492350273765031
880 17178118977386679122
0 10431742757610831270
0 10915953985655102687
0 10933242474090834369
881 15997750727407100945
0 11741290178025635822
0 3176766109122164624
0 2899657751842664359
882 9542221106279381392
0 17571585043272070095
0 6331435176210101135
0 13047441599730833257
883 2338042857310557168
0 10367716085466989780
0 2235032621450921478
0 7533242047138503258
884 1488509273860491075
0 15002651385036096768
0 17605368690591186905
0 14840642968203990800
885 12486955728346952606
0 4945409346378755738
0 7012100924303949963
0 118817053480981921
886 137607361624839809
0 1352918679347523777
0 11954780450897778453
0 15811415618298643345
887 2944368029630416043
0 10387665877249002647
0 11423106996701644877
0 4741647760298815290
888 196632626222124215
0 12468850045328206385
0 13309240401401160740
0 4681251868517563168
889 14208970376160135521
0 5263324830296669870
0 8667670648921451154
0 14290434536339596001
890 6413865569955349699
0 4189369459717173227
0 10182307294701092295
0 2448829318127110718
891 8816061906138727871
0 7101721291572026387
0 1664744083170947607
0 11338933233948369568
892 11332935064831901561
0 1486233826558196656
0 753027424489175338
0 10057975413541066707
893 9696782813785013777
0 17384267604875260574
0 529165839215145697
0 4237455709493404798
894 8649280334752727335
0 8010770508255144996
0 14965134061033068573
0 13983503353682031682
895 15658141588809828839
0 7914469992890620898
0 817950441677569297
0 18024342505623167335
896 9118906470931369509
0 12251552291697594033
0 11011742278853961935
0 15337922472089270858
897 12263441069133625688
0 12394530614418116189
0 2093306804650924918
0 11480557992427296004
898 2558048470474085188
0 3148899525507828029
0 8806225809032272707
0 18073815940972684880
899 6733544787007353422
0 2059306556243652893
0 6588706897024768999
0 9138369548316510059
900 13412886969641953612
0 4057556012796899597
0 892343258735494662
0 18151044161433253312
901 6637962788048004963
0 1148204454244995854
0 12386813619054169051
0 12295640379027422331
902 9376858967530514971
0 4138196526262447414
0 1283441730857208549
0 18079559461289664556
903 10493076510890948200
0 11969323895273747665
0 8635844709050850306
0 11632119563804889279
904 6160231209708938600
0 11138163236822489821
0 9133111267572914193
0 6801548494327889951
905 13594640816057420335
0 4909390228439304157
0 7125764925130457128
0 2119689584041189254
906 9881452780072557780
0 2408164140007850916
0 11232457612255253471
0 11262192152023149893
907 2483747821164829185
0 14327921498907371006
0 1635384456363074275
0 9270158334446273987
908 9982374647554749715
0 943474722252950877
0 15672909673365289321
0 4564412480191870098
909 9775197999986092683
0 17158241528199065520
0 7102304007033187710
0 16955972341830426279
910 6064306600307854541
0 9004460324687638227
0 7232733387795120606
0 3407768363545280615
911 5536313025995338965
0 6049239422153402484
0 2865366963839265078
0 11005225936373668264
912 2587221711199910299
0 8343416553526270581
0 16746814709957575109
0 4411148083473132024
913 13361218712245612799
0 11119292314824024456
0 13993456192737960421
0 12422273607318973140
914 7337510801400989859
0 10650220972077012908
0 16261883616187551028
0 10221514761270834774
915 11236364674783670131
0 11882491137193139105
0 15047469164153996400
0 11803686375939150098
916 4223003991249661028
0 15254974947319176697
0 14886847257343470787
0 16300166893171077571
917 8110125185041975844
0 7089178238902496520
0 1252134915264834524
0 1939835493225786111
918 16885783588042242662
0 12136729016166474892
0 17963572737869902679
0 1628165511867757824
919 15054225100774152618
0 2186300961580772632
0 12431434114271365317
0 16375121921727734447
920 14066438303007415783
0 27460234863219836
0 15165243940126154854
0 13028760494082872388
921 1050416075284099008
0 13254831053119206212
0 15803504462851137911
0 12276301408157596819
922 5486402173321809605
0 9575445177460753890
0 3590973412687555284
0 16685126060256261718
923 10405299817401295295
0 6470850062744844863
0 4507385774558789128
0 681944278509308988
924 6455232858389054220
0 1229535587261458772
0 1221950891881586996
0 12820360860708121028
925 9363846862271482598
0 6835359847398545890
0 9269184736856843252
0 17148625746462798939
926 17167492877540483901
0 13547270466242523392
0 4386862022855583929
0 6564712280323489562
927 6599762779678555133
0 4138346698058588337
0 3085775034121517438
0 9717897496178178611
928 11357497024610481513
0 17040384524417855768
0 9603917685786068050
0 12333910567010650274
929 12720878078720499121
0 9072494848820261774
0 3164722493842055816
0 8740991213369127049
930 11760839537077089613
0 12918439174363014100
0 8754098799510433453
0 4265812125671179364
931 9197624972241628220
0 15374372494101366880
0 17107796507752785325
0 5323848556307351168
932 3443893518375847759
0 13440118634504077623
0 15104604049898217881
0 16422733686154403015
933 16037800985688633093
0 2666160371531333229
0 7836710970310541018
0 14930599584496270106
934 12218323465387688545
0 17257599091734125803
0 15541667739799896364
0 15782141331513336746
935 13022860429519115636
0 3197878665737008548
0 17646432679464333721
0 952431187808527678
936 12211487533025439860
0 3491005260228030140
0 17169347824340330023
0 2412401229978386701
937 5141308664609105577
0 990354790889586748
0 11842019791412438344
0 14126446936085346447
938 12279671564262100980
0 10876625789071392317
0 6948694549291746822
0 9793882880477144193
939 5869579245928681158
0 7978632644183609421
0 460163497922167781
0 18213359750404381824
940 10079866349800695929
0 18342121592043365804
0 14593901734198410091
0 10734267986319065491
941 12129993394734560331
0 1058278356238991567
0 16531323016238969679
0 15264600062551600550
942 2986134140330088039
0 4534175631013335479
0 11471640876231992845
0 8054293195866932000
943 2072434600539503320
0 3809367972554289365
0 17386679184563227141
0 3083826594430565294
944 9846838839359080103
0 5738736256466363140
0 18394169182524503531
0 9529047009901196189
945 8917503031762836862
0 2649365916523638699
0 16405962880775646734
0 13868527365489729453
946 2138587083390550522
0 6645947004495498927
0 2766501973818571077
0 5795219030677527080
947 6976763979693448268
0 9846297467530897942
0 11378728514752111949
0 15626944007949977921
948 10285914495022902334
0 15657233265163939247
0 9979500761548449899
0 9724329630649684323
949 15772163101236136743
0 8624671932128921615
0 10046415435820757377
0 6475912629448835366
950 4506067896093716889
0 15312150049057251096
0 12158379397442720468
0 11472619063008173553
951 12002986780705784599
0 14413336295406551085
0 7066065021327089240
0 10304871884803865252
952 12734260670497717849
0 17170819610997448230
0 6960115600514670299
0 6255263667908661484
953 2853433542862483515
0 1242404383010096412
0 1603019693806016179
0 9189509794585415606
954 11415751087905442957
0 14199463887671105542
0 3011339904157080124
0 3510200068427624966
955 5643441134837004969
0 11663741581410331241
0 17906427107437844203
0 2772483367416329395
956 16544628765399673105
0 3916423580837660018
0 192630922316131489
0 2015598104332424647
957 9865715757230242842
0 18394098172840218036
0 7355141756998352060
0 5633614521391386867
958 13032586474813254239
0 16684416600922383476
0 11223712467608716350
0 8501094912288632400
959 8231270946602159149
0 357726741707562337
0 9207775727717492408
0 3522753823283480190
960 16627069130085749183
0 14053156817889980287
0 13606600733798505943
0 15333688729247562591
961 12902798968607926893
0 15260077635750981624
0 454234947231341691
0 12331698609162937002
962 512948638035903444
0 8578520423730390875
0 10133925214908714690
0 5073051833092686463
963 11329324438003022953
0 2301146831448005991
0 14091560214589983948
0 17171478444858654626
964 4210728143029568558
0 1062598215627086672
0 14301966735283689135
0 4832398706851288442
965 1878812934261093754
0 697224114072567581
0 2539084687850705146
0 12896107590021699674
966 1303605410169173564
0 5595517737535344425
0 4325842361339174733
0 6657736356728810342
967 9052469113268526318
0 17182461550216325110
0 15921868861991937960
0 15600526409604957778
968 9094181006012918481
0 17705049542110972757
0 8922046612796089213
0 3418484525196081168
969 14058967511960175829
0 10270405227290682100
0 9022770000974408467
0 10515139348306483009
970 17788726266812269200
0 2555069679073074156
0 2607286137898914942
0 16718865446253522127
971 7805592054599184061
0 18111496755377831963
0 9029690482124881377
0 8272715569935251635
972 12657309681058899880
0 15183810132986434931
0 8079803172351001751
0 17911914361696763077
973 6870267575769457332
0 4830561674771055756
0 12539928711631533574
0 5914623986700338535
974 17897390745321139377
0 6485074641902942846
0 10843514967111378930
0 18366877138947752831
975 6980251287593316791
0 6894063232682606240
0 11942274719942562098
0 2532350164309096348
976 7302980394924927439
0 5478379720695138338
0 3752122068598491373
0 3642903941299355121
977 1297019776433389581
0 9439068610673691800
0 251510116006281758
0 9701105811047863344
978 7523976263237086655
0 14278080317022968579
0 14339070141073595718
0 17550916210047842422
979 17573332770194454504
0 13993123250428703399
0 4765256656564131496
0 1691961733153154161
980 12121166517884492084
0 1210064416507538429
0 10509131257986755545
0 17260924172244947863
981 11899039179402887534
0 17319829159496556875
0 6554699369898939356
0 1809387927679221167
982 15988870224907110919
0 15414658142013362449
0 13397254552853612517
0 8959215965880741821
983 16997205655074758798
0 18351221467704900239
0 9831495892966452592
0 14929537133478500274
984 2541908285292164845
0 2519716479333088333
0 13639796496577568236
0 1498449777552253333
985 10241890100447476
0 2125551815716476591
0 8911452135828349119
0 17076517984026320107
986 6272122501414753883
0 15976954279992240174
0 16991291291435062605
0 10420857526917723868
987 582181911457777653
0 17936033266313375157
0 12322314246940190456
0 11529527288630235062
988 7302224160305488135
0 12382182391678339630
0 6143953979356295281
0 2324884881909887292
989 1337002488388458422
0 3900120943737629488
0 16867316158973523498
0 14165623819995249043
990 18142009357841681632
0 8730683792523613487
0 903866258325891739
0 7239592513732031752
991 15973913171577900303
0 10851307440861376049
0 12724900886572655258
0 2123974687214908776
992 1237845952146300472
0 5422134851821189241
0 4857005591749387020
0 14669739139627444425
993 7727518975730565246
0 15395786927413707682
0 12657967872003470477
0 16510769541112352966
994 5221180281067726394
0 16177860305633424916
0 12170591665718414333
0 7806309788224109297
995 13253684276211487050
0 6987886214797325763
0 9651021081058136076
0 5031228572168108514
996 15042460458172581679
0 11928155561357618892
0 15493973429681238386
0 6712576640314604332
997 2867246602220260800
0 7136555398941199282
0 18387484137108152660
0 13257524177056774964
998 13245151789714187212
0 716652358147441568
0 2257309272524779801
0 17804424192092624965
999 13823786386017190221
0 10010092743431120445
0 9437851493077995638
0 13672241959858757948
1000 11644068599545561712
0 17943741483006139798
0 6163231136282921846
0 3604091658107156832
