1923044361570837101
17522007948989181268
8414658107138582328
64360875148859196
12819945805321558820
13294762024911048262
16224720461822308334
6068550393281675634
3316905918241152763
9886372678072141749
14712790566474409549
10545595450530030935
3732639224747042164
3398027835837893834
13293219739264714231
17809575882127451053
9647709610328958336
7850495822571715656
7956947436301253438
13346031454613150773
15418608390791373138
11903520698503413214
9055618182786445787
11388420660090292268
6598815999316721384
12109192305272406039
14214142329655774904
5458461598146648559
2464602762918053666
8980705707075046949
7079888512772614260
13638772739007427219
7732239657626956546
14693856897771350382
15327548975812379964
6131489525414300678
12638656421839662055
8558268307311808922
6991654588230820420
6785738765668096789
5969449188814800833
14294516492536622886
147464623151848659
10471473831308028463
2549852531938551862
11522815521416642251
14266643640266887360
10669225680581103661
11388565848517615341
1667908014193784832
3580165398832506529
9615758329201616823
16596342843105047589
14028190498589245935
219300653163095155
9276341965619139244
14000086701085258805
5189105043970702081
3118588619323948453
18260118961676329504
15954463748397624750
11526074743493788034
14161111386767417769
7095780095175794621
11043060008214304386
1917684531707326077
6460071752276356553
10957833094394071257
6689718934711778020
15289467035392003073
16520018935843880292
8261279866829350843
2297940775301726515
13433536718271767705
14616371009505101035
7493268497705217746
2042426438727905518
13590328163060778333
5987312378933872215
5580459280427592877
14138739783029789876
633482365156359172
4967352495228705456
4774442102753948306
4624512397741500399
16420412394887307785
2716751516765557656
8461519139383066067
104047271457417959
9425890766910996010
10689345407489506449
3028046825898771437
18048768182171258600
5346055246736475333
5413553258009825930
18387129220671339378
6278508196186070831
13775211019258933611
5842832464324794418
2957230720935906832
7064789660383500241
7281324267888743632
10005718774201701187
1843816339736908550
5679189559991934313
15652939891214786327
703068016309073943
626450851117682025
11404928775908037610
15971855835224170060
1542403375999688374
4220132168239965355
13659910667483299561
1962176545573636511
6754948182772568616
18109517200757295967
7169371795776671352
9208114701873304058
7961502179338509693
4937126538975622669
12439664743199252727
17555480169358305679
9560940106677792442
12107368103700977703
2233438571902207863
4129566672902355669
680706128863925912
11440930894325208461
15332763517264528387
3319641390081319544
2109669710427544394
11575195468919578272
12661377777714059135
13735947953526927004
7914440047583391791
14452989140491110370
10765418154555353743
15815139867400977713
1968819009455599707
4245013777886160073
10746833558729953974
10337711076525834860
15087541737151155230
14458646465599099604
16373994500922654086
14846928519462246654
2371144675489236175
3372127187586502269
16307911988890916954
16460720725467999684
7311429223512771795
4868564610598386905
9875156215830000919
9817501676425605439
14726652933844411607
10308353979624340585
2355755308915616380
9252173928137699744
11218329717352555909
11681902576483052285
10330643588980587065
15811116840716469219
117538581422488170
8296412997900238916
11610139011182280953
8130091635847107781
2373153097757630161
5190909019774044498
6915966491625802589
16676555717434024194
1322604824039927933
16565600569819560221
16481889104768054993
2665650997231355017
2668115573644869860
8125502492530225108
568874313752538075
8911185061364225758
8668668299225516383
9468537981532930282
6883062080512675243
11081031332942930835
15744761366565659082
3102172407505300144
270682679787987291
10608178203742117713
12641664605996420485
2423053357068791895
866173550033313080
12455913379300791376
7962700579548869204
2161614866851195408
9776441255550159730
622526854926938987
13466039890059535951
7720965102958087449
11141866175158436558
2572157599298938989
6926071281928312499
13746277511182030013
16076475720071051016
11448397382545158527
12527251829773472132
18217776684136989831
18026693835618617972
14404665724157256662
16329409218851202064
401705400171857854
15159381360219163450
12369123203160959459
549214765586522730
2409725561172777749
10070579741002747631
10104458788716854204
16846540903952131452
365183528746762044
12890054302618310084
8841554354970588202
311637852802588557
4839154478708530936
16798115480376992908
6592337769765554389
2572978282064540177
826220080948178662
7460202356291097258
876361369924194304
17791655843194945354
10836080109022867522
15566470348268066413
15983001117229761302
1392582403953432456
10276187001445741555
10290329231210669682
1837604319301709100
2831268721478819601
717694296384504711
4535558435057641020
502438212872168801
1251750066665506187
14913647233057166688
2459027437035996241
7242497187648442724
13646734528117784730
11364843045404797250
712030570122267411
5866882538229896768
12930068239685856407
4910644185662437955
302168515185298315
18355379248733898651
5832849165514799707
2368463366955706304
1019325723347471632
16627427265568471852
7239269344999985643
13925572585059694055
3895492188583115586
15768632834929895993
10058240327760025788
11035317185573916815
5497045488796803606
5588076744072611742
2485722826366098719
10057501774885947033
106309154288136248
1855533553168519548
13487092640845421040
14190284020719971207
10271784811632141851
12254536688990121766
1302816190380911099
14730704108490606857
7098448681101258413
12836936741424455670
12624821836444198087
14078375172695880720
945807016494147977
9405897934503035557
14107879379096525972
897981040771548604
951912147262949743
13733780563007152153
12105548032930471140
14413371756217255636
13778391211122336375
12111070165336120461
6691986139259598688
939435273855814299
2068381011546538267
10595371899929495876
16321947736928629440
12931687182814910052
10155418656910320456
13104320972382609746
366915410823825188
10654685248075660748
2681597524704035349
3685809088465279157
14958906618882401847
2227978190650355134
55476574488945574
17104259630510575001
295638921763813642
12867959778718009515
5483837867185107760
14974348898390106567
7259286034183858750
4313676495101800302
3551841559339576527
14675702643457862616
6009057255349603196
6420644112163948031
1014245180882124006
10405295002457327888
417886450631731356
6287445603918522926
55861161195739325
8360017382572669736
16847798631800887263
1895445240311857295
16446993618056639881
9618459134027062079
8900183673296004103
14075758431826040212
13545373210420777796
1739260538369528723
16168556997457268676
9683291511476269803
4654554998048428380
18115913509587018227
7014975037519655906
6991270802567579354
13308520350458183239
16744941963516105117
18438954638153668882
12726903672489660392
14133043147578438218
8859108961449239768
10688787878814855820
10258960379211335017
5639865169593004509
12888249710855514005
15636841997395665000
1785354127412657240
9417230985246046012
4015722180095187881
13652084572976039166
16096452857025620293
10495341528501934078
13068165321948943988
15670360152157186580
6891066370729207917
3750687671258932605
17218907861506636049
8756120108961529953
3692889496037404217
7246737805981629104
10992881841411275351
14778940361678109870
3403721134541486657
12524696609281045310
17858432896134688821
9522277709159978470
2942717070422058531
5444981032672571726
11237195167545762066
2609511405950522931
2961362425390387775
11321284877903305949
700294790061318062
15235983987965589663
10087885991245017519
10871759611347307499
16902469517542666081
2903650501661166245
8207149014036082033
18428888676071677775
870325129899093844
15579306513102006827
16049210979653048841
367387908986691294
14693299696426087176
13031999225195810930
9137944350035380268
5018474571614324202
3651351150576840334
12723937235775509265
733320688565794657
4939370950794529573
13248553602410458367
7623841502335196434
15870490812615060549
11912223205946859916
6067928032277438330
1594653957051388154
16703623635116736665
9993050971968944530
4094782308169576438
17992957545001128760
14303652457603264047
15856561752442258303
10880650911978818625
849135268470192797
17914320725090101626
5749186217748585393
11330110787470943182
13293380028599463206
12989693952573128286
2876579481286514159
9919263356426436563
4894337530057092158
3527209871372992913
17886898128334024057
3081371539750913038
12956813467318516450
18036766605592822275
7929709500605754319
656939452612223977
5615499531881681995
11452332697440470116
16315594619748808540
4799511014903625920
5292828070748811802
1560830453359185109
5073882948699253611
7755006852811094078
9346336730485711167
11416211925642472607
18101867789592564709
14024845634182176068
7861281956792758797
12412787323864138353
10226586678109927594
13880895972713578757
15994106641313694936
14215540978083005549
2746669317071109997
16074121157482385263
4665865402341421786
15929259343038789207
1458294162840110022
8270926828932005569
3746934541140555127
10577622357807232338
8498105721504346480
5324854363349755312
8451168606864258584
11194631324049160163
16018446521611061828
13458468694600708438
9047482136554356167
11847057436707803969
2534459411367643664
13342734125937052031
18288429467232988958
8989598808429947798
13221055658334364083
11229672475719483375
5343280387876980886
6092018579438456371
10658613297960580371
13963231618558453211
12431690214626995996
15935216405907822957
7093747980697294745
5123017607869608660
13855753911726219323
2828344470229577000
9755415608487503301
15868283646390014335
14566694333343778659
15877811073729696561
4025195119443099493
18140144314213664025
1437825940619536225
3134612008683377560
5872951659282456322
10988456879120207430
15308102831269439283
12993528696280149165
10350178168734766867
7894708377153921243
15850789294316578557
9394304944775343188
7518752822678623538
138135685626081247
12408206338766345957
17445833136691947493
8465452033262458237
5968515144344203100
7669185056256884623
2047945344873565217
15822150675033813716
8661654785941646710
3532917596325231049
12727283380169737205
13614095355231036664
502407361210184401
1545257296182516362
9492595687364180639
8014550255138714940
11493799563091975836
11942631890664249863
10482382756528640933
12919712862720277042
10816914810457321992
7912840672369340089
15721479674069056111
14549091191946479527
288319066509102390
12671128666814363973
2895161618007240253
2085302131302243315
8503402740867190368
9292504190101386587
10532874747227092769
17513677064304315341
4878664614490847251
15138847024063324219
11249365943554373447
3699240867587140384
17807084930618987233
14020459907059478996
16003079725329896738
5303921137497080899
8590335652140160812
16009581063409509554
8863749904958666986
15684993622521553754
1899414131209496796
9083457013236960842
9962503377826706652
2369465806757172595
11223288855261333284
14796765165118700752
5048267671763853116
14096184385897104365
12535531578107919522
16207010181954249980
6586526846634845758
15064305556509378620
10160794941260729598
18072138106029011473
15825122173489136687
8300279484032347449
6955919773676242363
8505807588459011224
5904491225831719288
10992134460432732051
17762487853153149975
7756828735636952449
6628162202169721495
9603352326405053822
15475922332797620694
12369432315316602468
565968275510693703
14957240452399614385
813383363805031103
10828641542845818356
16446305031295099393
14311077549130855828
15323822201746466714
5239082971023422252
4116953806223028207
3598470935200524846
13107716374026750628
15713517384979990979
681879245965731148
11626658982019428541
8296398498553848041
11935952787488918306
14173550925193237238
8789666420180104294
13639920584515484023
4347577434551326490
5494535102471787058
16396072172753573455
5684614452001620981
11220151644625691068
15834293100901738491
6301956179900972115
18223434726386076755
7673502165388326531
14202220850510367252
5161750762093144661
8282774889027328603
16738354822285236073
10835762706845808806
16034154563048303685
14668825953917264148
15244162624409874744
5601557647726357415
3842932885106689988
16943586644355625910
933565765474741425
11128743786523634151
11194352087813860491
3276755233388024790
12227097501180572894
3685901950043222196
6785393113533891306
5372417548216052335
16765339687762235023
15920043131535627522
1175262883626117466
1908836287877284014
12908408787458024527
18124031645078689249
14892425669355687777
3761568442634569755
11399667417582444123
8227839902523760343
1859523854348716449
17712639951883821387
9140001583050894851
1057469085501622461
3469356659465005590
7824710218727517670
701441503323148017
11629433493942042772
7033761116748059026
779713621712442958
8162985243934538292
12870948786502152048
11303447702362468529
14474946738859462144
3690138506551614614
990319207243081451
10664691646532400661
7136516350254883871
8956082738556582900
6165342171938113957
14273211563702445626
6842731136486492221
16233041839473268126
7973672860424491567
1816756459311446911
13096496431886396798
11217031074274831670
16864604031560115968
14985110144938454269
17322825084860164643
18212784045297058853
4678100915492033631
6750400760805330895
9901863395662629178
2312217555004562456
12782229781189791126
6801688333144651858
18300567400396209636
10331356593947620880
4197896601788224414
13410971267153623129
13180450052868648663
5211646215974582320
17209728335541586538
11901347941636497131
17024758088901300990
8828755751907565163
12832948790434428017
6493228519347132954
7914189022427787359
13845615600101886976
1844032039102342498
17267845531868943549
14356359376955269088
266612673362402182
9672193391132010118
6245493457347867902
7184821734810615717
8806639734714471798
3635314484420683641
14957999321197646543
8948962273785401894
6629010248571132051
6886910359404629483
9575116059684577690
3808718083710943365
3712687440161225818
9653256258039256937
11695823247010360408
5005006920275831712
9207928084797266483
1178714865571477813
11582519860916857939
7470856706623088432
17801988147064657371
17969062733198573522
11741781694825236248
7163195991389458562
4440591233917079897
9180951928918113372
3422780955113393454
9389513073983467639
4608536100149186906
10504040607236511359
6308361651269054462
2750001914198594277
5953883797304817219
14744652794773828871
12831441095686382599
2895846229997196084
7191434537127319232
10639286474996995233
3581794421352458048
13590784460125919185
7830896426331510800
3783871356609935617
14243956742570514404
8462341496684215527
12096327267615232916
1999906865386918008
17989454153240333053
2103200801948905075
7717108691965495541
12085369302821033840
10013609573572014775
5206132621449206576
11301043927689913876
15257965314263546802
1211718950701700357
15429178006904496578
5070831856172490237
1307597401850930044
11768991044106604980
9620113000802316726
14596883540607666500
1811295227969518357
9216463078951854166
3832560326576047820
10070673336309233244
13396827848434361421
15918020984479130893
7891305410105242502
15314815127463918235
6372304713110996060
12304679309704501698
9580739826362780696
6652903151452421300
12598012787904094668
10268980232651465803
16248519870489893506
644627712440422971
7765438579379540292
8535791980965173251
8629636228536300239
7649550084119250834
10971940074535093393
11967730113319931200
16459319538136685277
8575227899979829902
13614591303380543518
12278042634984155096
1071338570268661782
11726982060223279620
11741724368536082578
18296262550658154068
11375922181100008493
11451232398740751119
8784237859412757086
4011895757397040956
14804830800962323726
1636534998101869975
8790319894555206152
17480255317860439561
11289708392099780950
13672379852131091001
9555260446913184244
5096321703795203384
12657507007671064298
272184124203022380
17906536766541064064
12830623722427300700
18039733316066868001
6773769595632187103
14459578701903314851
3023056081020465860
15695067084651810334
621186015145128017
362415621181133748
6341386216399957372
754051006291356014
16127168456501660477
398409162474408146
10730888072977257891
2887557570129680732
6725590014573866308
3277982172393709394
17429850186708122089
11073154014854939463
4449512386151498641
4494158283485193522
4287377246415166603
2728383677224564798
14028407532470543081
15546074937543815085
13994862913681853480
5920586515957083896
9131356645697651836
15012089912915335329
12324650322478247713
7570399121418312736
3577703707098792484
1729002771094420384
6067301052192597545
7600751743789224917
8338297888165548617
11711171362402486413
5492141543571830471
3577195385558692135
16291902938086994093
9776181030782438440
14438157531846725695
14206884513835542320
13969517776767630205
8570280159152909669
2101769694835053096
13542324705077401725
3419911508049566
2145495974204274479
14993782150219576235
5727696961939341707
10652966779760248113
3500334775538746440
17686931027323946451
174245157416260390
10482187909637359153
2336484701830656029
2638008358704857073
17934710854083118634
1990683879919530197
10960822584168876338
6632393202864437272
695420905044308292
12555595240097539019
17850327066305141293
15264162780473857671
8897012150155836720
5957424848597990292
9034825913847018426
3794739788653078897
12819222734565817569
6891877800851278933
17168312248137643561
8409519945632830747
10917779329960858770
13240253831284749751
3705695415017130362
14546596007509910829
17417219802068069704
6513493551318421249
11203315812338217686
7492947902171374713
3887437248394419012
4636104861961971009
12391145274722654698
7889028670322386984
7794748382030526390
5198127790538741657
4405657396060724643
13763213034211895117
11306737056747757702
18302161045562643044
13267461706658947800
9820139862038187803
3751522084340498688
2749477334968847523
2925494748740354666
3450151365907891546
469557418239451562
10589831830849617013
6577869622075431664
905121100430916148
12280352898686554205
5954345092559321318
11298287108860862874
13638981487042357845
18376051639506803743
11131444966080342309
18201398438617412992
4472770715690551696
521905209404639240
18184943629933945983
17774907013126401951
2454991529030202167
3383275272632145323
1500609241407545130
1694165617874773772
14600918170770233312
14069582208426917796
6069730679190175511
6703083410760277153
3628995207044072929
18133820911291862209
14681438900740097986
4929054411366911659
16028870184277042347
14693530511245689220
2567417587620070147
13630815092906638876
3420022058725455777
16205497811830903125
2336826319862673024
13059931951559799739
977122798974558618
5144830214119050190
3555375114713790662
4390981849338862063
1144397678465603599
15865232297614349035
16936743349972033229
15357628981262468387
12359230776592875378
11335155746508192546
17889087230428705503
7022795041754909704
13857180530479170061
10284037170763189630
13890045086559258195
22221380456999364
10871183876087225718
16682765204990513879
17951635136210682856
13687245029016572294
7784349706786158711
6868916754919081580
10260992991661040041
4384859920960443007
12817703669333904180
10729227534713685784
14395916696331575913
6512935122075718683
16319140139425454557
776113043306844268
10715728479575206457
1886148173004189169
11269246085673806236
3036169127946724743
12665816456980709085
13169505711184906877
12077351516428156567
12601681239200216393
17608164525511737329
11086022456151475395
2022075752551809230
3930124664102393013
12435663174245704639
9975572277172875503
17457117565627667013
8881866112807373334
10563649706036723079
17027413946543720919
16761659626439142619
13352982703033686420
7930876772520211498
5972348908030229857
7589258991638562027
12383041677127472262
17039184193752396861
125459353624951971
2177312840852090569
8113800720836171285
13427323782544732725
9708055193336962720
13005191301296169117
1297014507613099613
3688522800102297884
4570121858367490141
11587987279491914005
14162075494529393222
6942909339801968193
5828815093472001968
14598792469677202425
1367754073908319191
3864085170141093765
804666851951887731
14356946404563767590
1291411018126750729
9327994584975458153
16946466131741068827
13023801002472057425
1739552956945560688
17931453844067734657
7974894338828340426
11560041599171981740
249788290232524148
55791289421824974
9696109786163863227
13957065556541114756
2683744165290014825
3442153953471361564
7035136993683754801
13168882983929598221
9804204778851296539
16173102251360259884
17138338827366075337
2221231442905343498
2233894357960948783
6241387202887971875
4113755585569624084
