17667046533566509584
17209435467080858202
956402369121740243
3018837062240961746
1661957782443460549
2106816691805524247
11304128419648294195
2675152302510587559
4811185668077816796
8804160901772158018
16429850180661436660
286953602637793142
4895458048178494559
5780126295450021109
7411807134262998410
13304895554880848494
18366847477933785439
8055471416202197175
12075119367448269653
8441425270543665704
15634345134086264930
185198895594203950
6827911310639833178
5565547291327954942
16207126345550464095
499683010685497541
12906965153360127644
9552024025139899833
16896881869983186187
6174570311781698341
13668700871189500579
816430223905375999
7586146437345336983
13640962437232003026
9642543453623937982
8043453138020540890
12529619211902302139
2441993826437715188
9414286730697796235
3787098700909764816
9054731011805884939
6415304923471278750
6679786103716358959
14448199498918187637
6748811235099554151
8537516995841395028
5938971503798812080
3264187013384369188
5111868046780865060
18181737672943235787
15206568255638344818
5937999510548417627
13301299514710621348
6044557400054503476
7826764912922684397
133980351087116897
9705124268263698383
5576792196339430390
3816180969113578714
9171417624559475441
7203462668225019028
15729582451421137834
8772271458580586836
11425114742183172278
14849272064706629253
4266519288366692492
15828399541406899204
4098505683731174183
11604630369807041459
13642118767274987190
15203881463980472223
127190631788369379
13564512004474652183
6089426068115517648
7857432287897578322
10112576780813360225
2774954582215281447
16504126780778287084
4350751120175885013
5155722570023132013
4630500657116465301
18337071966394986952
16498404761159854163
10684011586019503905
3010384248008898795
7816077005622629315
9561789608215166730
18080942116781301779
9811058862584006943
8932166595961036447
6134848086597967658
14932236917439909222
5199668353035351515
12117993343566079348
16945227588482142997
17723023320566136953
7373991238197287012
12669192714108550635
13139376187573174115
9999365325814365813
6729970076428697750
15028375206826965081
314486023328191873
239021689528357782
5210640202365550690
14270172980069032903
6453320045455753307
13011472819084645644
11961362251620483953
12371886877959890659
4924390030442829121
6288129222291334311
13160204697548577999
4531605129172376623
5177568305914879730
4613084320054308384
12817985048447225547
13982963660033820087
15470563117902979063
18308223268373768737
1346763942211165179
8242667443373343401
13532596699159260678
9715997816899735097
4936957900395062827
4042648453973026801
13397188626845634694
3475468521781831103
2932737708874807787
561004324742382843
6962849990740330760
16091220438886576519
8225273755686103077
12447356247486662198
13491907392688659091
13328475814227353939
6426961973127994373
12688787401594218232
2409370985233444749
12938408662115121941
15002864719947785039
2689567676649874931
4867211107330601567
2516045239569974705
996788862994041793
3777570929793190008
10674633466490064581
6145638054240019528
12381610729199346520
16083038623945252734
17875224518040332206
5088095055177063349
6838003033531972674
4667725907189732818
6367878159097038093
15524927692667897823
8980003257907320852
17653331475653740162
7121280735990244717
5373322521746977296
7262737543091880520
4541732016370720308
9620573083556281875
14673352260504519963
15564634466595121606
14490818411438678032
8163159917971051855
17500390043381385000
1001492055391042386
16314699353498571218
11360051415486278345
8100487031178638043
13063783998684980327
139947394929698864
3005375619266450721
9542110578674830788
17223454848407734053
2615688696869549786
6104700885182653885
5710233184239493130
10099960046689226081
9332725965789892247
13754801608646844447
6731786280706697456
3155285974065182573
16580296617273299344
14189704093064849901
10425257809379583882
13827173398440003446
1408654359597195797
16500402786120834418
3220625508190162606
10098890817879285756
4033131550528701324
1805392197018527104
9678177900999660873
17341643198617776867
14767721556623740828
5691735143850700600
3672259710174426899
12654475349170201579
6617917883293261484
4357335268213933461
4709813785074695343
14768003175874037334
10105738015036786462
6820880609165709268
1962333040079377739
3843639853320602249
9386478605460845533
8097412173601205565
3144522518896786587
14879344572172819743
17496631143112233845
16572829559337980815
16564078786076989443
6000269570004974786
10336376344804959000
11998173808346976745
17584003685696176453
7410973425166150568
8470251691620831087
17265357151742019847
337068836601897148
15171512613467042232
5964271069736073049
7512472279096020708
8929902112693712883
12485351159209974406
7571283247036423142
16984305630975223462
4817100462170056723
5709255284478695808
13514530953376420571
17180098503722486225
12114153936086316495
8973807771997536
9525111938477088166
12381591934747865148
3326434390500605521
10547914206376444772
12167825502502144952
771382334688339669
10780472278825200062
8335637208229550273
16953967602174647818
10752076345113046823
10414211173580391727
16135106409010060247
18054076566235235450
3972657781426931807
4923308828252871103
6749626651620724372
15596488764373718494
214447264509878080
14689319539678647867
17697921035876571803
5198885319885518139
14606934809492060254
8202876911540086869
4120808936849690057
14101791913888672216
8523565041352052330
10554321323187984086
15898143199764472084
12641834935943374850
17947762963107609894
18288496793995958863
4531726752673957474
3094718249268859396
16043966213444420241
8978964863642771803
4772278096292549253
5098097972700315704
15392710007178559394
595148486515657735
15467788718898472821
1328957481968735269
4587283925470670471
1614660038059411835
4024530335825763490
11634440734904195532
10674149482447901967
10225553561078787942
3475595048749987368
7047713018368200616
3735680525889862973
558676116138934880
14396770914820531017
11015794921635199609
4668935861344947742
14455793715338110145
16220623904288031644
2784695792632975204
8032503390011177252
17729688130669640780
10652812746417170964
3521127161562013204
5681180706093331964
15349683645135131005
4849212201762037882
2307935113651246869
15957877075843982256
855408640328987840
15565572038098073842
14614121807470745920
2923999075915401497
17118260365048443423
632993053908819708
18164286452961291855
6817360642191918320
12588011091359338832
7776776024984734362
9763006998388330658
9571831462442414694
14294867207396012462
943131863014605880
8132493973164918788
15145873533129590313
2372182137665597286
1978686614156161165
3260000070938705883
9181910786354935199
10831697023717925631
1754448891781612633
8401446737362204290
448766099137202461
18153117649825096186
13255869911424452330
12029052010076856506
433122662193607562
17258619050095505095
4516945531788426366
10922939181715225056
4322863030757860174
10034487288689407126
6465917179371765638
1633044057440866582
14805108338176981220
10634876161273877963
13739542183264231520
7500486984039945635
4619044700624143595
12490284300776269879
14715384293438621599
15085344120408086842
6898620392878413758
9326967508907157403
17237761693550633250
9273463056427262345
1231361275919336252
12558670005115603277
10533595262656224678
14786247497560825049
6575628921165522629
14237402365833015158
6217718296608305383
5208451345351958734
11422774060731099155
3013199126672729625
10805069588521277336
14159000385996593464
11880872456372992205
2037158900266768204
7046447425799570677
12267589647084659872
11476841432133613795
270308768165862998
2234882864375975239
5480393467971567339
14006709925048080348
16495499402313437640
13230623639078237734
3955942448710928112
16918031935333593122
18133767842781562012
10332379382373585537
8008655641189402098
13584594597922042819
14170054347864445836
9964183185731195893
11339843170057681324
8789790493259924301
15526175490794465993
9453623959519639681
12428126152019941207
7092299232414115121
5145944638227030501
13907622944162941306
13941074440696595973
5927399999366445282
7322219409652482272
17710526424527937168
18116204692717610827
10820358707568713205
1212298842893084161
15791461328407442033
3741617012601136785
15589577827677884196
5473818642278536131
7753094190811772582
9699232658855481972
12349549314259442714
10299628091450824349
5372111377004568677
12058196904924526043
6335675133123838366
12694236312570382196
12905353234749079918
14699298743510975387
5983511615970262593
8030343298001801218
5750148155118304733
2199877126283992152
931929870893783939
766129346152162823
7457154091943189368
9575761421698768728
2846564868385095621
3849911250926136030
3669146592481246027
15760665735538732081
8263639453436622468
5072691043274186692
1839002169533967060
13070429135421573299
9073726804755778798
15621204862313839785
10326545587445758401
17140415458567982550
10174109905349367715
9733897669942702560
4560200543761777929
7061524143577440154
16150436029397077743
667966351523673011
8946476096232521157
14129360279172372068
3578509548524443587
17774170096200328490
3786920866720986729
5118064932177814213
3072012505155148724
11437816128659437519
11110108273583468738
2411933033424843991
9577461857723657188
4959186083837011985
5258943115121576176
4640973868401801178
10065394401273926972
13331603103250072980
1869229338690698169
5931583691077780607
7311700792305818005
14196575952638794489
14436905736698166122
12578608490889975507
2075603887086480235
5667639882056946068
11073701701280472548
13523066815610487744
11492195043701138531
490454536871491995
5402197027395147561
4355896669945460291
6790945907208159511
4878932396394470104
8775359442280087455
7246726688447377510
12689284524785424992
3720990918185721362
11507895130282964142
12572428196194481156
12820220620760844751
13120912225737079361
8527621976258131785
15155344269489558473
8617799059599271652
8259534287871936616
1705305875649452274
1337687712328596416
3822319886251152681
5598188184999914460
440078217322932424
4226033988020944889
351166745518727240
12556848247159064824
7445681062039923828
9821619825512589232
12853493567753386820
3379359900140946612
9656735980758755190
11406849510724756985
10311221249077631601
9153589753813688207
16359399228419584350
16475166055692498156
13141582140526106675
1622786360064572148
7865399519303882975
3009315282817601168
654822647516354880
8679357964193864288
121341201158474238
1514466278700886989
3610187565132288504
8443131562177113608
10977885250701169818
13972032984499608880
141029643194331969
15949644063170991537
16327672177892585159
11700192497887857910
8623981264623404758
4794144668499556053
17564489593875008038
9330874344654166979
7575266556887751944
10735469131644716105
5848632790724368763
5411322051878620379
3412388827237512936
9336860766503236116
1257690022517019052
1248469878167363749
13513688746926732249
5822712730374312353
4741585472597796829
15749518056611213471
12510093416268458843
9949278694073800792
9808375539531240692
13686206304270844041
7267745504433966440
12173481575037109172
4768874860718334662
15000271687548747905
11748326981253523832
10004628937369029774
15333775503735072927
11904390908313944924
5670288345480010445
18372282702252098009
16548768052736036485
16576760575133607253
16147054956081372543
14209186161576657714
18331344351720618017
15192941704792529158
54887738178437834
13384240249042366088
12700232315104858165
18324927739348059945
7346250826748277843
346936559693416588
14679416072085387414
308193152471168942
171003029842607208
7094137415215134248
7327080108767963638
10313824943203132670
15044228841228423701
6726516919637363056
14057596554823686041
1408697582339003087
8105956431758866677
16557430102834064592
16767666629989442350
16635329492609770001
7418540676690046565
4125993396440080956
4006651277526622595
7365874178685318579
2921753081100381663
14459441022403722385
13843013907176004636
12257359928145620484
7695640875397360731
3982426240360292322
14487525758325519564
11912911026529580148
11830171041376901040
10194202271917855226
7955680341590292499
16608268173246109700
14159923692947406526
11449974605998007115
4594373937111400325
3347736845983933512
4075089141544630170
14157296662949833103
3791902994790528962
13141331777796604669
5103949120882099910
10207144512749816585
2092836142133765305
12281493067242713981
16262848676739412878
9258682289001570809
15346259900667950656
17630841928256798710
13959932753548455531
14723021390584530042
14361328648935400747
16798314522376784214
6483127707939406445
14430814452441088085
6717807441018603552
8743722063281546664
16411510331575530054
15979198840214518098
13834195656257597787
3715061574603611701
1790950001657449612
12954156068340919819
83894645949338125
14265788386147613067
14832549699960680169
12217429877643215706
902921229568064422
17288130347025521095
5208236983560051850
1795011652273510427
6097332422967111829
15188997840498700905
10976202560090269216
2419691611510567367
2323383161264484865
1186541362788330983
137622157292171808
9696759131622393865
8424326679199205169
10848160619067674918
11936902154886900411
4455075375662289182
5004188931922760848
6274718234605602984
14702696056528307494
4722366600586733067
5426648625276327829
6996191671718733346
12722645125944700885
6102934128189181782
15279379805897520241
2911118799443261897
12205415116901238903
16937508860803598930
2808390725665944841
17198665471895371340
12674220255111759841
10206227824150740526
15840785483436569788
2306489401877563866
11735513596206438894
9611638254838291615
10949305680013986160
5333747907885373609
11855102586200115285
4761695251449263853
1610522277575432616
753555428264650561
7723593260059373030
12910142927005592173
11182700909685639113
2286213265649702170
16645094404870648823
5793790778787843277
5500974806188080721
16574380015634315131
57591401792987172
7275600279079010911
1792203310362315635
1231959752454036322
17691786681178895280
6343358456026263351
774129500365279633
15287290897324362154
15605516311644088322
1044279023135734346
9342100903098804102
12703447886851493512
7089226681413351675
8271792399824477061
11294651507983785792
15515556644779993690
1575998954648888420
12753708497455099514
2200987891615379788
15486395638952043439
7258252397940394322
545274091293535793
16000751930948737344
4180860846769793484
15317591757304051992
2138516352910469423
476308216400277166
4577342546713290377
18066858975762669053
17424207439561583867
6691278246702729609
934100000960207343
17121702642116203374
13748615064965597876
18055561114070737312
10160384312254615780
8491182477004393333
5884643831572975872
16851447057819780782
12577953285257053323
3378153389571308748
18344411069041998441
13113541431935555453
9711027171229610891
6848892910083366093
11086892827372823819
12007519736053008549
15475303580395324547
9793986883363339320
5154530667530093258
8111691456526768471
9911149703068868593
13149935643396473657
14754408468853646787
5905584148477523695
4924974374292298630
13205144415074396351
8408916001118237499
12750710590334537175
17693873404795075583
837317320607526745
5856393394168319375
7367898426287659216
8246538569090809604
4864493804344394715
12995625815944970944
14516697164352062551
1827987140416843513
3154924245278703480
10424084744750880127
3132947245665955938
7506284046200795958
7819581485036497301
6029103859117012620
666152885762984537
14154372189102599762
12628058067110631531
11776671568952370126
6533352428014629958
18059193598271432047
8367648451552480543
9305147971012095351
15889239357364776044
1137273397551878814
6797128886429631421
11932605317215395827
5139745368099820558
12457830184636971960
16899003611672989956
5903593884657145321
13091219557614042762
15840264478021552336
6806324233313870886
1799981867240575169
2846984898828176850
16565136016268365512
1954583826074848774
2158054070950698834
12879847194750314923
41882422133310540
16671551324623139730
9473955246895094225
12555936770285500319
8119794221920373006
16584483997136617130
15772897195683300109
10631020401395893663
17448301951749007710
14268578897990263300
12021664678348059902
1519216954043402872
4435975931340349279
15417783384177919154
420875197864823053
7172938730159589219
6534416131625459924
12483081616403177014
11190461832345859910
10392261351868947062
4502551924287867507
10641317170768042715
13462837820609337326
14573097743410427991
9570662167136937019
17577020700607393408
3253264680583189970
12634002427307830889
3283677408783098348
3620171971506945847
9098776604401982992
13997801792376674562
3511582524250945723
11282882106129470421
14105734723464453896
12104207386367345798
10463277859818688882
16415633326746087117
15127424713326278231
14696850159170026209
7272998553973383281
13402976088608449836
16917572674270946245
2313528016136340536
9343397881154105916
6515246278965770136
14188185463482719897
16857069573762418183
3680818236379186983
8113354509804592763
7742559867622059267
5021234066390740908
15923366065842013516
2566603182447442126
3578794628593727714
18180110221164256307
12518239344897803197
7286023161624692985
6069611979665188497
13037946218112075440
16521085156614508939
566470693357972264
3946148522235873411
6431980976089359528
4075095382955043404
15578066736771121159
556165439399697292
8404667086544098117
12666758195154761203
18405635917727997541
2565797316261161323
4862869302870612579
14678353663149880867
15954550403891954147
7888135297127595525
15375769509477549073
11089688641431447435
4694200724343778410
11643420657086523853
4894058126842357931
7199089446915076612
16836235184241123665
15040523486934033413
13262386511536707774
12482028976186253126
5513360267981668108
6561992394948643391
7602449375351046825
8653852574738520642
13174258057969911785
9361129627142829744
11935622713279779544
15083386513234679648
8263600162831787246
12042884265161636568
2563815889626124639
9889303019457427361
3051005546087056765
8651587725465662370
10721608153012239563
11643016875212776902
17201532698708116422
12783013510330774039
14702612704449262399
10005962805220109593
16163004189280662729
6429113858125915229
6500864469140723380
3617596086828211871
1440262712680898924
14629732156669680627
10703963044115146156
6741444132381289370
8059607090420789258
11015287708872915458
1613516033107783734
15148939842655214888
7855080198403361471
5218020714321040843
1789326924770889883
1107842356579659036
16498506000461043811
261782028089248605
2315603307860615989
15875831953266922152
6429735066789662952
8912237760831176666
7717224321037116175
7198948210791845595
2029694223311997438
17970121947667767759
16199646733292519158
15285079590421315636
11876345344717068310
16016905389904193457
5533264967777834311
9998187127492249523
6806232138611795712
9905878438889051508
16358790778954439492
12306960858510609150
624766438587144373
10089877006332447409
12672974018740911787
10733519318494380949
12409434666773815483
8500765080083853255
4081011506459745739
9949384089883158870
7792701628863387882
13384588781057293620
5095514169706829329
13770618490428992129
10196898024454204694
4934193459862990315
13924822634195356558
14598358647945883318
5469211421493317333
13221618119212371077
5360780721746145960
16498529293756994102
2219606721800040520
12960215840111170800
16187109922508502003
9292515225375927631
9001444642801858517
17198706102118899790
400235981892316700
9944455389895715828
7106492196036029246
3154619382934238259
8673536438975521199
4275559521152555769
7947681750336089997
14765734555306418187
10945082584623475864
8199563621902533586
11936973736621759277
16122354580226442926
17537415104125283305
3269992267734982006
10545463742428858405
16172953323900828825
1350693845753682589
6820555904040299040
7075296954143714264
18188299094695268415
10350976283177707930
15190547435072896622
8431713947051859052
17818920403309902305
3404074968458963669
1800006006112163989
14780258345127829642
10642040048839781336
5671913242302261667
13652538765348448388
3911045655009002074
12592377083163623949
4609363417533125920
12792374969171974318
282472627346688975
12962250773950940149
13216714610304009726
11255813565983669441
821605918468594321
10911092623608588504
15236010905132951863
2954839108392333476
7135117639558028446
15137026719325163000
3099409709796908265
6639581947727865435
13933032193515773123
15305448585896592420
17799177486522554963
4133398927017443844
15523922509200502324
10353916700275134511
7330037403977912458
1536226779946824427
17011133495694950582
15129661447490709055
16359134076372610778
6904656144947501546
11225536830980921278
4868518009885754082
4811230467117533694
18063060756019881795
7471368701376506236
3869913577952998605
