3191822261
643149442
2536249829
3732200779
3230012231
2953424640
1111879480
3546986005
3666481533
2474791252
2355771408
1345427316
2488345615
342799071
3119266650
2529546268
387397778
2872934469
85031607
1190408627
2433469198
488526043
3893696244
971080071
2217229160
3973833224
1857633508
1669361837
3937179628
3451479993
1341379024
2866292635
2295197006
455386800
1304292159
2828303029
3148949017
596338760
2704575819
2655034471
2599568391
2518143068
3411283545
491941425
3237211387
2570138342
1533056050
598249735
289319580
1275032328
1974800168
3904422488
823038225
1293556327
3623887207
1014278433
4131859386
1292267665
4109981445
123243068
1519185161
2868840434
799156807
4280952726
2096175845
3299756481
244353629
1728225862
321377328
2572011521
1084245150
1497566012
1643801601
1022883278
426540611
1571991409
2567190106
3666364287
445385916
213390084
2861701416
199442379
2539302652
1390138905
218386990
40439091
1386688307
2373377830
1429580488
1651124328
2332405865
3906417817
1104729864
1096042916
549917824
1271756083
2631985968
1061916164
1494729558
1849896045
3954471719
101392907
2224557251
4055563821
1049459639
196200722
1266870858
2892820822
582625866
4020821742
2186384089
2565486045
828031804
4120043168
1015392305
524290280
762446510
101445340
2131663417
792235398
365811638
3877355207
2542304948
560603860
2903002390
911454521
3313005927
898035017
1062317340
4222529615
1948816491
1175542130
895924265
4072341007
252156063
3527281164
2549510700
120242202
1797121523
3707835456
2630121098
155994135
2199411568
3695941360
4114483508
3253553918
1017119974
3956627715
915531220
1164104071
617891874
1550841900
104237544
2949577742
423266093
877659108
3060254775
1274887953
2550420193
3191103741
2499599325
2890625580
4220284225
1875578620
1186613019
3198112206
3510090681
2790239133
3704363665
3305123604
2816924127
2269659812
2500760211
1491738149
1146630437
1342188370
4173751499
2217697008
2514040824
1143671922
3145384093
1061266223
17239534
1537255514
3573678503
1443673251
2970017735
1689310000
2836154486
763387768
1765198662
267677930
1148298933
718605765
3857596607
4289758155
3238913444
2022675368
509781078
258833188
4198004683
3051575117
2510087881
3637155622
1716099370
1329016061
142971633
61668318
3098680683
2335383950
3172623546
3522459482
1712181388
2420846415
2941774115
1574644289
312167847
2323397693
4278777438
2709936181
2074505304
2662854735
1949249076
4237794382
4094163293
718677398
1673255694
2958285842
3259966257
2002233874
1289093693
1296575721
2056836229
3260738343
2643619854
4092826498
3268426914
1119201526
3308663857
1631086261
2477999073
2565643079
2241875388
157698203
2262215293
1834221987
2561247475
1555305059
4259735673
4090968408
3382107426
3612002417
3442697273
2706512066
3326492942
2976876009
4256305204
2076172173
267459309
483969992
1662319455
2586487887
56030847
542785863
2565478033
153674320
3193340699
1500680541
3939982553
3066316773
1384785835
1199411898
2904005889
2096438445
1409509330
648041772
1169182909
4207736436
4230950951
1634866768
2075551811
2062790973
1379268707
2826858152
3476820781
1240014380
3824140221
550002888
868787937
2125612907
1545919071
2769749434
2530598104
296399928
1977489521
2350579262
2533905633
1316780876
209813534
3132658898
2086383326
3082455491
1585930555
1181027719
3580318336
2179477045
1534025977
439701767
1450538827
1569094974
2715788286
125560364
494754521
39234585
3864089010
2633420579
3044389978
236282740
4280770770
3595648928
1047964845
1228360651
1345451885
588475571
838252549
2747352081
3513242650
4267831473
1092537646
1368319048
1489236115
2302893201
953940949
3314827979
709532026
1181087024
1696182692
592282496
2876107919
526198330
3797568701
3455338447
4008052387
1709849487
365880387
1207211539
2963432350
2604838975
3093588047
2912969113
961499197
3373008098
2297792649
392196454
1706074836
4134551261
4002806670
2584603427
994703374
3354701504
4101491490
1862901530
3424749445
3973936899
496539452
1383427894
2298329175
1363954096
3373664491
915025529
2491625353
2632173104
524595077
223242827
2992030016
890650411
2787113358
4263864295
1858086659
1214878052
4059219320
1708002213
98730265
2028549984
3112098767
1335472919
3776266759
3249516353
3364448090
2864838616
929795815
4093218962
286368631
4128529033
1622476641
4114857629
4231251364
477947658
3678309663
2724150701
1141163647
1657786559
3718439333
2832424874
2137688475
4273858354
3540880969
650626546
3760867738
4194334519
392125136
1992774049
2121508146
4150204233
1015130235
3360661216
1959874814
2744951405
1531566998
1718924186
1267886410
2430653089
1316404159
2029200094
883543052
15657399
271082502
3237992183
129307913
3003861684
2572208754
1504728667
658404863
1922041993
987365756
4125367051
4068459243
1946343526
302318155
44280832
926574831
2225496687
2611549786
3833896184
1678722031
555779579
3351285559
496584581
3498607737
790649512
997273041
61496570
2623099623
904936281
2177075051
2889602748
2566111331
3350964207
1308442697
3566744116
3981460183
1977151695
1053070059
3650590587
856087837
332776687
2393458124
1054070030
2174387755
889139544
1299617719
3555193262
450018128
405326752
725390990
3726168585
216732066
2588943535
1266138608
1299599066
158754995
611650424
2392716362
2175024289
2290692865
1715858659
1458915515
416331786
1298794679
333902640
3896282239
2145930442
3120695056
1481699059
3088834832
2883280669
4093654657
3960695900
2040656296
1173614135
2110053475
1256773728
310578399
3553171974
4273906193
855513802
99008393
1265871622
2009704260
3280933072
692876229
1462189415
4279319978
1492147486
2439051259
3160050831
3196741766
576506904
2480794865
3455573484
4096673705
2106225611
1116889205
391402178
29977231
3429847986
3118806710
2919892069
2692414874
2491739258
3475904141
1902974494
4181527027
3739136846
373846782
1296654370
1664303618
949407065
897335197
864400400
12700157
3038518429
550056731
3063976010
2578322148
3159460300
140148560
1662085618
1490730719
3333423107
4118495770
3824971080
3443264465
1367115051
1075661720
1487450158
3017944828
474464120
2778918193
3519948384
429470928
3640205815
2116252473
920593767
2166866035
946271556
1528128263
3192863840
1303962584
453800649
2409541167
3645337839
4126548595
230986310
3992053963
1376473453
1569780914
376143076
1399345927
38438786
3441161667
1224654553
981789214
2648204429
1708794651
1378507191
1464148875
1944793123
1581848949
4287243765
3780487641
134439808
1600459946
2405796977
2718098552
359279098
1322175157
2341479878
1576050919
3996654092
433409189
1958540781
2073871752
2808218984
4097097635
63377216
2852322780
151369253
2169238697
3006620008
2965550481
2191710002
2639880309
3665803004
825646011
1926944138
4179142321
3526702443
732617585
2956463027
3474498692
4234895318
2452574164
791756920
3860231597
1197727233
1432185679
2407676490
2330657837
127387047
3582933247
1420893955
1663831410
1900932670
1821628784
4166577932
1028328313
942406872
3950595811
1396086209
3528274945
3336724352
3748325223
885145184
2095302952
3215990696
2062521204
3055088443
728905020
2227796775
2955575398
2906513462
2926703507
2693943533
1684520845
3397686862
798418365
3837075525
863800754
2018964945
871791885
1248259212
3949245373
453282127
308526729
2698169794
1003954668
3621824553
578466214
2627089182
2905678571
1690960608
3415587914
3219879644
3826811708
3019862396
2062148991
3602474827
1735701591
3072396488
3212364870
1758172645
3377780089
3500509394
2722328096
3910327328
2884761599
1337248859
4053801337
3775275117
710166433
652848494
1398847341
3005952573
3850246182
799514858
1778970257
3446710583
995365840
2228182984
2851248343
1409655026
1591030960
391111001
1807541938
185619409
3651562558
1220678762
3358373212
3619623550
2557933707
1987426525
1584036347
3260256798
4217496073
3781797312
1011266765
561190413
1096601783
3726056629
1405593708
827051244
1569363126
2839741944
894049436
1091432067
2665438853
60786955
1335116430
375046682
148632417
189483637
3693172894
1124216088
3369120322
1766277715
776106667
1360327790
4233394257
1957929763
3489388556
3814189738
3429605621
3510719077
286885459
375054985
293734522
2658210901
1852932987
3913562773
2430897753
1892989584
2053838112
2013046344
883074467
2820924031
1426278102
3575426018
2765108681
2300486372
2759271349
2082999270
3714863522
4193496562
2934427298
2207504075
2994392749
3609412059
1647312162
1942286739
1505013133
3512132523
2560774915
1090216665
3347359212
890873798
3382329969
1422699456
3919963367
1194530277
3783101880
4012859054
3008120698
1207377801
2246740653
1282364849
1763279811
2327718605
792050279
3424408505
2057153466
1068423399
3528902041
2428631361
989500384
3964004719
1571845826
11795409
4275773360
3786415818
2047992483
2399145032
1395301152
295349845
1709519867
3067511087
2221024079
275056781
1679695932
2541753157
824862938
2350382514
2004286416
2408780227
2319657705
2175451671
9468924
3348730919
2314384231
805120223
2262060194
3324874968
3480714937
423048566
1089563286
637615282
3123301646
1173417431
1070653677
1590833365
872367437
4191337421
2803000645
2435066974
1469185789
1750364442
335438552
2864818550
1982009733
1406527193
1452682677
1501817792
1706170437
632844214
3607593868
4277642683
1069805012
4064127446
1024463337
764116599
3287036062
2464359795
3074053835
936820626
931177865
155708695
860507493
1010761477
1967799474
3169211330
647167340
2373752793
3949935559
2363085237
1603520107
2428178087
2303796399
4048062163
3554250937
91953867
1432333452
126255016
358027794
2771875570
13725961
274160574
4025025896
3113836089
2275764446
4152101708
1075737041
2935869740
2455918016
3450598945
729872677
2289535364
2451950669
572598931
1943350225
1023947806
733659887
2122824829
2120237155
4073326702
2167909503
753294861
1141792951
2467912098
2605409087
938132049
3735208086
2214037684
2681133603
1462042313
1552598090
3508366694
1128350380
4193861279
1245078990
1004540322
2956510222
3898989062
1210382725
1102349256
1979020673
2040209871
2087733858
4171791026
2632043436
3776715516
2718998064
3646497254
540770620
3336123458
1857192008
4082278516
3692776069
919361409
674260926
3937257475
2175239030
3726843846
3464091469
83387450
308753371
2561790537
2503963446
3405202649
1687598806
4215730188
1391378473
492565258
3628046337
3900385727
27539510
3878600016
2787052140
1064615759
2683681195
2615930633
1096403159
3070538688
1307052826
2383851862
2752702471
438104847
2620779461
3486418629
365254820
1827055761
3230872958
2777765210
4149423847
1671186037
1548300917
2059297258
725436960
191979294
2848538606
4201966941
327294493
2774179468
2667914555
1445722626
1291595254
1670594807
771927382
2216108289
3365012727
2335825234
3420420788
2491150165
488461828
1501964795
3917702204
1578522193
2299329130
1131538600
2216762707
3172086482
1407167822
3145459061
232275020
207376509
765139657
2314037687
923402329
1257985573
3569270756
3754745178
