14545156610587002391
12046008049065435001
3714017052969450944
12546136028286497491
13501011223482409477
17855742618369993708
13285759303628338374
13775583217360398732
3473548866635402476
8920403057960857847
15894522248823380880
11526418898701070796
6042398228882677931
16523070288074182322
14525734025246794376
2277670673936555203
7550231601995229482
4137972232154395614
3962498007931347508
15862415110748887534
5100638919861250842
13352948035122298174
6696468209413599880
3265562591379350124
10384840918473815151
2650019346064033194
12783982312659547543
1871986131901652753
4719969219632138096
720484652755795770
16021445324707239142
16019260178112410447
2618446909841801788
2767581862255566880
3372486792745649364
7604463437316470403
2147086694212975697
5137827634854453895
2287553194770352778
11948967556091998091
10782844585898779924
13446233630933485116
2019521615909593091
12216772983739301440
11843656188341494897
1966385730932321582
5475378461356594015
11837623783371363662
15375274886173807707
4996738175450140372
8450916174398664292
8486750335659572753
3325516649691461925
12355161417290313441
751628964821180845
15316074717819751326
1416183120279722360
13656738562759174833
2682030222985994374
12808480420956591605
6289077108989657160
5237427894929309607
13939371774870531367
4776393532580467839
4749921709242404466
3783059696376499274
6542433240587045136
5157306037027693200
4934505742900138556
17732371243351366992
16062656469255252827
10201315811234249572
1163547068603497870
15849539253162452336
3868063273256297963
1256508688573420736
8330019892358527010
12899820002909656799
17407305872512199672
6016519529622896384
5320441436678053222
6499746731561485519
6833544850904782910
12082531788683229773
17376424579169218903
9351034741696606981
14322782552512301617
15407838741978176819
11686457959527176454
10316090673373503669
10545992602760191067
4993811790815280095
1988785794651384994
4885590592122252326
8764075886175946416
12164552417033831848
3802515229450592126
11118933655263253091
17640946873684305700
195764194675828224
13260464309514766584
2022540621767608542
9280684884622481030
2890251983190541354
16355905410679511769
5679175157758843250
4516507860355899617
483138124581226070
15799655608654207279
12956920491854106669
10478361405248416271
2253427261988970946
14123703974617747908
194677117291482297
1820022111753724530
17728523854024641352
6407297974121478334
14623448911390974001
17658602563769734838
5597358531358068099
14472949332937472400
11551840466220224732
1358487038652568366
11464776254323139635
14552260294363498158
12382330245517036191
15211588745894807322
16819048759813289238
17473763521619520305
16348241097036866941
7845739374085205785
10541735226044129260
7444559169346283622
17499585093418607217
11351749475861694456
2659535898476081342
8595750053837773731
14035239623413727425
1487964206251860960
1689997562135486236
5676145956791427795
14496426699641001259
901507518331843450
275231272006578878
14420147365179426631
2355408335153860366
14010454970649810962
7592098057063953640
15794160859848176505
478743053561637632
4022820465466688987
10622921334325389617
8102015339716620091
381008857602901971
15000579676767025715
15907893213260127583
15919436608390428306
9077661860970315114
6017684260629670171
6060169320713402615
2768149226025155587
9967159441537791603
12274299178721047248
11224610512913295701
9140647162551002093
15666335332145676276
6183331185464685379
360450134930234513
15417783015922118310
8069467526285831473
9582083126292615373
1251949864364791038
675934886445315301
9627485919030792223
10593254481692841301
14514663354238331130
12720916649873050814
2019355345974320098
7233821454334365051
6296999343329097345
3808816561388081011
10332478966461412158
5905082394113388627
1342289215002252993
11773243889787398157
4209037858901491405
14415194291877978238
340437691768123477
7324484865928204507
7118992985259927774
13155398781309208797
855819295997955189
1110972771078905203
6566645034844299144
5848450799606292077
750716028046498904
3790622587059673091
2407233685896833424
7111459639906939671
8168905672866727932
14712724321211869873
11338031456864435291
648488532452548936
12310589774390796256
15313264290069950918
12156240470305060488
15024237789809170016
12164431976346198765
16921616748126072574
15947642091712258096
1554869209565246606
6181863008928850460
16635414255687008940
1862206831927130576
13793735717177747207
7929080340610251049
1477619139777038148
1766587694896163240
12766270195082538958
14976959575256178854
9032763225016519415
411235513363275461
9580809429247451128
15827324053560722336
14166548686351009077
11232427540738829023
12740210701931071347
5052646226713134385
15288556685289819058
10772449000051739834
51675770322952343
5769976865027096672
15314107698523295803
5619625172844827966
15392954706529542988
8574789338730813234
2983885278872410048
13631385148228499248
2862576162819698204
8295612225255686699
1898062558373927235
14860088306643589795
755571584180024714
13244258316893247861
9391126348356078882
18224155861461851063
3034516571306573232
6333311331903812681
1765973369996668711
16111707714381700087
3762254937706712069
9635524754143129093
16897316861699023074
5407581690893796331
12321118836422742780
7548674095634354228
5553631063591576737
9486139069019575185
10024283528306665743
13647013521304694829
1752350736115468055
5135301577799151110
2632819933095963585
8793001504809375116
6207798557400707495
4368094090338953090
8602019073226970173
9073566752265287188
10843078013549588789
17490165157147730100
2963560867548020296
4369379001518366809
17587885625356528685
10262357234534245897
15650041543181819354
18106799168135964726
7080826211527792953
8492120885287169309
3660501730473069911
1520606904094070339
52752013888665757
8801035316359296783
3882948014054115448
18301415956738383487
4764480493373103753
2197636829362904481
12761399420495340044
9514320634795636864
7887748032256911307
12098573554445811165
2207281483216367039
14883881485072464123
7403279637001635989
8901383588612481749
16835143493313570526
1877763940975537531
1515904234192412386
15769773455626219487
17726547277807949426
9890511777597159482
12945384610176793769
17052857725342699848
10521709946435362961
17410397019435368398
16006765439866447412
7000898231574829644
15054802146554556453
1886891508444640671
8948965057200476571
6677798123221966126
17215162063016567064
348663553042205316
6092957027549891565
5599503309493199155
5944587124154032778
8414313477382655266
14744441267299727017
15731111123682479288
10806239450008769379
2624798115942033359
16507318767574617985
1806205088952550713
6384872352289805034
4222778466629538391
28618228075792572
16881070282223183770
9336416849723433646
116811565605917978
9231345096080310516
1404992833117052922
17701251155598924041
12703105156797422323
12114128729595614364
11362486115283292814
1457666112292051171
2831195390710430182
16392465839357447346
11131909401838842145
5449296004258226045
7895807091140924256
6496438840648139458
16192379204688622840
8273793206050493981
4896045563452360996
18101683438864934161
16305358540511653869
10624432687641691590
5241421089874384107
11806715914645798030
10299366419482314694
17748769363628178125
5415727094474254275
7943787417867919243
17845194957997206112
6691558407261831405
12719352075181233790
8048899136416920636
2970770777775797422
13822586184721006587
8873462960782444709
9566351022571841072
18069115833979447969
1670567365095567572
17681934033529846155
7199296631622829872
7899711327950423458
17345221193193979511
17892426694755923793
142294978911197513
15696813066060408065
17337306526906333779
6407034234662382676
18427731917435721561
5667597466326670428
1573847441627752799
1580850589404990912
17221442536337750620
792724237849351616
17273826404274486336
3681248667589304287
16138904778340891857
2249196621305386832
6627018880280121907
361631408483168213
6043978152739762703
16594146943168624654
11587424976973438216
2767034175961619712
16959186842047883445
12552703032813338051
16093954130383786595
808157889032866337
3654613351371835080
14262281747335523278
8974793525933993790
11376188741172728412
7086197541047047198
10902137929662350019
4218498976481080970
7096997176372257388
7059093344641121896
4740530279582048915
10514630147608779262
13107727793591472987
116631534267087741
6118433098366321062
17553114435321247233
8455139310365604326
12857842227609962486
1845157035149830580
4493995606094705497
4584745043232213604
7500479430057643892
11666594109514443047
14208540343428749811
6637557616541543135
541566106917132034
6160983807969485149
10934143395747559795
16097372213668038247
11493554313312795799
12955826576881715327
200774655246996922
1050485593611634864
845580656377309838
16495379557597821031
13341195568244720181
9919248899060098774
2976668547972585695
6339976652067706980
10574565704495425613
16729728249996044200
16226797793386132875
12248996406757774921
2557047799065525163
9336024591044352268
149643305297878583
8668678824717114719
12666956228589151899
6246556500651848098
6750596888492873284
12642201374201320403
16700674175818209430
4978659005408682731
4584690293221514954
14733903780244872594
4986851045209765667
11736707298354626187
14339158547026593611
816801821110310522
16287924082052187447
6510843021530815480
17085089799170070358
1859766450685036708
9030363108435592572
9889291786450446751
774598898231881618
10269401654000574933
13295601321021366241
12970063464319794531
1322862636737493970
270946577184298729
14333011407828961081
4745810103007662846
17154181266164297896
15708022140218767763
11823890850967323788
3893565260031480411
16325838104505544937
10293553981796309228
14252447558433893248
14169062084843695394
12195784319525635240
15230437807569434378
11153079391065831835
12740953034530289028
15614272530771088437
10936322930661707676
16380934101994722324
10454900197846849536
1187300609378887276
12490708494245280356
3258084851309066523
6291051487170334612
16854786984398047408
2168533652106005362
3080391255614053909
9785979318781813611
13048538047066212991
8694729937425179618
9422691640049801826
17551525998126722163
6597543379368455873
6747916431434497105
11816620953000023255
5121083282680389628
17379344871255955485
16598889959375854691
17407998970312017223
5092929654566759192
14118781301266702647
14281884156928559563
1174854491963355728
4368743614454243480
15800122124473106235
4429746717653487585
6234830883223997207
8790990731659087635
2953803110148262990
2669661972469061935
3420177715518154941
18024963165881286417
12514567526192338989
8628208847290673983
7705545192842928884
13013838035850393649
4216970155811921107
17171537249714718958
13982237722831223245
16466075638820634008
8586907098827803509
3013026116440450308
7875973645056799802
596607674910706355
4110563751394227209
2024506982705257278
5444106522417977294
14219122177058458823
4136839203723327981
14801173644790208863
8733836346313864036
796948061197429353
7867320072173085585
1474218672056188325
12450393745404600514
9969591280007715849
3756584566250015689
15331720032480514733
1113189164788039402
9739635365209218621
3194077748606389604
15236646951289610158
4851687379526041624
16171486097864080660
16187767494181467990
1505747917946457432
1613821905433606501
2722868983160065487
7651316846986138093
13281873408438940406
16795011066502912532
16646349965280271975
3237490480088302536
10209393773854628017
16325942986334157823
2229959369775513979
18273401744822884116
14745921093983097542
12874813063335518370
12290463144654379530
15627910590957099188
2580683958624123315
14226064681212488562
14013693933488752364
2969021935217844045
12385839174097811220
5054220711445610911
8514886739717364593
6174339668384555504
4473581523887673270
4535410299357691177
3444387941194987820
14598620027477655429
11409134751916581677
17499312425725581203
2945778717435286449
11175751066959667999
4635220274782714375
12360445048107029952
2076705130880966687
12732167501838111886
14204160398606360349
18363428705449904651
10757193354455642145
1251604769399708605
6914815285262507126
3405268232118587124
531987660900812055
5766412438826810869
1072846150525670709
361400998558809457
12143115035728138167
6177384398007178116
3134934568225538237
6232628620744002081
2358377704995782156
1527671658887890820
14334095574312181551
15228506871180063366
820497287475979120
1636069890834222338
14874725361918878890
2372806458824870609
16376673595996317166
15776868250274703574
7432512924764947969
13756123642554464517
4010990031666247895
2991340814755937161
2286776009187560127
3903220854088437346
13901024275279334191
11002070198613436871
14061575575761673389
6577456415086734214
4769561859134596890
17271028278622138702
16537419451983204214
3879600062635222597
10365001535230796632
5648997180646635539
7015589338310728968
6398064466608238564
9465856220786332506
11038331873202472489
10710149231821948351
12874698730208307407
513376231020766383
16834424976073056431
9591643869983656048
11746241159324381460
18434280006146240701
16706241804175496814
17891376193050101130
1136226481560255832
15389592155431599764
15661653676639406536
6101351073708732987
10588130656852984366
2940133473331665879
1383060909956372676
12209402384556504259
11836317869329280453
3026179603169897809
4859202543366965088
16039591612665524663
8921360239280688266
3022943559170698191
104406598030718470
7273301419658493899
13067435085487353102
2010499583035313242
8767682903383609004
10026729289772861698
2410232933697772668
2749655680760008027
6221771057314281351
1459535533023207300
9798554785532629132
12656067314559848067
12516532662981358982
4526185410037257605
10427709736365536113
4825722718768255854
1991548445073279107
291309581439512780
3314295937084859316
3634874522817861881
12123196495799348826
6406363838036991992
1418003745045891440
6242201186375408358
10578707720015963241
8676437110441375844
10288080777013617761
10893440514888766161
6395498346963421387
610720330516097059
12601813781197586180
3932317759265756276
16484896498254174798
987672401560372770
15038170667088627710
8996666282698414802
7191205993481836215
9805019671922265943
10274018982990899559
14974856025823966567
6663832960870830308
3006009307725918882
2988387550311450594
8473457521351406897
5443761380130494847
14985449970295429339
10514927507462984556
16914484578076944946
10453758804940380045
7544417667546350833
11300974474949044972
14772966583473880242
4838127348252437843
9753774974709291906
13764893136399836386
12991853099978247687
2589389908757668682
13027505289221711837
1607901522528737519
1966791996325888236
13071647117775193509
10219928094147591626
15190770150377107741
11517947311506401648
15468265811364678817
1592042804050709866
16344203885542011654
10711391354817423939
4304372503970619075
11062566436795027446
4021381787528495977
7703679614004245654
9031472783888980509
7248451470916155177
8971356797083573216
1162283167677934537
7320368538393053161
2668036065833527699
2139359584084521690
6069177542520836206
16245837673039590255
548425923566150911
14224410224216959638
8870979506025904323
9169889169615402891
397281787390373910
591505615373985163
2406342600748851327
16527830850544821140
8971236078825449588
3460890006144193264
12315037890831873127
17958713636118545725
8500673707956047933
1979813524862735269
2214435913396301451
9110431795224114754
10273265618184652589
6843760148953442235
902934496972350344
10966905252822462784
18027304857880202859
14879727388923555987
9028389667489174477
12876531083321471707
2026394645522192568
935816829943219782
2535977735020486956
14956648335781126370
1562561287752908281
2367348680291798998
16407662949360896185
5703507270264126165
13587994817208115125
14190738429399739209
2805148082457293759
6546155944541391925
8347647943800611392
10814626285925213098
5371028912969133865
8015455567507692928
14595779508818967980
17848624008437006707
5088783806201816374
8830915058473874918
10500413778618563104
4629621306361230394
1133502159012757760
10911547385460927108
10843288019530920827
12975966275431068130
10437750798970040694
8267180423425753409
15721337564747866537
15445528385020741078
15016850576014036013
16089424955341937936
5192868599150978145
15294610179727610850
10573157991012914909
16089991652814431351
14728203001656898095
3557066289711309215
2987169828675190963
5509447343429839461
10192157600967610247
9242295180760906367
3352545302355983686
17560479133009783731
12205586291904951858
10825771245182051930
5545775717692727731
14182168334487171649
5091240761989458742
11961103066518488064
2484126484633117794
6510433007522862463
11668529714139025145
6066845441411688152
8074359533945876175
15434891964977086971
3663536148147861830
4715775933406469415
3709917654869414132
14567529302523575475
14108085666898808611
3731013805286503037
9386207397421457330
12325881288963461624
7115815749844081071
5259345662872013453
2817918277940508053
6328890266637994390
10561992921775143208
15540976485398367988
16808846588767248976
2077487740391837980
10663182038092375468
620607430887676811
17944625146452175997
16525861136274948902
15458411775632581871
791014837530739101
16396957633235416459
16691825787076316987
10116218389713304235
12006463399755094268
16894894006609054890
6449841701093087721
17446890739383789438
17315598942058584750
10379274408927900800
8445853698231821819
4402912715667797022
13499387639231011094
615644797179151038
3359621851316609163
5557093277427354879
3457542412635618341
9321123439148539053
17779370181565820462
8052176694716811556
8131027174395046317
15592588395653482370
5840578841384686537
1214123931879665145
1209002372711361631
10106115546594367991
2802880744237804479
4298807106356319513
15819381973814682291
4629752098465886896
12672494747354763520
17062944454253013226
10373077714965133081
1307709231646086296
11848431315077071231
6062856005167828231
8092749777074166505
6583690321978144680
12770182688673736121
11658297798769629309
18192855090691820646
2262460383186297617
10364284457547589454
6958726458496909795
15155547610000138318
15424813126575024234
10072352148602671547
5236437826766646478
1815108309714551712
8326078094302814831
5516831098362934629
18041279006554706281
15911287358508477260
9190215859239883427
12461940588347707025
1917862505633702975
8649493014495095471
4661088705541830645
5019484184335747388
10835740208881340290
15318647336347093074
4139384235746535677
4370016317280248283
14393339440427539927
1209353521882887293
2016398648497523675
17028722745918984192
18080524014321625609
7314144654053077864
7294320226304435572
8735650705521784322
4840160018527424158
17441547701565936929
14153917440376590262
15211578079687159200
2315837870297381626
9479285450811944480
4024668322363795715
2659395138685570029
15362103047421279286
5522099531603735420
16207685475907197765
17576466978918236350
3223833801656985893
17101322289357353414
17302642702559838550
17551594750676166199
5081024606245044318
6590944509904125911
17106181493315515037
17262685036698642566
3342822748967641499
6243825507924797635
12296217556883561582
10791591077873485425
18282818427071283098
1303720427806446064
15662597246108014112
13554345399296698719
6517694213494041491
13377684498173213010
18168225185775107138
16755378871518052269
287462316089544765
12377000996727709510
17346902316568802388
16295753830702751727
5415760053877057885
12412829674940094547
11198635861257803114
14055491954669817559
16735793485595749939
10623081100766279437
16676686679289627163
6372581706228584361
8368182271026542199
121610591131510881
6255521793315809343
13223385084067754187
2173650792904846062
7129873526993188417
17147537472281584999
7588012690927479630
8468603011434028724
3555852436502157953
5271879844356054745
6642950106426585104
8363982890770884429
16270028700444343652
14148031485187875847
3656505596305215252
2753998339677777178
11918082712944116416
5728257911584107693
7396175514744073790
7538035863407073156
17235267034063791961
12921459381644565079
10057086096512632745
16521986713088311242
10391785417054392183
5246392883358754872
8723942837444063846
15670374128070347608
9715957604952122557
4074010416720868238
8595773910742046725
11085641178178013107
11862682738708311293
17132527308996699496
2852676764284360161
2676161910777852392
1835115278284190038
16634133940124997865
16128241315164331090
18380530734337229201
1738567023215479232
11337626988920017467
14038019310552214349
505624584438728313
14195328990420728314
16171936184038816687
1469380729735859804
17214654684040529433
11539028291870985772
12123239131936819145
7927683404341613171
3268790911384111670
10949265886056983896
11042876276154110542
