3280001176275675250
9236835810183407956
16087790271692313299
18212823393184779219
2658481902456610144
16424712389986402477
16122702161355102743
16513473339851961296
13401158119780177765
14554201658727638770
7288330543630982713
853546183039212516
3116677314375671452
5893929251593275775
17607315122293360763
6225994315530189186
10037663843120672061
1466457621231431856
10978840578580891004
2374775036021010794
16299940931143646508
11249969022327566602
4806447855522667745
8434519526326114932
10155819057292597478
7426896513888933286
7737659169919202619
6395493049042488243
8286108743487437914
6945683444340330140
10452833298406686143
12375108877743964769
4126865648146304658
16198225035504759603
536047066618173840
12216376598099949892
15942222139585470672
2090516067786029689
9448572128133915388
2284393419736134152
15941110307688576929
11038190235853944956
11090262353783888409
5045785826363905434
5075227420162855568
12136359943400233280
1907213020362078647
14887228238585663919
5294221176556535445
17697392854347163203
1966389340233956126
7587269743581544835
11127886174966726400
14037789759541294978
16609593416493347442
13399274515103843614
2329982454553986451
1564388176914084367
17910729333577878642
3142539992160667169
6025223059001120196
13899408931609683582
10410996064134643304
5774393968258243792
2860348078954470633
9759282095909947084
7958980111962279684
13856549992173254626
15247119956208374391
14926587403476959707
12607377821756717481
9497628666448395730
3657943840763514041
14320650747602206765
13772945936457849146
14397379923645628160
11675386381059307731
17038296485247222574
15379344970938910579
18410698550082101101
18003671681481168585
7716703207256720537
11532851570153551023
13214942813438705838
2941416368994193739
3527935236315245955
9694820766645824785
13137610210046906943
11194543690602001775
17985191199436290363
8406423304218559488
5932697401322176199
16130079172454551064
7728510292566981242
6829412851987853415
16733089486789894136
1877216906058959091
15252478327491332030
9017061139422326431
966033422573523682
453101279125857967
11286703750389360418
6687028258645564214
4150321761066378758
6888958209850993318
17373928302284982064
14806564382158435774
4106854412705302764
14893732584470189001
5322554754913964945
13708484437592177640
4025655174806054831
4356735724961999932
14727922831169924651
16817081743718000695
10794642118913038278
6278346718287839632
10188624892351235117
12126769622106861431
16779829200027238295
16640774571440660425
5448013462021385389
7499589717695265109
4132339082829019494
3647640522374435850
12633910382018339867
8805909953757515083
445752900957826
2700813447256798496
4016723993306787999
6841133026681361900
2065095166599362697
2849213774775368857
11070269433214902514
7440804161911081771
11009767551890652434
13911595236930323410
381210612174486588
9849262800181567983
1671611281372007594
2232744008131813756
11474230210982507382
7534308555693600636
10094139273073336642
2062739753442319309
12440248523117411405
3974913163176105339
13227352705147615031
6541199462608087841
6004658035580703992
9347877200322364889
9593969421308197599
11091012664573524851
2545350451241729812
3874605564541717800
9010721555626442115
9673796310302480359
7967488166320593998
11446334614856240027
7397282062427505978
10334817828043684615
13315282620955098161
2108740037768766177
5280128240390073870
6122950322675026101
12676258984857208525
5291981088900494019
175656858675183441
17184583090738476939
15107567440564909063
16569755168794647789
2579732259443477396
16610097395733403300
7412802213123009840
17904520786006654226
12657459100951065758
10155333251534600752
4829913794279028894
2728530865185713346
2524264507436909254
1575827603177827839
1790683363509532253
3149372264265431029
11138436851867017653
11932120745252010042
6791857196971858296
1481664823801662790
14170340586917371496
1510712500876209339
12849773214941412988
14248732841202827882
12771559915306219009
11065987023329495555
6805644049858416331
11900479990525465341
7885035748483447887
4683688062231298753
9075996023379014582
1533226778148960719
10602674857003966910
11187302949843107717
3371828981905888255
9914364979906147279
17708769483498321513
5688676484647605671
4523420207217541601
14759394368921407650
801952053882353802
16455421242523484992
14728796081212096572
12524036439880917604
12080768988104926301
846523744092014006
16198518476611096646
1356181059842009483
7817271028364470091
901484444245787733
1158367608795674407
11438438674904151702
8568646944081623103
9147998837808749687
3598006640385511556
8657286622624719450
12456442986687578624
15265961394492027726
3497245123811903318
8381688519084937318
10743500237907742945
5429028329169786036
5999545096052797324
1302995676404681271
16385302720068327064
5396461121016106563
4580592777614615735
10154778301796995593
16885804203013748712
12073494863515204986
1796583822895545128
2352465392616332168
12969626018502146193
10858768740120062570
11094204797876384280
18061472007839207357
14050200173582416358
18178069688922682427
16042534524043901248
7563499512686305486
4419551465935416363
8735421589284184584
4864364092450953316
10517690124080684450
2786425331782162865
2969512441867064060
4492489554509131030
4839129922994076803
4082628492057627672
4607415899854342181
8112832352748860663
14205840422656136537
9766022160310302935
8785299556119296844
6173114814990559557
11849391460152802332
10765917026577448520
16109790511448122517
9712242792769337471
12986918288667179186
6099924917213391014
13170901512451466942
2520700296291014177
3055742150953907866
14034543255318954391
7032271683850624701
7438035286404211962
4385854477544820242
5274742059421741986
17143867471464626394
14021377903358310667
9039225771965315733
3029509032377754575
9840889539675522879
6459309605377630978
8812520386703179376
16182483813773135430
7929109173041086531
7527650395344429005
11927989760329731323
14108609176624963542
4575810862256237770
14235262872088282914
8230160479135686738
1113605717202526784
3292546481011488229
11075229268785883831
16872893631032441014
6968334952316217128
8338974303054747191
17487606854859993974
9952430316077599250
9392137553061036194
6184458061864829030
16192218567312302902
3387111014526409481
11334628120266411968
3861489541644749059
14607557121153788338
17857530456685926249
16124187101195484828
14399159530667222527
12017471767459658882
2306030602963358491
15188254026947867387
4568274263583970692
1870360787908513229
13991015677957689537
14288629374360912965
6177014840611000415
9590602561019512353
16474058716489068764
10375180211107851979
7469252155720527724
177233149398846493
7461939195424802070
8595728393996179550
15270088384020709252
7316384308310058212
362708329047348529
7320442633278615774
3976822386634342206
16604637833188100376
15799503271119930325
11879163151581847114
9440388039591928004
6271030267016032938
12127731066134346310
5079742567524624976
521767363488645737
12627697009502377798
15268290277045128172
15724121723088288943
11110120131131159948
9373073866796652530
3154515750909453744
11988722724103761057
2901710209827931751
7121522530941601439
16665732346267503196
12706338651965260894
16467569852630608664
16330265321156699729
13075533675487113061
10155687079364372514
17988877147834108867
5298787496342109251
7131023183969250595
2091186023740344048
1826731577410131106
18252653425934797618
17870857489765021655
500834645128327930
18389213273996370989
9921945139888303964
7246986949789871636
14910689617026363089
10780026144691570534
13726540866919378844
4253825373822171642
6695268043678727391
15267177360202737147
13524588976629184874
13959002659776359263
17299047543095266859
12946738270536779901
8533862279167460396
5800106776397026267
9704751153227521874
6468246539025597211
10884675881479577085
10954486337085782811
15597048940249341192
12344296899353135716
6152993945925814452
11721503141809903360
1232598555035526632
17904595792332397031
4209160106730544215
2220429794512942740
1734712622514424319
14781139026673877673
13106694112321397294
11802801651001307365
14171645200004927057
13453343561235892341
3316306131548640269
3705664593049108590
6899999658186562800
17954280809978924246
5961707579256252759
4052628574249710995
9471039446737178128
7566506489740034664
13504964040448699338
4981698698515478058
17381139749081550989
3587155601164999041
4869676766645847467
1809225945532539887
2475484756203721314
13469615846298870469
17880539801105285856
6103653640542892618
6832343121417860539
10825182525135732432
12460897147808207827
7501313565558175951
5823460464776394572
745149601806915750
10875474205824702969
7982306991105563671
12039637928103711835
14094819181302416805
8387787788774434237
12029420378780153548
3573583676263459495
1729951108950392461
8175514873615115167
4373426436347011523
1551280725236942725
10387915665689631352
2670834174300217782
16986718066344025379
4774790000141966104
4284843905820313169
10855820391593766454
12187539218548214619
2251221331447803420
4520932318757315017
6691228093750724370
9826174397269378536
9114869947173238623
14411849877734559806
957024861069673941
14345129297729506602
4014869901918754239
3959474114535910023
12982797867224554667
16046698542152748462
4527281964503890778
11222952726092773259
10755251742355556104
2168382912909049829
13896479126095148705
3636495397195333260
9592291731477929091
14131548829744347489
16703070374147848231
13186601881820468673
874653361647597156
13272844624102509232
3233591515713985356
9398987973628225843
14254738890567706784
7102251395511147806
9874690914869475541
2646437951690482284
6099460746836774340
3455361350700372252
8230063065449651175
2695719753794441286
9129287640947070738
698345596613518401
17780877531938874731
17315209654973936201
2469626691389074015
39283898437706235
13048671087107949683
4034858182291334391
14077636875081418559
3147188413734846187
2780315085847946669
2142775317950728307
4669804113639768515
10709938295861248876
6747249703785872030
18311485572888382368
3520342019903817237
11124877539057237667
4444237703157184154
9148851288569499415
2611759436564345041
676966887610842695
15586673534189551971
12091445420487920998
17716412429841181018
5393522017207218759
5496436903663415705
11642895672665949970
8392210230551838030
4032358496929927252
15880748616552557633
4090888870037497789
12536524653765703202
898062281761889795
7157052649265887720
15498893095068315070
13260899100808437450
14595594967399950606
15529239241887986045
12925307576972977793
211279315408449475
10447351948999256398
11147352882703109367
4655191028476128676
15210126380465130013
13659210472266414667
18365478396332036414
860011864401311187
10140378132921324879
6593753457590273544
7062478769269674331
14876983564434534470
7115692960848198991
11733802613995460705
17552548554593274203
8228370599000152521
15874964362158524672
9556439239824037111
11533983187472832786
10008570661125697593
10709634678356820433
1156258736823498069
11925718908526361661
416251031517049427
4354939666987589307
2784652869468586860
14000192518446513370
15538146928107374015
6188635282532011014
16943750075197344915
2761037152168609106
14262253229062454442
10644027582227342168
14791325675341540461
16604580674512122678
3193137215535249822
9074015982611801921
15075608890775829181
9808191457665503997
14411510530089268054
809413087729734605
9688631324096742742
15905460714310847220
706454531990795600
10162922484118457608
2056437156552875884
2589782577676978685
16681831042342452957
2847519507169841062
3389630901024793340
17614281468238535400
14598851300435882382
4949408437922321253
18280784404523230341
8378589749669584267
3392533614745524644
13282273549653614127
15563750079521055407
15748291199574173835
5248896522827528479
1410831199716920738
11381954827540666990
2049077412905812078
5892824574243746626
5641924580033803271
17866011928495065403
352637867752554195
12844507306332549126
14304399993823036442
5286900059390354553
2670410112276503152
7774527147382797961
15439307992270329185
8368432569728996957
6777744212800192019
3540939705116827907
8828302147401592705
8373631729391308031
7701514369913970238
8592412589514344031
16729248574188797058
6306012179241166075
15039522763746528838
15266711667025409905
15493909706834185391
5777047228844287069
2056716170987376180
10496711349576307973
5251238344093168748
9433299199747175100
7631921070259660580
12938775807589506462
15932748874365932527
8799321846552959431
16809149598542925188
2598194212158578447
15973677712494767685
2179564702835478778
2606476771350720812
4427726535907345607
12635069008332226576
318901116267051361
11009142832549023702
13458454509866344187
1922994391313186331
8381042161832617226
17339004771177058356
8905028623151305733
1930955442457470
76002177708471159
2641937887568855176
6745898852417588120
12291200994682923871
15165220214880766113
17522911609329767886
9419739022562236709
1129489198256021060
14642341857430545617
200128976732129129
2001975181334447668
8607055476797524276
16245694386884962094
10573429786674765151
10813341784163502912
12641050285838434183
837069289276635083
10277755253350128743
9145165295383154603
10119999725420782932
6814109448026548329
14393665330409449941
14358455676050446534
11363733219439429823
5439053839013650982
8638126536799654413
363055470019308035
286080003308613622
5873874817483152296
1811479903714292249
10676336274079986713
8752955733346419251
5585282975175802062
17955368568318764809
13025008187669680144
7262426858487637575
10827504000935253933
13786613989879079947
5320220114078005799
9001246559011055061
16926418604986221023
15028056817859238260
18041915945603929683
3931203853898725518
16047742623444047904
6919130342626570757
5109576970882416912
6917798548089832268
1296478083979203829
968546937317554137
369383537250542078
7943366714841189913
17592089908222629062
6166063993589420009
4235741535133913583
15254916163287361552
16578672825707671041
5865487246431329604
15181882122803457768
8277843131597017955
12392689478013481411
3641133412954870829
3955373077281368101
16080386020296869935
12355565527908701933
1591172016288990555
7770947143763647093
1817443134928463351
4495900079656798529
4167786133784572344
1947175542200996794
4865976120254744931
15957385129412671673
15853448470000768453
14168648845088532562
3842315750817137759
7586032444808910843
14677210386726306925
7920059313530693097
11097305750317847038
6668295302260129835
11682037828958312192
651006790818599109
14978756511776217792
7929480597405887449
12231933292720712310
6881621503000760398
7257675578245126571
17275245840938733948
7837972982668743374
12868832319651422963
8955092483038514698
11146949374467506250
14045889803632017807
15246044296061018344
10774068352275501489
9302757723061232165
13169862401986452017
10781596519130840129
11028819100976646521
12845722851064833695
4715891407189430644
7263565604797862806
14434768159940238456
9822172938546610661
13801135753796173206
5635699978179071890
15453422938040481294
14234412021944081398
12500908085928611204
2128126895442874960
342290247272468697
991956626652066530
3105831649953151614
17733994002707415040
9443452054690031382
14200440887861885426
15519963985549353359
6922468715893710209
3960387689812287964
13910228013932683545
7216184132349881432
2622863086462780051
3222020740473469378
11517688386918525680
10064516255115287149
11018305820901673672
16601096174111429504
4087738167764510593
11849749738693437557
9402873779152117672
16082442803939167952
16925001964481976880
6113770499654004756
3389654915218055511
8902759589342913511
14787331914594488683
2533834990331568430
15796464404314358732
3149768267763569044
549405954157788873
17383547611091463772
5708099392734378078
14633359979345517875
7497779986665220869
11447360849424469918
16319626445823406452
11418273092969452675
7674077206562657244
13698660039441691920
14257875582294086557
5034134940191221752
9768955921178012080
6885929754169787833
6698559312209734543
2002179365970551290
6640184279121659529
5956611625463670024
5330575128652894094
4779566538197274674
4410283027464706302
5143169503661982320
607712434787317260
745461313434669781
18036891140570181609
10541092427218573813
9430307238236662898
7993578352223513960
13915181700261374055
7992258144305376441
4372185617226440554
4374889186197233943
9611193975852897997
17489279837662559363
10727035869318838072
17609340458658403184
14133743149926664667
12673112009942954056
4225523981595168413
8791214465248808640
14222593971403987132
10891606235238549851
7862543002843689017
16556559993842695621
11664627519413034
4902940192892573800
7048594897401893022
9508835732192331830
15234355586324734395
17323547075750146144
16632863230008060015
2491168026822068342
3508406259817923084
3800183549203368363
6517223786355987277
11071159905291332155
9018175847411834205
7044752950689130595
2919299627024820897
12504114725225890219
8287862899258758597
3489336590497772373
17711874342960781661
16809169606484014386
15778965234381869025
2674197041817642392
5596867660014247362
9094382832583556401
6589870146291696433
7953834320391885292
11402093435047711656
15085216158903331565
323187859923705510
14257128287400615619
2415033263724482182
16230252562621267531
17838028353746589862
17795286918034832821
12198489993347987322
851280538934033975
16890276059918858506
11440739929778807013
17262651324873547955
9162826539651408245
9441229300613379931
3303864638768275323
103844720284097025
4038086147587786360
737503960297722188
9494856192768942424
15469457745563607234
10457060498369752696
923613086259579502
16478867671448064019
9257799168177622877
11185715333675843126
7268482723246072954
1904172994173636585
338991789870932271
16959274042667832822
6192096201926756376
17662949380313130093
8409730199788884177
15391757960766569647
12576377674451756482
10872476373363777204
15008980824581756571
892573342989784997
10249026754727952287
5184801164925341691
17525291703424147517
15270404748347504825
2440567886869640319
15872452135429335338
1145834946189037383
3110900057328126993
5513049130648900077
4668792780743308674
5051628002438745056
9554679904123317995
13960981433653039283
11067393835732621207
2154129401843519326
15444807901841766500
4151487472071276880
16283053858184057605
7656693244308685058
14302059508549008234
10987949327891478605
13003498120803891284
6173218432355060614
5584566293902907348
9624080081155733996
16571494088081443646
1673258500542043529
7075277431298610695
17493885210126826886
14798915586904374570
17777747308943465503
2372867389144104490
11333617614574658738
18397347844809025980
6445064580284003864
13539080491131141807
208631963880023967
14565097714078372972
8495114772925670255
938314417624738477
1428201200355373664
1107556689081244484
13539295186240504107
9234627798257209404
494436103598281839
12257819136783055827
14381263308546830149
3765291613282318552
17409887714774898772
2752482647126357256
8414790110999898458
17515408933503964755
9710803849357260063
10869298536739262299
1388914529073665545
637499177901184897
1724515606188548791
191127858914991725
2667989330159705909
11558854663242115066
8516394442430162
11996497636342445805
11067190585572013397
12422236943553247042
6038181560992685571
6579100557194612022
278403960470063839
2430554387573451079
4641080489802210844
5058767649180589138
16767719193591446793
10716088359679429232
2240598876891051719
1278421578345526805
15536266652402791205
17313888508797188014
8164350618752042570
7936597975619130133
17312071737268383629
349707311849720702
3898706008619221482
2983384369989275947
11261344750694065948
1192928544380692943
870901750115673260
13246047044229719531
15122646590916145698
16420834906287843401
2402068632631312988
14903375446091071795
3539337672866851648
17019643740828332480
10642544074006597313
13684618407735696136
13371473286033547907
3821310967712643131
16008011916617472650
5237484296703597701
18282711813381863661
9538086707884141911
836848102971137929
2036926101015544057
15054351986164049604
3991778816305374787
3684994890891667861
12097270379999993400
8893482062088527774
10228228452907183876
9458933197739543900
14925491637853943550
3691809121927620291
5618213534636024403
7846591362302916020
4005342194503327476
7230916383886958206
2068056857955057524
7409062086749512921
3287722156249464954
5143585128998435674
4834196357758654482
18214453898576221015
11428636522109655831
14367593815455681534
16676056791238783898
6888110131677964426
14435315120734167200
12199183188279450258
18250916478817120436
3896941337328744882
2727223169835909472
5235176165219777998
1785924904292426401
1453226767939157663
9589398695736608339
