1 13471704650889189719
0 17101643707436448578
2 7334693121275815647
0 11720499930973107026
3 7839956366681611957
0 14704003608658113093
4 1241242751380585633
0 11577996704970622566
5 1095982804380630739
0 4269286111893291002
6 3116824972802100427
0 8189539545805325837
7 1413389644495927060
0 13364403966838689972
8 11582434378167846233
0 16078287567133854674
9 5076652905653060288
0 16715589313732350209
10 8286628798586200413
0 6300486373479591320
11 16978573086320261618
0 10671833003473109070
12 12006465262104524940
0 1408579307432241561
13 15025972744796909730
0 11294431312802713024
14 17414361548387705625
0 9003858834824924762
15 2116245442717852453
0 17879327983408210388
16 4940637011355474193
0 17506569722935586818
17 6233597153083534696
0 9380257658673460298
18 11000721621643984106
0 13469427512396856026
19 12824782867132552776
0 11403515561469471121
20 1825886415139331233
0 14941138334079568750
21 6782668545436542796
0 5807929497673106684
22 16680106836488343863
0 18178015475408569273
23 10035528443439283847
0 5661852312448335420
24 1354743386564170213
0 7249217508361346310
25 7515361836543858948
0 1755397691388209786
26 10923650565071139788
0 1571907379164466253
27 18245133714320998061
0 12471206571698973213
28 10636585168115067707
0 12166362032360015376
29 3621228731712950546
0 8408629871250946284
30 12036668458099348928
0 5805323723254494354
31 11817754497279652808
0 17003440517859547814
32 8777604780266331707
0 11234097290597422093
33 2835613641349239571
0 10149678282210271073
34 15895146286381990058
0 7172146827237459480
35 1567801602428352757
0 17528427931514976531
36 3409033882204599214
0 3843202554931979554
37 5842767453058513416
0 9950645582497566563
38 9934436800160029449
0 10045183898921529335
39 17640672686429168089
0 10009080469837131752
40 6421129685758268254
0 16611148927964630071
41 7000098185767561962
0 16703771935874888505
42 17049894668724978608
0 10057149031449380244
43 11867500116786013857
0 11868296872365100732
44 16783788859426472824
0 6667630747539576918
45 9761121442043594260
0 16237279571475016020
46 3862358821056888457
0 15970544654193630699
47 5585120985071772309
0 12130897992396442181
48 7225674706026298030
0 12701009032737309763
49 7723567134135869669
0 930535356987569214
50 1234694367889446407
0 8377955722980478148
51 10700377745375535836
0 5607796247166254663
52 2121345875044904920
0 8084039162566307436
53 5002802499496257543
0 16373532354994671116
54 4583058670161382806
0 8953589985160241298
55 14720671385630575737
0 634305850484614125
56 10487335372159528841
0 7156575621051232654
57 17536070762806195772
0 16643691137226513549
58 16712594363848913296
0 8040694521242736722
59 11447270330493974557
0 14978733776552865291
60 14934227913783107707
0 1019149690928071085
61 12914622663252886330
0 11470481637245498536
62 7147638108610193749
0 1120816912162770066
63 9719179308852015080
0 16231298793321278672
64 3376559025887664352
0 15213276112052598188
65 9457962467486261725
0 10275748133217318947
66 9544253738569220657
0 17607945144564645458
67 8553755048508357737
0 12783653641756394840
68 16228681106691103078
0 1640287114257119952
69 2208341411664918370
0 15417092372454594570
70 14250745750874212445
0 1967546333790683276
71 2665433697226742226
0 1223354833461586822
72 5225938700907137804
0 4089246293397632510
73 16793977904045644796
0 6949340922182901017
74 2778897581585372120
0 15512785293523238675
75 2468716247108511280
0 14619345943357492084
76 1300077708612857900
0 8349012905499606159
77 432418602583837776
0 8573535448595571888
78 3935470988263305364
0 10770512388350770811
79 14588508846695412197
0 13219358581497655415
80 2301890104395735517
0 14826490475214811796
81 5355342485216823682
0 15250242200574918238
82 13389570828960541731
0 8103955749788348645
83 10532344380066314675
0 1453469856955145126
84 18071044568673564730
0 14009937396287893555
85 5419311996817823611
0 17384308558540896590
86 6103371049235384541
0 5707439500299545228
87 4171515821211978312
0 13254128678389873961
88 3257791684314678624
0 12173494823145068786
89 13350888386480325585
0 9602372701448926284
90 17409648339988464595
0 17374231967818615241
91 17487381596753453324
0 4445962777166922565
92 17463646463875746051
0 1947129972073521099
93 18246153232259497246
0 5437059293301218782
94 11466524692053493472
0 9596187642168425736
95 17034045600151839652
0 595896475908250482
96 14383067440930689170
0 10605336658538200406
97 3479394326664877948
0 7718033071400581121
98 11841334328028328542
0 15566176064537882507
99 4433195418788846184
0 11495910933157427433
100 5037479322516441775
0 15028747314439737767
101 7526022228067464363
0 11391857243696357182
102 7402999709414353534
0 13497377296243112147
103 9894604269956211265
0 15997319552905030750
104 12995321661856505554
0 8149744268414284770
105 16781420878816923717
0 7010438216475970274
106 12226678563054228188
0 11633122859754393905
107 10075116753564284732
0 8193652021858360786
108 17722442272179554380
0 743417410346051769
109 18184692993284973497
0 15177409886070996150
110 3226801354538132945
0 8758913546876200043
111 7949043388623725426
0 6316980781495002508
112 17694224963024869689
0 9206225069487855295
113 14176486548590386544
0 9817140993319396985
114 17385361254588484737
0 13405671657901943596
115 7636981966384339616
0 9995514853253886333
116 4122024785331681594
0 509364381141186261
117 1659426860908863808
0 1535540630422911554
118 12576217995157057324
0 11981895397922723133
119 18408073928980224746
0 12102012409017622678
120 4909275751897454641
0 15722640220608561060
121 5923710609307485791
0 2551174286107739741
122 6124027516471695344
0 14787179192093296206
123 12926420100214910173
0 13609376443817810981
124 1058373616436371463
0 647853628945607303
125 4540151499122059996
0 16745064773672496378
126 11339412338359320687
0 12701750726492702848
127 7912588829031769455
0 15614913032098448407
128 9425729051926580976
0 6094237373743383953
129 9804495544756730065
0 13469367274622813501
130 10541396296183116680
0 8426160376623533163
131 4642392827085851888
0 5837174863852331202
132 9369267585727020869
0 4985056751026938727
133 17974736350538338294
0 12960752630779898828
134 17647495108679406634
0 6690807128046167027
135 9832432411465649253
0 12295431562012861045
136 12667964089292331718
0 17228889322212365973
137 3095867864343612763
0 14170423116939203279
138 6560516401573534338
0 15715633577353910900
139 14627366065316323909
0 17803493720377132054
140 15024995712841736217
0 11036081668350802115
141 5054113818848894868
0 15965895185313184005
142 6193178927100888144
0 13098966299633785470
143 12092131190121149394
0 6249268715013643543
144 10235758152398420967
0 2957265103645367737
145 13281477350500845579
0 2298469343450003368
146 2457261862425125850
0 9636763704578052482
147 5519690212253105041
0 9331116863855197819
148 12065842749071367638
0 1161555729989050614
149 2088896382923281522
0 3867190781860061996
150 14066664114727823549
0 3084752579777539038
151 12908606260409997945
0 5116434166831376465
152 11578348518215710811
0 2699330664304972336
153 9539398803511367799
0 10865137813353688838
154 9091374449938538706
0 7582337738730214483
155 17290086218170170820
0 5220641805557770533
156 14363891446833994134
0 13654538557158322073
157 14215465956277128120
0 12804092341992197300
158 1174740804637020489
0 16811927749995780807
159 6546720166038774432
0 6393737391008779551
160 16941140931066919826
0 9480351715347406467
161 8834310723362190816
0 2074326789169628315
162 9711521518661912942
0 8562808485530449498
163 502752763559057482
0 16551815922706509186
164 7519127658091622699
0 7422068055370286616
165 5496277154715551274
0 3394821833660915233
166 14653323971555729478
0 17846664973456797604
167 18157196296367774120
0 17465001464176492377
168 4858694282630416712
0 10539966022223840962
169 5860895107385938906
0 14082333382595590657
170 12230229490634227285
0 1245576787115591402
171 17182120149352655291
0 7392180852418629047
172 11220065071036787821
0 278927588121626436
173 2722743153716166423
0 10646334608351236482
174 17265590674812401275
0 10037857981432456098
175 298627207846209063
0 6231039030434498623
176 17102339820450966954
0 1440881159359836501
177 7849951202511895630
0 8944370870207946969
178 410332737802460576
0 8513262444153721958
179 11315298038541581997
0 14566161215915442007
180 3637586730142601412
0 6376621173525287897
181 14937135102913483537
0 1302876743491960279
182 1662429122243648304
0 9680929951475120808
183 4991275785464345818
0 16449546713561407664
184 3519117714105144630
0 12355732163595607730
185 6807399564059496705
0 15769884835987746582
186 3630628988732299114
0 4355510808196167623
187 16137099571416143372
0 3909181803316932175
188 14714089899524195628
0 11736011757498007074
189 438822022809289472
0 17346370464169962145
190 14118512051512684973
0 2321173818010730200
191 7680597328102283847
0 2280438500318704706
192 6883289701136295998
0 10235678819398495240
193 11830163172716149918
0 9444766829735788976
194 4782891779396404837
0 16593392508070365866
195 18284177855706721868
0 10046489998841907989
196 12671913939590815097
0 8307293510415425965
197 2532021005341993752
0 6374671692760802890
198 14527143028466537681
0 3846743831818517620
199 17526426351072031679
0 15248561162519484271
200 2760301210818936766
0 14338276994944541969
201 11582529481187348246
0 5626296390408615718
202 15369439841021685624
0 10665156827578102681
203 8843636781750090429
0 11311998788602042030
204 12800535166583394866
0 1205945022173161538
205 13199132267841158626
0 5044232573770635562
206 18118357728017578846
0 12254981517397347973
207 6169184810428885028
0 12551445655313732391
208 12018823992364723817
0 1491085741775551149
209 13996247304482094151
0 4432001945362416084
210 16019589206055496708
0 7804983415435514358
211 14092968385977188806
0 10855026484487890679
212 17466329495715882677
0 13530208270599911650
213 16757662864342528284
0 7553146382147339427
214 2986307545556993786
0 17731870681273319964
215 15291831766404379170
0 16583772420695774118
216 13814139154857727030
0 15730196312577383247
217 7856221219887169655
0 3411566923836255490
218 3110799467414081653
0 1781333010883038259
219 13498688949068348880
0 7523273571813611207
220 11065461876127500128
0 1420282590489996196
221 15766959101746351552
0 2096979096237677682
222 12753087385163281726
0 17638277970734717883
223 283338678114961408
0 1516127832579608237
224 9415045069849154232
0 1135649257133177110
225 8174344426418806521
0 2045787899633935061
226 3501254247276650758
0 1781471921304779848
227 14586137711071031807
0 16747873262295651190
228 6460217082120805773
0 16472143846257970030
229 12412974354155354074
0 1493140688900509752
230 3496860695261117789
0 4070831009901132371
231 2005109128169306415
0 8455409554792388459
232 9687992093390152007
0 11969050379802712339
233 7355087218182449314
0 10206912592444963081
234 968664126491239377
0 13401793335511015378
235 3225898140634844846
0 785686489431072073
236 3521193495055915155
0 15668022122272288350
237 8409080640715733537
0 8583754134773124014
238 18093185841778656098
0 1387679446008137844
239 16223410476195078398
0 6455218024961060422
240 12827953631900973844
0 15933430288895988322
241 3707264722415076994
0 5513456859832040569
242 16287970115261271394
0 1884621148364048609
243 14991167053056689241
0 3471361427420261138
244 13026540901503435980
0 10599782384665524546
245 10181241281895724115
0 10952408801196664364
246 13293854716970624792
0 14906309517993128628
247 7560320133467599424
0 3560201903899194527
248 587393614898508216
0 3115583169508910251
249 4264670016345719139
0 5672197419470540809
250 13022060846727470819
0 4932077494035119820
251 9695506265235620576
0 3083903069721656309
252 15380522539140343651
0 16392433404851658277
253 5783202726910275108
0 16059215088891892892
254 7872925265221807670
0 16070996304640846970
255 6358739580262571020
0 6435780306206984978
256 459245942678160757
0 16228203373241231756
257 2672857714124297537
0 6313321347437592726
258 974588471154676253
0 6647333977544895445
259 17296404632707689561
0 12203270850226988938
260 380254973311273917
0 3145864010226257787
261 14515240639549081321
0 1535805110493238327
262 2731172716665329867
0 16816499357491160105
263 6702756129358439907
0 5986338194304471032
264 5587102789191701966
0 13563418553542851307
265 13481838672511324045
0 10100488867988952096
266 11489024100154482022
0 12877378829723471636
267 6213881395425647310
0 11626234267595136218
268 13504108096164864080
0 10214930791007538611
269 6546544449923915295
0 14876383636030242817
270 2626319540634673283
0 2968661664132349688
271 13661633165073364255
0 14311233415868193667
272 14743128157381680511
0 10878444355659283865
273 3911735822478960198
0 16220541343321360162
274 15968350286740063338
0 15768561801578851459
275 3232736196475166805
0 12288296718905717585
276 2889155554632291299
0 15414747517707792566
277 7229297393173533212
0 5526012107631905469
278 17870936621140074357
0 2137111892562765464
279 10862070487132449450
0 11676018958884900586
280 13481875974763154094
0 11789771598203792029
281 17823005067886298681
0 321302764683399461
282 9606151615781755200
0 7069842446343771434
283 5503729006077771102
0 15759531642127609314
284 5813528653026895216
0 9057117366227488404
285 3052752014006669978
0 13507880446521061715
286 13165657948202547120
0 8502158454701769434
287 11340301003637500906
0 14652910447158423576
288 4954686562661749829
0 1953595315163495713
289 16767013201534770001
0 18064676694785797132
290 1712352958473752016
0 16729795338417264172
291 5546665839386157284
0 15765504961359881307
292 7421162246135559129
0 16932841008584128883
293 17307830902466580216
0 15526191342036795
294 7538974319352698007
0 2326543573921239296
295 3984485059262517563
0 4507695981889442063
296 6563365631497608902
0 14610388628810344304
297 18426629793860437395
0 5525212539206336465
298 2523193356212863216
0 12667106450146997230
299 922808046619563589
0 12450882294050106649
300 11121777703113484829
0 16696951863481548158
301 4868444212681413922
0 5659719862518730620
302 14087451021853426032
0 15882691114938587311
303 6833150390277687495
0 7650952160854505660
304 368680180304743363
0 9777817576952039268
305 5437475749329324250
0 18165940259538911612
306 9089504999644483584
0 17767977764407588959
307 5840174750792103806
0 2474008700252869338
308 16323169416452574172
0 15573265440245087489
309 13601732628645849695
0 9894278124258201508
310 18191472031336328940
0 17776466829950643256
311 9601684301846485021
0 276607699047930206
312 10504939501427379010
0 9809948317688544636
313 16823095586505667177
0 13160591309648129625
314 16362070292205599464
0 12667359540887911993
315 4628498608608561355
0 3686498030270732442
316 11965018990453467710
0 452785987627841712
317 18369417209414569310
0 3231578092026670663
318 9161304148851090868
0 17609218853980272283
319 7567914714689369255
0 16799127862575564899
320 15681691165203442258
0 7373569384494021702
321 15739043813376173289
0 14148328989948094620
322 11017986013774428079
0 7962714638319537785
323 1794375896149629055
0 7971854426252432145
324 17748286205467822585
0 11735231120543262720
325 4491318963252989392
0 7511607556699370823
326 1865195117668355555
0 14217559296718269352
327 3607608277200083450
0 8564735817521954664
328 15002724551855770521
0 16867830347945049792
329 2279106748766209090
0 5845492756128387342
330 13393686986374959209
0 2131710036306037481
331 844580105414183291
0 9555587524704271024
332 5423939433300103045
0 12544470330653653586
333 1185477599442822813
0 7518445368704856290
334 13287588591918198770
0 12728165896191369540
335 14445086222675082609
0 17332756708351875324
336 11440724584812831801
0 9499870965177532230
337 271250098516200145
0 17089808011964122476
338 17298960617597270950
0 12303952643319656263
339 5809232781520836047
0 13317293463271360265
340 5111442160748921973
0 13016839883076754433
341 11414673539230072091
0 11356405290005899107
342 17243338666524610331
0 6687198248372536147
343 2267364855966313139
0 1904954365119232809
344 4602762897347427869
0 2977860112123301770
345 4687147860492034329
0 6905040399425713662
346 1058430069839145460
0 1956679498585607836
347 6315614872113048738
0 4993770279976863065
348 17161058983488983565
0 3781085192439133313
349 7008736585020555700
0 16901470563894452252
350 7317743275574356553
0 494000046618663393
351 13515054734848359547
0 1269967836975927751
352 15545268820176270442
0 514206527078001886
353 15277351171258181814
0 5964504628025889189
354 17270552820698851181
0 10018078957085814667
355 17353039391553891158
0 11942647183060650048
356 8428951324873838498
0 11758525312260969312
357 4177465970472184578
0 1162950970862449157
358 2364846596088816504
0 5021552443227474264
359 18085045257235602742
0 3983638850394603315
360 12335297255804469672
0 17396259056696409377
361 5988191650000988201
0 12748726501710094458
362 13828341449766085705
0 6864501204151401601
363 13484755684325291749
0 15986341433291889437
364 8213042017555501768
0 14681534105962214677
365 9989973619888467276
0 16553842282940509712
366 2643499143579269180
0 2111069710431284154
367 13372890702360022589
0 5926739317690909100
368 7918809058864413711
0 7126429814782273932
369 1366203398223448839
0 3507521827071236820
370 15261691703769851222
0 12552041787176844601
371 15971163761169360841
0 11605768714570495031
372 8772801066477136813
0 5380329994921870980
373 6593012059140794196
0 17181269209777104164
374 13820257224499521529
0 6992332108505260269
375 1754077684296705778
0 7599883476228102526
376 3163211265788824822
0 16861177848780522557
377 3175161417586915858
0 11767344793142147979
378 5639162226996621173
0 8257235957279645668
379 11300832855092341141
0 5649750538819693341
380 8407102856905085616
0 17099897045605175730
381 2730684170676171720
0 4447558922329075282
382 1976389752405806770
0 13282446690857735446
383 522829967871233769
0 1540714406177777064
384 1094650729278448715
0 6465422713445506548
385 372989750644684139
0 2938734809309200346
386 14074041595893400415
0 5889269726061145230
387 4368390902016313893
0 2550490860510321942
388 1620250646775347269
0 130864909611768864
389 5794262139946994829
0 8862486456472396886
390 8929912624049660205
0 13036812321901079995
391 7777127224037597959
0 9888136230587235285
392 1478163662951602194
0 17087843196684539878
393 15763674284725504847
0 17196365541488933443
394 14525806526353189287
0 13155583029282597232
395 9360454162376902945
0 17857844810997781657
396 6957975072309739595
0 1095821530283599180
397 6715070125298902590
0 16580932242856836595
398 7487328315140695682
0 11030803805871729013
399 1858465684233923287
0 14920799228248887654
400 14968312320612422216
0 3491531492866682752
401 6048184214262118006
0 10123741326582820047
402 14000889754435220665
0 5293059212645916335
403 14978483768248997273
0 16487488321558675808
404 6825930976108142181
0 9577753695152955492
405 9638725963315735295
0 1225329443310696200
406 13735930991954141576
0 3341837835735969219
407 11635389394183996136
0 8416714040456944508
408 17788806125499766984
0 6478671438001279993
409 18295316592006626832
0 2252498945115480768
410 12423196031063795746
0 11245476214758176357
411 6285471768126919730
0 11443946265361054433
412 4441743750518225922
0 1505487437159317332
413 9046050868341831401
0 6242143471374933569
414 4537882863376989648
0 8835697914047252074
415 12493786371075245533
0 16372441889097531749
416 11121612708018050362
0 3238660439053895329
417 7567789904292630320
0 10382832507016463313
418 15013222595247700995
0 11152772963108898816
419 1738972441110613127
0 5908702532182074936
420 9688203049396413676
0 8535302466368437135
421 6685145420404584117
0 736270156085521438
422 4691432191766354628
0 15463874575317438890
423 7982494404144123300
0 9990838939425619172
424 16528591637736098012
0 7875104991133159273
425 6876196077240684895
0 12416439693533581471
426 15861947002120722911
0 14839676415028640731
427 13604907560436271005
0 12894434560723241242
428 9977660907840634993
0 18071109941726427479
429 3406013403188873764
0 12647416623616360174
430 754094437165974732
0 15370431392349007659
431 7099406179611700440
0 14447534949945349100
432 9756247631236234550
0 4324444915879152645
433 4157717722968723738
0 1543871503593459489
434 5525991084311616992
0 13842275554212418785
435 774906651454341042
0 1107599471131555911
436 7712827681803316619
0 12578632888807649239
437 152119486549233386
0 13158422386954037260
438 8368119135918958003
0 10112190047735438646
439 13146666020574279830
0 5241258136136265410
440 12381715420380286568
0 4110166149030037166
441 4142199374300625401
0 18119969555241010708
442 1966376163233222965
0 3597352146870873500
443 7308853778182613647
0 5790114058314016238
444 671245983423501386
0 11205539180274145223
445 17197254780375546236
0 11860716457060855344
446 4871900154587835742
0 13201148186719090732
447 15118070156751895770
0 16390643248432533354
448 2554750296124205122
0 4285277577405333448
449 1391269278498869909
0 725897406328222793
450 14569446319233562293
0 9864526693701414396
451 4146154641896772326
0 7140803756075789864
452 7716248561824278604
0 17757055475320227168
453 4602315309172562253
0 1657572488186208723
454 15354480599268181766
0 12863015382838559356
455 2910093795696089086
0 1850645825397334115
456 13601199631825479472
0 9256853577167745423
457 2489518102261598611
0 17507106460031660594
458 3614471379976112050
0 11057181752344557097
459 8829165294964133867
0 17877081459183752135
460 17475002881179946615
0 1815664834476808611
461 14373941667624020080
0 13193535138873180922
462 270634875023723290
0 8756527130574892595
463 11573597298115794940
0 15834812102522279835
464 17365374650716048796
0 18430463989230628257
465 3324055878641286535
0 4838076577852664339
466 8725565655791974050
0 11067870924644232550
467 11545418491226355096
0 4562742665116245707
468 18274601652791016403
0 397907661535472444
469 8243287660109040655
0 1431789197832067394
470 16479581106949469721
0 12830823175043301682
471 15982502622008967171
0 1767335958534793744
472 42645582134556873
0 7279893813721351868
473 734185387505208187
0 8083852657641383230
474 17559510189671007060
0 8783813596824529039
475 18036517846812549178
0 10675126782184874982
476 13200208500269562932
0 4415159289712074398
477 12274437543516722394
0 695164884816251796
478 11868413450246707866
0 10640180793751947510
479 588895552940373209
0 12123052098987117379
480 16119616761667654062
0 4255089720063424933
481 13335096537815607516
0 5010386634929146014
482 9457297680492461417
0 14572386204360972273
483 18039096217878996294
0 18023140900923761511
484 7164466531860984817
0 5310344982187669440
485 16029988411881607194
0 3317298466229689782
486 7278548734583748129
0 16335844872755388769
487 17731605829061750646
0 1743364805328418096
488 14211668203138328579
0 9707011570329837841
489 14432821967813490581
0 11729732564088058832
490 18051247940280054225
0 16630150883171027331
491 4516735248971202522
0 15130515558394480094
492 13737898303797907920
0 7242073689976030194
493 6178905223587510453
0 16654505708744815032
494 11201236218862541029
0 5568757393209033439
495 15547716980929072307
0 9543775796139001964
496 3404948117987870293
0 5884351752066768156
497 8736899154799084476
0 3324877959044177701
498 12635707826431989488
0 18297345037924535663
499 16510096218751957876
0 6833019797278968713
500 18102809532494542339
0 14879201215776338557
501 15916551280547480020
0 17578122881062615727
502 18407182887305969538
0 13462250009693775629
503 11450773346181421671
0 16537966565856425312
504 11567122234926393013
0 17439300194185666231
505 8902035970266187822
0 17390945603661090169
506 6866068718922591061
0 11088956168323971322
507 3206321976015836795
0 276965200977294502
508 4569503605611132200
0 2994536776446642693
509 8134453069520713948
0 1367993440109893670
510 13391221464192267359
0 641558559490558621
511 14234067855733661017
0 12091149017857173643
512 3818923453549205160
0 12411110845322419988
513 5769900545776918490
0 10260896997025028274
514 11474151837119704781
0 6463150583591289507
515 555863360160576205
0 10147307024278146332
516 2653115704463944569
0 2064564806395588373
517 6745238811149953727
0 1235723128005644804
518 10560634549241024978
0 17310446883512544720
519 5424743169905440310
0 3260797512585659571
520 11949849905556306304
0 5381112692974754201
521 4666684530071727633
0 15583955102331916544
522 11639612548020712265
0 18398313436790658555
523 2024052504968240426
0 2405400294990582110
524 2838308698049651644
0 11070268761288804467
525 9401242418962158288
0 3212546340046019569
526 17077321676933974563
0 8693481361745215526
527 16661815900938379986
0 6219992848073497040
528 4235423893235862662
0 12326826894825626593
529 12475820550202493204
0 16879792111778050631
530 1480640915298941688
0 16639406530272104173
531 15866311796688040216
0 6181079896460676526
532 8193329936966296722
0 4851018624443323153
533 9888291156207704557
0 4724637658071154633
534 7707533001125033689
0 16079558127392774445
535 5854423142199104677
0 11193587575118911967
536 16645430061537030328
0 10584257083805126641
537 6835324390770755546
0 1728040778654269616
538 2696507589605421022
0 17433357047350517622
539 65334977149233827
0 3860835318199693842
540 2046208709051971180
0 13684701501671476386
541 17268875088300809827
0 4857110682563594037
542 660361870802949246
0 15246954800507417137
543 16819927710010997245
0 6877416658178671373
544 1440613752612449207
0 2130228881598841828
545 12696187200910632472
0 14209230949112331762
546 7641765617014131329
0 14001624274477354020
547 9375729862844091885
0 10735827241026975669
548 12185373271774317856
0 16773664961443905496
549 14937117998147514386
0 3586935698096300472
550 6298580126178759439
0 11173360055914271924
551 5260719409967027029
0 2898751102414685946
552 17326498733835012470
0 17765699014217580061
553 2050132734624138627
0 4102831940937504789
554 10283003449376904482
0 3122455417281455409
555 196256546167013348
0 3867853343665543845
556 6080872752652570427
0 9762335197758382435
557 11793146248614264817
0 2024400645394853913
558 1828233689391954823
0 14674589134356420179
559 5140589225743736880
0 17037818442484786545
560 8413262192970692286
0 12830176393606004348
561 8043229837399351776
0 15390266509987879877
562 8183334445756123310
0 11315647776203995213
563 12700899542817768178
0 4058489348713003316
564 11673908657493531420
0 14188595023542938586
565 8217132587887438907
0 5787269501310986138
566 13831425862323501097
0 3531720677695962917
567 12364217298345693773
0 10047860291455786418
568 3701536602146193995
0 82250779102843539
569 4289590622359915073
0 16757211825924685020
570 17361015458811363228
0 785469297420334601
571 5648250045230928768
0 17985180059869462967
572 4187761428887495285
0 3146680932634468789
573 11946697315139099067
0 17855088286916162262
574 11729759141332611474
0 8704801164642253296
575 4043256167086197878
0 18317215272509387325
576 8275911074899359256
0 3643815852643130739
577 16617557266044732893
0 4548732707199965106
578 4612302630156831565
0 12915835458037057851
579 1689399046542037897
0 11605856876899403940
580 9716874567821247784
0 10760775488818566533
581 6503519041429509703
0 17812398170218732749
582 1172216226381978893
0 1829177418146337997
583 11840442131862736656
0 1802108825535240602
584 17947688349506141239
0 11723708825375846556
585 12943093572054419708
0 8757895643720166886
586 3702459056594614496
0 10852962063974764091
587 5485997898946208688
0 16185844939166850100
588 15894092211220904735
0 887143560151286091
589 18146623449219150324
0 17194039935853027817
590 2574007490778794859
0 6038373334914795427
591 13547961621871120381
0 16620207079643759864
592 8514348815054873365
0 17746093844246622287
593 4827618351250180436
0 16174286548185756072
594 207710636785750943
0 123474418212964839
595 18103642901329418696
0 7978183857367825287
596 11365394714256970020
0 493768426023056514
597 7079459232566481499
0 10790685421551354455
598 5243584907946054671
0 13611801930675634867
599 13550430487932863345
0 12888940784926727810
600 16075623665644755660
0 6191289490474763048
601 9576721550869806114
0 3254036375368658811
602 8926074214222007068
0 3829078808580910842
603 11134203186905950511
0 13587022680451571263
604 16763319137306464428
0 1512829968597417758
605 13049124240500538398
0 7042755870652169493
606 3862153986255445772
0 4947822408495253796
607 12779731629624604674
0 929869061673683741
608 4814003462289350855
0 16643503531592506407
609 6437409247407294867
0 16159525938322714933
610 2133981970893448385
0 2653569198516225953
611 16484389503737199797
0 7458417734628916712
612 2093904047977308114
0 2925033497188242368
613 952649000728002791
0 6856233684788645587
614 12577495607145532140
0 8434291574599539601
615 1345533561145203519
0 9371134683781608634
616 2810004482305355022
0 11758537144030603270
617 11016918720563292358
0 652329323510971764
618 12143482975909248744
0 619335109038002408
619 17004252308906149067
0 16769104647967173205
620 13606778255279103045
0 1053474458671966272
621 7344674079394149685
0 10581772129067959481
622 11604947194262188754
0 5247078311185416969
623 8733519877962486468
0 5978084553919112509
624 3624615254516548046
0 7453459987093496270
625 13275407005874662671
0 9702900608289781258
626 5644015545798328901
0 6813578084685551308
627 996747417057105225
0 13079191290486150320
628 9553191015405423191
0 15137311181083002385
629 17404209113506265179
0 11598293833165595336
630 14623894729282394515
0 13436982963057181551
631 6679100154363548564
0 5867969115872667895
632 913915162250631084
0 4965508584868095778
633 7163757233776819769
0 4714678156402365279
634 4931650292270156723
0 15853160930033425773
635 16427726350910348327
0 7427324190649895867
636 7178997819975407296
0 7434273206225194111
637 5522893583969071392
0 10030094233669588412
638 6706476946446695372
0 1384498088775396048
639 16715685982539787582
0 14939880792307805803
640 3488141466246641774
0 13849099392197422885
641 18327692887453987057
0 6290530706440862011
642 12255504214051720488
0 15135469205762818141
643 15782009695462166482
0 8464424884690456817
644 13753775137486692618
0 2882044646714323343
645 582843524002312039
0 14084883842049746241
646 12216190766855153031
0 16476585399281504733
647 3742335518357283126
0 1877839262046710586
648 4279547238862464878
0 14186499381691290374
649 2586187249654301520
0 3350267294907870539
650 7128784703955876444
0 15635676485594846455
651 9394506885326088241
0 8382880078602921769
652 5994958144523493610
0 7226094254364018235
653 2686700629982837437
0 14605422193087609686
654 17707101524901133689
0 16794408873157117566
655 9914605338980175244
0 2116384363469280148
656 4433197569490982484
0 3977743252912393443
657 426620964454335723
0 3983331610884584785
658 15107127847640024920
0 6215411130068141646
659 4241086818022403900
0 11681369496719704000
660 8755176895530156704
0 2407388663656793052
661 12663993088534441454
0 12363040941179965937
662 11325999412818238938
0 11734772243357131310
663 11041419638670687651
0 17340449183069312369
664 13239873128791854262
0 13445422425648999160
665 4731632690560767476
0 6819219105624267961
666 1992116202713542722
0 7127213750973758853
667 8263643641860011966
0 16175107861547502848
668 13481363005461425671
0 15333914517721369567
669 15491841569916117104
0 9221765610405756949
670 1941532471002937366
0 7140571377049403298
671 7102282117918752681
0 416893054752852213
672 16849971204404365513
0 3194224580924609205
673 13141216304454722562
0 9883717135079343654
674 2189236852518383289
0 10970749762741562150
675 9376046755428812573
0 16029228396272932330
676 16147817656056029510
0 10540366021610896459
677 107618743206866492
0 5735645696872670645
678 15624495916766480724
0 11732508930499108771
679 5354490659821278277
0 9920888671309354161
680 1321542079947336196
0 4055435088395255226
681 10017357793081042565
0 17908367962825776998
682 16181272577214598743
0 6607754412798114264
683 16149192634829708098
0 14386032072376673291
684 5570657993147677909
0 18058745975567936739
685 174099508184882942
0 16755286473652091155
686 4288053963999440932
0 2814700522241873553
687 1886290730334164988
0 5990659730786284608
688 12793544802555159724
0 18037056485796137604
689 12165375563969175626
0 4957777849133281268
690 5313951297564110196
0 17963698362883866991
691 14500212079642641013
0 15061384137065231948
692 2569330040313891493
0 2618658295598634154
693 809896011193929171
0 4668149164945720993
694 8651188025643734685
0 16959078333100262363
695 7553127968622857313
0 13608670704687186107
696 8147296914946331209
0 12113837902298306092
697 5260706436968360009
0 16992788563652666689
698 9689716451104873659
0 2736955863732917222
699 7495771804022375877
0 4439966133320623972
700 8542775516446685257
0 3495392838504103508
701 15726531582718623580
0 13481700376841006058
702 16326857971370391899
0 6600660608924059400
703 15515108372069332356
0 3208407617643130484
704 17906302722546378921
0 14555011526063245376
705 12654008976679861651
0 8334177424689952175
706 16414318369732662943
0 3072699794045087699
707 805220883184025755
0 14706996944652644592
708 5104966404118425413
0 8480436678251458829
709 1132367068951785064
0 18073527558939693992
710 13431382654719269548
0 15072797703472551780
711 16835355162896624725
0 13251421805220986427
712 7966608812360239587
0 17199707839814956092
713 292757909769015527
0 6945016646762824974
714 2909811112769977461
0 16009954138379853178
715 12421298722187906441
0 4753982205576223381
716 12732498232571952596
0 8634449782634031450
717 11567673061579947840
0 15039498216154814671
718 15272014018036497758
0 10893040929683357994
719 17045975019894314309
0 3456399536888097680
720 7307920876995536393
0 17758689804222431506
721 18414356610642934432
0 8934969454179847250
722 7748627919663646840
0 1795699170467753372
723 7465358865866500443
0 14513535786347694170
724 3016685756502455115
0 2450913574786590828
725 16069831200976440105
0 7764017402519922093
726 12297417719282532882
0 4871360261095292403
727 13223077941764645796
0 15447543852650140741
728 15512827508397293955
0 5785968454099953461
729 13591969076489090585
0 16511869318495315446
730 14634426283788316416
0 11111203374296937786
731 3941618777367672635
0 3569115045190878702
732 13533522021457663428
0 12138055559204912446
733 13888540739801957250
0 11616056953968234031
734 15890350876176962500
0 67239646263906012
735 580384883331396018
0 7072817073140993222
736 6790425086905327272
0 1494343214419531288
737 11487271043820685076
0 6633926112729971893
738 1386151964866878012
0 12272043444559567165
739 7953266983140487448
0 1099921274995098083
740 1393773611970754974
0 18262252149111437640
741 12700184928776101358
0 12287942031195297193
742 12370872016778334167
0 2114890601361927882
743 4043528817293612722
0 10407500562711711241
744 2272435127935498775
0 3640330628522391385
745 1049445781986876164
0 16995255387922965448
746 9663707676995359606
0 16679082684233632841
747 12311718805045878480
0 12845218030910705271
748 6705110623105514732
0 14454828348564299187
749 11008462334023520131
0 12313334402082300337
750 15007688024079022258
0 5360254500335830694
751 1905901842593267303
0 10948021084269175860
752 15635557598465224034
0 8496419263310911077
753 1538982809762471093
0 7246782402664285313
754 4714497811540095494
0 4276651615089877420
755 9271105853344087485
0 14268422579520169518
756 4381327823789830600
0 14340251197091721642
757 7201733576108391906
0 17601562051892893245
758 819161675776485552
0 14309092044374460858
759 845397772543682231
0 469850368101832393
760 9984016526668998331
0 3443043478523486522
761 6093320497297613348
0 10297590778215123553
762 6057478137956722954
0 9654580557844025941
763 9963592553303542679
0 15552659638433498392
764 1084788069668579331
0 11156452798277105928
765 3095416238359006000
0 14691879054263076769
766 588956435422517758
0 4153069666130123045
767 16708658891805827073
0 6591979440996396186
768 3415148376142023223
0 10814560208817262838
769 7532325671326060722
0 13049440717400115145
770 9046592288420987306
0 14808493559073703008
771 12149680149319497380
0 7515525364481536074
772 18219553263206948938
0 8561699937806195246
773 16415479251469724645
0 1580140071880203263
774 17309102750142417403
0 12036707259492676954
775 4312628359396661999
0 4118473641590427987
776 14045082555399657818
0 13461180701320547911
777 18217561122954204857
0 11201290907779131683
778 1318387769714274959
0 8924577362219026456
779 16379850487466235483
0 4947788546031564973
780 8197039180518174099
0 13410502749325416034
781 9769999693646563631
0 17021612928789073647
782 4236690091657202328
0 3452595661079412679
783 1818292365741668005
0 3142439958897602032
784 3360518871654433464
0 608088116201621258
785 5916187351239138892
0 13402990481445853281
786 1335192481113863326
0 3111817476570376725
787 12846047591439344375
0 16689485583156973520
788 11470422214272458377
0 5567936770012646527
789 3543507960159369794
0 3216049625970091398
790 1456000315141288045
0 10914414279145300690
791 14949518350795342408
0 694321109206310702
792 4814615094295254571
0 11500695268282684095
793 16661660663496504699
0 3351771257154209812
794 7177793084216363769
0 3978386472535276930
795 2182453648789950509
0 6001066072659424842
796 7222546625194882570
0 5299617872614492252
797 17351172362280434356
0 2051660315918019484
798 1427779561351163546
0 5474570241297756331
799 4799442647369276176
0 9465376357014327842
800 2397728241123451506
0 12715349132335285339
801 9376840187619911987
0 10896188693626664263
802 4535029373486943382
0 13748706012466115779
803 3133895262359821677
0 8978235012852574576
804 8189020001692495760
0 15180797647800287724
805 3049042710697334239
0 3538151052556640923
806 1705872584106275307
0 1307741203505752351
807 17825346508849745510
0 10061147989678435071
808 3248964593499197705
0 1479019528329382973
809 15924425758074762523
0 10474290264444258901
810 8145867877485549117
0 15986285562175226024
811 15797390034487985895
0 7714470930120642243
812 7795973497835627384
0 11173626838323062570
813 14188878989119448165
0 14488483136692248341
814 2294886420835407781
0 16921927384352533875
815 2624611490105753366
0 16036400193901846224
816 12533785757317875352
0 8492252959748555163
817 8301003005455435310
0 14670652821482736854
818 18349870587883046324
0 3353627160220872598
819 11068600404843538720
0 12038146169004844241
820 16659677076517506794
0 2515626124287261414
821 9729871537422056540
0 12322570845454889477
822 5334177156200637303
0 9151952006967458802
823 14504441360869733638
0 7942012841737022976
824 996803556995245072
0 15527383001465904330
825 2852675420865446932
0 6314290934282410238
826 10471327712812525495
0 560215017917229007
827 2150668474950496730
0 11516484800918825203
828 14729860227057876596
0 11123653896845997145
829 5389846828401386766
0 9027759786521229327
830 8263212876871098959
0 13068269556242956254
831 2248207551014065487
0 2134728704364627408
832 6568501465591635964
0 14003582107401333752
833 3420357103955577925
0 10393733208519156284
834 6450775850938861530
0 5785142095701883815
835 7135042075855032166
0 15472713096485712789
836 4095359244475707923
0 14639862110279447233
837 1289342060914150882
0 17756051899531902832
838 5142488788534167110
0 13699891387769955296
839 156399395206101596
0 4119127727505548750
840 3747773875944761283
0 2393194427638646553
841 4858235495515603500
0 11865376527378063167
842 16553193515206778168
0 2238112663343837782
843 13002052206567105894
0 10391462891422672105
844 16786614486412869677
0 17994299576718178832
845 82565785777488177
0 6624927841661198874
846 2488339868368448241
0 3390953701497326175
847 880372545027991609
0 5659796653927910394
848 4658717545284696698
0 500075873831393991
849 4069287299832695500
0 9139942219781168231
850 2545268769204827425
0 15635549411751657382
851 2724606524907182059
0 9424309578658802959
852 17419135993211833334
0 9875167845475354674
853 14425576871448309680
0 6115992941197706821
854 7854570660719781702
0 5963356092643575510
855 1637062481344479176
0 9137522157006530298
856 7423012526202694196
0 14540161058231458754
857 16999572627173594853
0 10345941116723767423
858 6116535459190874587
0 18212568589620300882
859 1726692328539018883
0 10738922077130638679
860 6100829080030647998
0 7374143278462234439
861 9200182967230747253
0 11802544577751743636
862 2961494486025702035
0 14727114248647923219
863 11213022541015040746
0 17802858206812634544
864 7818399302423737267
0 1265003686343056465
865 13258218066415918124
0 12628858406680330815
866 9203231736611345090
0 10538390031411925581
867 4776248699962889640
0 15696709479137314940
868 16173810545966447515
0 9734617770299493175
869 12848211252589780601
0 13571230769143639345
870 12394750605021670513
0 28046975244911681
871 6933365861844514714
0 11133135454351511338
872 3088936464898226459
0 14016887540786173327
873 14173774461445139852
0 8483030813721980232
874 11068911435600104510
0 15680814120956071340
875 17154281200579537075
0 16766869006976230651
876 9551555130189920798
0 14071098814669352666
877 16792425614551799813
0 13774156542303275605
878 7530297780256356634
0 3858878001657017508
879 18160996382388394534
0 7871773514851060588
880 9301967908473074885
0 11846594663312145497
881 8324801204784814332
0 7448257693703579855
882 7722270185455005337
0 1488539427386100285
883 15680811724770599694
0 4484315306852624405
884 3897920472583325100
0 12406082833159767323
885 7023251976287569053
0 11446093556071904104
886 12869310730313854567
0 10628138379862214747
887 325769116728685037
0 6263577674100147582
888 11909583896605399657
0 5326401133674993816
889 5749464726917167299
0 13554847481896910138
890 17641551939817850911
0 17467165216587094952
891 9105922580310229672
0 2768576125700791321
892 14559349202738268327
0 7401591192495243550
893 12371399023666447600
0 17561596296474847842
894 12567904443021654699
0 6907464378449412250
895 7204700714855666772
0 12399811683430772055
896 18194157480259243401
0 3478032564343690452
897 18290428617251022490
0 5396615151757573344
898 17857484536490092521
0 9867686677780706427
899 6051226395076243154
0 14959403217243710999
900 12512640375297561426
0 10607126644346339896
901 14473172136333179763
0 9037744424421739379
902 8996372766072507159
0 15702691706989581492
903 7974615680549253679
0 15030367902707184028
904 12253498976616223563
0 11922373442576961005
905 12757152091582496517
0 5584469710884420896
906 15861458045729784462
0 5106590639800144700
907 4583179362024201299
0 11217197498675545197
908 4416053645667941635
0 14419903414417912590
909 16499431181336446108
0 15633014622308496361
910 4439757818559411274
0 909311313833911587
911 11327793150896716185
0 8982948010474951454
912 13347035157201569871
0 13055843837903427360
913 70655251666310418
0 812467823941783794
914 5203579696576154781
0 9868373806862515937
915 18097422814778979055
0 16519257256135043500
916 3203399840039191940
0 11397599566949935649
917 1615087964186372467
0 2058599438169143579
918 15409918047203102009
0 11177732127327247653
919 6625461463151721539
0 3527139901251218376
920 16033318350586604925
0 1186822836797602761
921 2123916676509279463
0 9484131500138094937
922 6007771426286639525
0 12186012044059015628
923 1983023653981324135
0 9430069279533105526
924 2630011231254600343
0 14017997285920372875
925 10121657964196652409
0 12695148581995186852
926 1648231577156179452
0 12336794192996301334
927 17185087746045176274
0 6203698201776106633
928 15651226636258816756
0 74238824775466418
929 18007718361673129935
0 9203107608637063762
930 16189391302752836969
0 15636749934920526419
931 3630285178816172648
0 6932466528790682844
932 16919696168085827080
0 17813095733434759500
933 13883960297318885479
0 5111026911340598218
934 9232419813419534018
0 10201696574262979582
935 8547840966430288572
0 4622490397133053144
936 6844125114889493360
0 16441643155847489687
937 7017930896665963262
0 10465315449554854801
938 14476424177970574240
0 17760925132546010763
939 7892523841160451357
0 14097337218093136695
940 4471244320069003761
0 1358790271533957980
941 13589977079834985997
0 10754152140678253526
942 5718951769661974977
0 8908752761863615707
943 9365952079439540055
0 3341094835699286071
944 3348667730954957186
0 16666464397104848249
945 16984615303327381692
0 2672344169396004729
946 18228576518282264618
0 13665982354516984329
947 13080367185245870095
0 9622656711562975788
948 15045333092808881555
0 9166637458358895234
949 375660568321015207
0 17145056004805735951
950 3022110761437404757
0 17838845655176746056
951 3955452715432815355
0 18190585737604865948
952 12295432492742399409
0 8189399844105159660
953 1983750902218463811
0 9471435266210001172
954 11495199677135209786
0 9774060279392633712
955 8881625740843352343
0 10539846274791860141
956 1590033007538286968
0 8317927051853687670
957 8884660268955217187
0 1285011222511545862
958 7162683544121912080
0 5416135643308041787
959 18374039670051766247
0 17533347086464728382
960 9801706573930658161
0 2027566370356024694
961 11885940738729478301
0 1324801642353406525
962 2393273417599223648
0 5046850463169704703
963 10110156774840539723
0 4813004887809236346
964 16466779810445225727
0 6309318312958544725
965 11192425177457432088
0 12984610485228848476
966 12226582312843158374
0 8448467150506426448
967 6636507815524429492
0 3750597115800687446
968 16836830210787464189
0 14912545580841508323
969 7950492363508055856
0 11712812650954329691
970 13985346353356741573
0 6775349561010066334
971 17861429349295652192
0 12888684721321943645
972 14215524085064073524
0 15646669429148447706
973 691237251723552018
0 4761106394027153037
974 13991392433617824129
0 7939018932434661948
975 14367214908372903271
0 14676860107993347777
976 2162914102936801591
0 1398454194516440543
977 10704019024223721791
0 15786842078522440449
978 7577937995373425575
0 17080070717637991023
979 231073529114680430
0 14707907581135440559
980 12922129987969049002
0 55201157621730389
981 15166687730388552034
0 8404576008920685838
982 16073361640709470745
0 1651176669801592771
983 10801841170851425044
0 379342383700275282
984 10276310455836169520
0 2585759451988052062
985 9769833324886775585
0 3518365805212427408
986 1491231639934171218
0 16122026934973681161
987 519842306533618252
0 4307531848296261951
988 2902940548730247816
0 3246468557378485021
989 6542811041443675597
0 8016701045415556378
990 4561976529316128348
0 13869335794894281597
991 7942436468755709369
0 3224448114318288982
992 2783329631965342518
0 15941667199535223076
993 2115488327670068183
0 3135224404498332064
994 18266309268245628724
0 4425656901557000110
995 10117900952360751759
0 7332516719730675822
996 9647931535069608079
0 14423129552019202330
997 9702289257157370414
0 3472474156076499273
998 11127809902593709031
0 6688937796057470443
999 7335124935348748769
0 9324116593727476551
1000 15828971008029653753
0 5233006657581045308
