1 2513424867
0 3137819058
0 3638219433
2 4089381637
0 2782210853
0 2108732470
3 3414915833
0 693248537
0 3822271996
4 3639840201
0 1406724565
0 1127563620
5 877652506
0 1581276114
0 2675685120
6 2249325585
0 1129754454
0 3781601590
7 2513171035
0 3655235473
0 3333486825
8 2088611510
0 2834885966
0 1432753693
9 2556522558
0 2141894639
0 576776607
10 1763409323
0 1217231425
0 485768738
11 1673371607
0 1798997975
0 681889919
12 1352436556
0 2832913750
0 1986485937
13 949937588
0 2381736460
0 3301743943
14 3513129453
0 2982159457
0 201668166
15 1702941476
0 2021873069
0 1402093487
16 871651876
0 2421879050
0 60314507
17 2687610135
0 457677050
0 4208290660
18 1172561085
0 70132789
0 1699025428
19 1968668013
0 468185735
0 637977501
20 1001924456
0 2399011551
0 1128111084
21 3332053507
0 2244541054
0 718633745
22 2861276611
0 2815004083
0 819393854
23 3386834761
0 3025317244
0 626840942
24 3776890951
0 3437250100
0 3399892219
25 2773729985
0 2348612455
0 2920379867
26 2202374694
0 2542647000
0 3844589542
27 3126905412
0 3756450245
0 3721644419
28 3504101665
0 2677348423
0 2921690945
29 3636490963
0 3181951514
0 229463091
30 2101691365
0 2792910363
0 3629656422
31 3790843360
0 2245127303
0 3685852858
32 686502516
0 2595627511
0 3885246858
33 1303986135
0 1435786724
0 3764270625
34 814976919
0 1289830603
0 2109631861
35 962079367
0 132791447
0 2304951187
36 2524867617
0 1007867016
0 697089117
37 2893884763
0 2434403455
0 1534096241
38 3885484536
0 4255367544
0 3871151312
39 2225936628
0 2081289578
0 1728119995
40 4260790374
0 1791672880
0 1831454776
41 1588005055
0 1596528102
0 2002302881
42 3741799738
0 1945848912
0 2160176238
43 884866849
0 2548857950
0 3381042864
44 3977408438
0 517151505
0 1381620725
45 3097876686
0 2847743027
0 2492002094
46 3426540817
0 644867797
0 783061382
47 235009924
0 269960204
0 1441883011
48 4180117181
0 3205801450
0 1644808703
49 123824543
0 3382221497
0 2338729723
50 3559287537
0 3071418187
0 338537163
51 925391537
0 3246390226
0 3610191181
52 1639562193
0 575878820
0 694558312
53 3681890604
0 1159075504
0 3501546034
54 373797526
0 1134961655
0 2056451690
55 2981913810
0 3392429467
0 2201885907
56 2379498762
0 1518639437
0 4177238140
57 1278386377
0 4106320750
0 2515102084
58 2977133821
0 4224739687
0 1535819130
59 213449136
0 11894068
0 21439751
60 3510793918
0 2020134125
0 3758972716
61 896686444
0 2745091271
0 2119781096
62 2316006337
0 3864709968
0 4184756755
63 1742391686
0 2173676323
0 1714455751
64 50831368
0 1059376239
0 3877359642
65 1712273253
0 327741495
0 2138394912
66 1906353479
0 1019408719
0 79675546
67 987522929
0 1530656574
0 662923118
68 365672728
0 700293635
0 3887821430
69 2803947650
0 3588135091
0 1300535076
70 2476954021
0 711085940
0 2583627175
71 3402652266
0 1805871395
0 4246170129
72 1151086189
0 1143906082
0 3614464687
73 2452435875
0 638940463
0 2971890419
74 1825197702
0 3852690924
0 480011342
75 1266615779
0 2100182518
0 4162396630
76 2497784550
0 1725713753
0 642504109
77 2829154283
0 2212884509
0 3166214726
78 1396204570
0 2261291138
0 4167050561
79 4142146497
0 4080592172
0 2866532660
80 1619108545
0 1198846327
0 2672487959
81 2346609842
0 751823632
0 974022461
82 3141008871
0 3827743371
0 1705556840
83 2812699715
0 3335907140
0 3762216794
84 4251959125
0 1583747837
0 1063842412
85 221075274
0 3166050683
0 929673576
86 3969678237
0 2980536187
0 3423375691
87 3364636462
0 1719746890
0 2388328728
88 2189475532
0 212282398
0 2703241345
89 2188832642
0 1587377768
0 858235641
90 2584585952
0 965671405
0 1078179663
91 3031941333
0 3395437978
0 1339482131
92 1118483151
0 3173741502
0 470611153
93 1364183173
0 3624384972
0 3137594273
94 1068303268
0 3228937118
0 3832414246
95 1444191052
0 3179683358
0 2768088124
96 2648521810
0 3017814955
0 2283708155
97 2355546971
0 976484582
0 3674797512
98 1879056669
0 1896035619
0 1102920571
99 216745680
0 3190787893
0 3722823723
100 3587147789
0 2945296252
0 2293338088
101 3564657470
0 33471820
0 2870301505
102 3065604569
0 703733553
0 2682503181
103 2784182975
0 3049288961
0 843612049
104 3157664853
0 2553287681
0 4034105181
105 2604562242
0 2779493168
0 580436112
106 3105131958
0 1305505372
0 1709588938
107 1553083040
0 485172176
0 2496330252
108 453212338
0 1565925508
0 2912052516
109 798627921
0 176668624
0 2241848819
110 282633192
0 1662754259
0 297565896
111 4086305771
0 3928605540
0 2122125778
112 2527246927
0 4260096768
0 677117461
113 1301224143
0 3512663585
0 3758869881
114 2811187743
0 1810238755
0 3613960491
115 3202865142
0 3471708010
0 699983993
116 660816053
0 3616255468
0 1243402130
117 3516380831
0 1752670226
0 2855730531
118 2380378397
0 3671203863
0 3278060745
119 2596901302
0 3212300787
0 1544066762
120 3371804261
0 4050674575
0 4284921451
121 3083528374
0 392928658
0 2623001292
122 1406577355
0 1863396546
0 1083272294
123 1522910507
0 324029473
0 1592128395
124 1270275939
0 2518646033
0 1400094555
125 1642229067
0 254361901
0 1216071101
126 1119279071
0 1053578813
0 74791006
127 1504246034
0 676153537
0 1857173760
128 2794149384
0 2988674079
0 1602336515
129 854662959
0 1485869666
0 3080230773
130 1611897742
0 602158575
0 1054734519
131 2965588773
0 3251521560
0 1833813860
132 3490036396
0 503892873
0 379591402
133 1926687681
0 1340489318
0 2966509106
134 3435050555
0 274495538
0 3482148827
135 2396300034
0 4060206634
0 3465754586
136 3603648180
0 3711953319
0 1672111804
137 1313938218
0 3671296816
0 2798588257
138 506714387
0 2862700501
0 292814255
139 2491461312
0 1050293918
0 1831082929
140 3825402757
0 2358156522
0 3824539276
141 542685889
0 2604794817
0 3640488101
142 3323377380
0 3081326436
0 1583793013
143 1639943087
0 27200857
0 1417015043
144 2637936240
0 513000452
0 2162580880
145 610204984
0 1945483276
0 3141323410
146 722145184
0 3602333010
0 1155468476
147 2008747680
0 1140808387
0 1159484821
148 4211078151
0 2648643405
0 2805386602
149 4127859105
0 1566840220
0 995117559
150 347772474
0 1124427879
0 2023331820
151 2466845963
0 1160519699
0 2128353111
152 3740592474
0 3756815899
0 681043610
153 726320273
0 3776470662
0 1343879757
154 1384378721
0 4192734775
0 3933028083
155 1795981745
0 389819628
0 848415380
156 2040462853
0 2559047905
0 2909433748
157 1869174799
0 441890242
0 3195711511
158 1124272249
0 2264741504
0 1579174469
159 607545754
0 2989792104
0 1517513258
160 3432471334
0 727309315
0 2478319599
161 178858477
0 832813585
0 1822905066
162 4045580518
0 224305615
0 2152785266
163 1482717751
0 3573970875
0 987283397
164 4259827866
0 2609587370
0 3175114665
165 1394637724
0 2422155989
0 1546199834
166 2992023438
0 2200982997
0 686496552
167 1879946273
0 3575739622
0 460129248
168 3013421059
0 3205601253
0 698522953
169 59224162
0 3361018290
0 630570498
170 2888216317
0 3247703614
0 2153541923
171 87408302
0 443254098
0 476562997
172 356601632
0 2042849026
0 1737884817
173 1401591926
0 1803511516
0 1817716123
174 1004320604
0 2829880939
0 2149678197
175 2487198258
0 1034303560
0 3259316263
176 1835320451
0 1841054604
0 2828983124
177 584885032
0 3939142439
0 1176383525
178 619449528
0 3764180418
0 1508513750
179 3123364868
0 2045856804
0 2149987227
180 2760633134
0 1105271435
0 2130622887
181 1275007406
0 4266313858
0 1457152099
182 1844967907
0 3093463227
0 115470208
183 3407510940
0 1360078569
0 2533470512
184 3052251960
0 475502273
0 1160640357
185 182539120
0 2814372720
0 2505762403
186 529096045
0 3167612025
0 504944934
187 1655763584
0 1618402395
0 2207861293
188 3338076185
0 3261381271
0 3593324894
189 884517580
0 2980655083
0 916405839
190 3978471669
0 1479767321
0 927269622
191 2617231883
0 815685769
0 756593871
192 2440197506
0 1364606029
0 5568448
193 1882921056
0 3323465970
0 3422953660
194 3702278298
0 1947844663
0 2828196605
195 2319712761
0 2101081137
0 4185426962
196 3049416823
0 2738560601
0 1942739031
197 1442644155
0 2544012655
0 3914453789
198 2141075150
0 2149998936
0 3321784859
199 3180531571
0 1837907327
0 1387762201
200 4025803132
0 3541776215
0 3962562927
201 4075012272
0 1359217473
0 3012075480
202 641541993
0 2876207346
0 2626085048
203 2484570186
0 3355833126
0 3797570252
204 633108723
0 3682838794
0 3724862911
205 1317440310
0 3420636849
0 1686234740
206 4177718888
0 644478106
0 3470125086
207 1413120006
0 2431128901
0 3933870180
208 1624453410
0 2654868901
0 771503313
209 699722172
0 3600177227
0 3389470869
210 1456520913
0 417670660
0 1723738921
211 2858826973
0 81114370
0 2346572493
212 743080842
0 3100354250
0 2789397826
213 992393131
0 3059600468
0 2424401149
214 586945638
0 2649639113
0 3448154577
215 781770580
0 3927983915
0 4294565412
216 602180955
0 949139810
0 3499534138
217 3788844086
0 4174334085
0 374341972
218 2537457184
0 4196849666
0 3909371739
219 1219420299
0 1566231993
0 715075016
220 1535245835
0 2031486303
0 603720678
221 4196604773
0 4276723163
0 1693883738
222 2238321467
0 3201471457
0 2597920035
223 2995734115
0 3828594665
0 2478496948
224 3260938722
0 3500290133
0 4158981254
225 4221895707
0 1989744032
0 877478250
226 2938135345
0 2723475664
0 2503368769
227 525426056
0 4160510438
0 336463488
228 3843198280
0 3120725191
0 3888569054
229 2643634360
0 163231495
0 3450188016
230 1055870267
0 735049909
0 4003000168
231 588793697
0 3459078646
0 500328398
232 2753381481
0 2291940173
0 3634430706
233 2047447712
0 3465594481
0 3234989132
234 993095308
0 4211285365
0 1345858277
235 879828174
0 674408127
0 4004425866
236 1896062263
0 715799706
0 759071711
237 3216051286
0 2714302133
0 122092333
238 2823617681
0 4044136699
0 3552400382
239 220798535
0 2730952034
0 2062747585
240 54999132
0 3169161650
0 1066669408
241 3395556582
0 2135173336
0 910633323
242 3566019062
0 3403845484
0 3967800247
243 41103646
0 604668685
0 2559865186
244 913118410
0 1468505288
0 3246255910
245 2121170985
0 3740977115
0 1570304228
246 1762868329
0 3381949097
0 1794277635
247 510530246
0 1645170143
0 2234181978
248 3386534165
0 4115511363
0 6439607
249 653431525
0 1903271638
0 3298536627
250 2955494380
0 821996101
0 4250084072
251 2706421489
0 2340181435
0 2513536203
252 3490139136
0 3754990107
0 1290961427
253 4227239619
0 736972072
0 3422274181
254 215201202
0 4186267959
0 756781970
255 1303036856
0 4284275251
0 39663387
256 1891634762
0 2257542570
0 785405156
257 1749587694
0 2161991747
0 886024215
258 2251731146
0 3043020785
0 2757879874
259 3020249220
0 2195131742
0 1908578062
260 1929406664
0 3119823735
0 1159093592
261 1031771061
0 4013558575
0 3736286673
262 408710092
0 4086481511
0 2715177531
263 2225455027
0 2878131886
0 3611095454
264 3821636111
0 3181383295
0 266664229
265 701099549
0 3084031729
0 3970923704
266 3581817138
0 2859981366
0 3910024621
267 3663621264
0 3561314253
0 827175117
268 831913401
0 2573150791
0 959475957
269 1319450043
0 2508027915
0 3512162289
270 1398332645
0 3678729157
0 1224146803
271 837466018
0 264416855
0 3046731427
272 4021142229
0 3437918699
0 2611885292
273 2917962875
0 136121975
0 2868234509
274 1063391258
0 2433336887
0 1564005462
275 3648490255
0 519259283
0 880827130
276 2716440314
0 4156547890
0 149068167
277 743276535
0 2926552294
0 663797945
278 1012653909
0 3705115776
0 1840911533
279 1569970677
0 1232230286
0 2232801658
280 337150023
0 1983306208
0 3250115436
281 3095323443
0 812380425
0 1406730354
282 2628888304
0 2105678256
0 561348864
283 2599674066
0 2486866867
0 3343608633
284 911934292
0 2140734471
0 4258484796
285 302619515
0 3434876212
0 1325396003
286 1031882282
0 246550774
0 2431053724
287 536098865
0 3522961205
0 3371514803
288 760299598
0 717585717
0 1417933671
289 334995330
0 1167959975
0 1658980342
290 4007536766
0 1555250552
0 1892685387
291 3972437586
0 728667494
0 2553673476
292 4097986361
0 733856826
0 2237861151
293 701268322
0 4126568977
0 1103774795
294 2292264382
0 4085151360
0 3096142379
295 2746638665
0 3753109316
0 21628778
296 3006416927
0 2746794326
0 90348072
297 3980188148
0 4104063879
0 765732930
298 295811855
0 1454894726
0 2734735178
299 645940803
0 3308435926
0 4246841042
300 3483767980
0 255227202
0 176338907
301 3861063154
0 252762164
0 3394102141
302 1659881226
0 1096256363
0 934115180
303 3192431761
0 908022123
0 430286408
304 3120598815
0 1831851735
0 768797042
305 1821170338
0 1943437227
0 3180307494
306 1119518166
0 3333501783
0 3734151025
307 2451492564
0 1686318906
0 3986224699
308 314504530
0 4021147177
0 712412946
309 1289720853
0 1114666013
0 1208668365
310 868050741
0 683371988
0 207628434
311 2691403550
0 1029072146
0 2492314416
312 3252010795
0 1546430541
0 3461540102
313 1776773264
0 1313100872
0 2391064582
314 1833041049
0 2381176939
0 2247007293
315 3339077650
0 3063729459
0 1293315786
316 3250979708
0 2669853058
0 2256339781
317 337941487
0 2326056390
0 2632123003
318 1385282364
0 675707601
0 3984142713
319 1387489180
0 1728610565
0 3668082963
320 845893755
0 1015779199
0 3835417947
321 4129323053
0 2592457151
0 1358053590
322 4153794579
0 2546102264
0 1770930097
323 2516511748
0 3795666524
0 3009400781
324 4221957216
0 521889539
0 2312073499
325 3096577189
0 3370790354
0 2312928054
326 179332347
0 2536895848
0 307809742
327 1473460068
0 992920544
0 2845040339
328 1154883402
0 2990140350
0 2113234680
329 1753500529
0 3030655094
0 1000804231
330 4074915140
0 118142193
0 1050167934
331 2075866917
0 218025090
0 1855556664
332 1325361023
0 2029447989
0 3226581727
333 150651750
0 2151209838
0 755915703
334 2227040051
0 1870613893
0 3299991673
335 478564483
0 2851966771
0 492682295
336 1345515560
0 1590343459
0 1009054544
337 1567035407
0 1735563895
0 2991036995
338 2735431729
0 1891135648
0 3740620247
339 2125848552
0 1787752883
0 633432593
340 346091851
0 3012970354
0 615855568
341 3900624898
0 1289035914
0 2365214477
342 1541142176
0 1261638290
0 682106666
343 2523901690
0 1083339193
0 4096747208
344 2486844833
0 4268858661
0 2907968478
345 3333788240
0 376321218
0 3291405334
346 1928235548
0 1493677238
0 2886790236
347 108582920
0 4247091818
0 657951647
348 4251366597
0 1322742501
0 2277729675
349 18743563
0 4242792909
0 615472628
350 3119074407
0 809424948
0 2713266236
351 585916534
0 1055060448
0 3357159571
352 327396093
0 327808866
0 3593962315
353 1199777686
0 802349120
0 3889956388
354 3878115905
0 2568903543
0 1236563467
355 1156077328
0 2174337119
0 2009149329
356 1013029949
0 3345559438
0 3178305801
357 3260644839
0 3405387925
0 1095029792
358 1892426249
0 4003527209
0 3139439916
359 3832070938
0 1450572481
0 3393379723
360 3987850243
0 627645866
0 2107763604
361 1842013238
0 667411226
0 2211121640
362 434340931
0 2351114196
0 3222800556
363 2908124518
0 2972807698
0 812495758
364 3241690611
0 631221254
0 2109906862
365 2089733518
0 1861483506
0 2525942385
366 3655885464
0 4035913088
0 2503227296
367 678923579
0 145390653
0 1439378921
368 821361777
0 2406320051
0 615037633
369 3811680195
0 160258432
0 3634602134
370 3755661936
0 1925065426
0 1148894351
371 3728999762
0 659760505
0 3103643829
372 2052097327
0 2984724299
0 681882629
373 2138599774
0 2666838663
0 4021623103
374 1241178614
0 2808234962
0 3020768110
375 2188098310
0 2287046545
0 3030095
376 3398528212
0 1115668176
0 3627986377
377 3928103356
0 3280572639
0 3427556564
378 1624861655
0 3467239804
0 972291462
379 775640591
0 4169878245
0 1279088631
380 3338538453
0 4053686482
0 677692454
381 1391558824
0 3830514650
0 1505707854
382 21274651
0 875108837
0 3514703999
383 1732641054
0 1635885052
0 690939578
384 1316401294
0 4119736299
0 1040117636
385 1339845845
0 2516482758
0 2167583763
386 1803999803
0 1680408844
0 4066871940
387 482277093
0 3195464766
0 3126732234
388 4049881709
0 4188864070
0 2402709967
389 862461600
0 518715624
0 1221610526
390 2598726384
0 155013755
0 1842946095
391 2684679376
0 306372837
0 2688555717
392 4106606368
0 4220599663
0 993093210
393 3065368931
0 499553674
0 2216637715
394 2096777880
0 3816156556
0 60875819
395 203122400
0 2352958306
0 2665727160
396 897636358
0 745186363
0 3936107506
397 2665065260
0 1540343437
0 890840419
398 3001267072
0 228948663
0 1351017058
399 4217542771
0 993724849
0 928475677
400 2316529874
0 2038177207
0 2846785837
401 3883332893
0 862746839
0 4096466121
402 1457207358
0 3782058005
0 3249685593
403 430075141
0 1922145240
0 473548883
404 2945593045
0 793913
0 666880305
405 4274610175
0 3956860454
0 4213787939
406 5072889
0 3300989158
0 90238026
407 1652762497
0 2520904195
0 3620546677
408 508534475
0 3263320117
0 1333959395
409 4204178815
0 987694024
0 2701352397
410 1764166421
0 1758503338
0 3460310208
411 2825171699
0 2055422001
0 2108203284
412 2390744570
0 1685148470
0 2348165468
413 4228142982
0 797472467
0 713460328
414 1644118334
0 44054050
0 876654408
415 3150342680
0 4094825774
0 1815879294
416 3032785835
0 339990711
0 324681871
417 3008982025
0 606531553
0 3877740334
418 1909613811
0 3360615940
0 2446192306
419 3799459360
0 1331109286
0 1732448875
420 2033662676
0 3729175618
0 1835842449
421 322180168
0 3674057612
0 3343220046
422 2036369522
0 358620171
0 1025372518
423 1835444873
0 1829578760
0 4240758323
424 1282095178
0 4278101018
0 3686164497
425 3759012516
0 3534999892
0 2359468293
426 2304341497
0 976969979
0 2489100811
427 3592789834
0 1827869778
0 1817556887
428 2911331996
0 3263070392
0 257443759
429 4117547823
0 2678043565
0 1149729632
430 111006766
0 2717484925
0 3359148729
431 1816262987
0 3949057738
0 884072417
432 1863881456
0 2047922077
0 1478423160
433 1645709118
0 4023446
0 3678711386
434 3445645711
0 2933570905
0 3965624996
435 1597784033
0 2441752633
0 979437482
436 4149494889
0 2937981140
0 1243858929
437 669583645
0 2805275016
0 833613329
438 250528173
0 3436144957
0 3892757952
439 3203091579
0 3678817256
0 2383025832
440 1872771124
0 4159718172
0 1520486687
441 721033980
0 3686107587
0 4206435974
442 2124709792
0 1011066820
0 654438619
443 3684883719
0 1277561379
0 1077265709
444 1486886967
0 620356197
0 3155000779
445 4092714339
0 199590017
0 306884335
446 729834947
0 3832386861
0 1218208152
447 2179189228
0 2814635388
0 434929135
448 378870470
0 2282265456
0 3369182755
449 1447228432
0 1878402469
0 1280083281
450 1232058509
0 919506893
0 1768272797
451 2567903894
0 3169763194
0 2504539023
452 2821368267
0 1980412873
0 1367370110
453 640302745
0 4228703801
0 3811696384
454 3503503142
0 151445821
0 1231756647
455 2683355676
0 2474723265
0 262076681
456 681218269
0 874334980
0 3269854357
457 2497304467
0 3942540398
0 678092917
458 3018052742
0 971686655
0 3025477643
459 2407263113
0 2223325460
0 4272477276
460 5573217
0 3253757522
0 4193763353
461 3315297198
0 2471731492
0 1868999454
462 3146554887
0 2508144717
0 4095765565
463 518663743
0 4061658701
0 2894023510
464 2766250448
0 1669053824
0 2038870181
465 2639912872
0 2837968596
0 1017963491
466 2219525731
0 2843918831
0 2581490767
467 1976881119
0 2210580475
0 4165512034
468 1075209221
0 1657642893
0 943360858
469 1731850811
0 3353181530
0 2246050577
470 3429406311
0 2766757043
0 1028537779
471 1342900993
0 2429277911
0 3685216934
472 2950640213
0 783636999
0 2439670634
473 1860517904
0 3925208938
0 3855198308
474 3446856735
0 3513329485
0 4020229824
475 1135606920
0 792819196
0 3195721494
476 997588212
0 3012307575
0 3595726948
477 1640653921
0 2232198728
0 1366025748
478 2914120488
0 2530714963
0 1635504944
479 2669840002
0 2671789009
0 3115820722
480 906085266
0 996238879
0 1444896560
481 3156073054
0 4240941773
0 2371276616
482 185595331
0 2425132056
0 336459996
483 732549014
0 1073360597
0 535347609
484 2727850737
0 4250471436
0 2554903
485 2595907445
0 1355242077
0 4077331131
486 3514880680
0 4202233514
0 2912997834
487 2283418750
0 3455342459
0 3104207115
488 49547070
0 39455127
0 92522959
489 2230684049
0 3860496911
0 2260951709
490 1406595469
0 2541292951
0 2780064178
491 3676228001
0 1557037926
0 3970932551
492 1772493000
0 1014961397
0 1173229767
493 129523156
0 3673898763
0 2550036168
494 555100434
0 213587735
0 3645069433
495 3464511642
0 725122764
0 695029893
496 3959871445
0 1640614014
0 3811983844
497 73525669
0 2886340804
0 3339187641
498 1336224499
0 32026126
0 1407676578
499 721931549
0 670964508
0 2807431141
500 73760111
0 593575115
0 4139782709
501 916966836
0 1079208138
0 806075474
502 1075863523
0 2537890433
0 3793103426
503 2811875204
0 2917876651
0 553421688
504 2280691955
0 2365465517
0 697994395
505 3755848294
0 168073496
0 3470322352
506 3926067223
0 3086966460
0 4283112807
507 4273601780
0 2908345713
0 1630549307
508 444841338
0 3846133505
0 873810892
509 856718685
0 33878629
0 1719729611
510 1714003318
0 1789617351
0 2270628157
511 3535566603
0 1918557365
0 438411817
512 2897012958
0 1582585620
0 3470754983
513 1461838681
0 2928946714
0 1543334739
514 978940762
0 4024279357
0 1974983461
515 3923528428
0 1846573115
0 2665713720
516 433625944
0 2162606187
0 4292271313
517 2474191244
0 340455527
0 3334667391
518 3439140477
0 1898225054
0 1473175076
519 3997745059
0 1130477245
0 3559939801
520 3654609337
0 991766841
0 1047560951
521 2085074069
0 1427625707
0 1219560454
522 2998550815
0 3574811417
0 2226032533
523 1801508288
0 2087008979
0 1014713561
524 2069243008
0 434906308
0 1013180821
525 594796747
0 3894322076
0 4098892171
526 2240776598
0 2156571345
0 483005352
527 4283322597
0 3283719208
0 234319166
528 2685768661
0 530006954
0 48061743
529 2151781116
0 2543179346
0 3641784350
530 2309320074
0 1010852269
0 4182888771
531 1877014015
0 777748156
0 99359269
532 2558494052
0 3700428119
0 2425552793
533 813333755
0 839004197
0 1708222159
534 3778782846
0 242622503
0 1907081479
535 1742503388
0 1016862539
0 244122027
536 2622697294
0 964573184
0 861147325
537 2209218919
0 3327094020
0 3647234833
538 1571253108
0 3595517822
0 2029624050
539 309583130
0 111758702
0 2308443209
540 1509563029
0 2716423278
0 102113173
541 4265336463
0 922773919
0 1338096175
542 3136181518
0 2778953071
0 3217774822
543 667254407
0 1672175408
0 976127564
544 1704669245
0 2531081572
0 1639656403
545 3500586238
0 965575189
0 1913317286
546 2655381546
0 4280199518
0 3823128882
547 2977745499
0 2263651335
0 3290452683
548 942331113
0 472153043
0 202127841
549 2821122208
0 6668894
0 3607646240
550 558487646
0 165900455
0 3295712803
551 2808515962
0 3807282982
0 558422605
552 11610595
0 178778595
0 2969641758
553 2241374846
0 100027373
0 2889655187
554 2181834709
0 4002896813
0 941509329
555 360883311
0 1224837109
0 744043584
556 1608271190
0 1282003045
0 4220325467
557 3050181266
0 407606718
0 1362613249
558 954359691
0 3381580977
0 2473978746
559 3906596962
0 2243320665
0 1079764941
560 2723588888
0 1132330542
0 523399113
561 362264286
0 3395129397
0 3278729238
562 4250154490
0 1361243845
0 3421964617
563 4048224654
0 4224815674
0 3939420087
564 2137124052
0 1248325941
0 3091257885
565 1473110217
0 3462136337
0 3711845614
566 2582775731
0 1104315679
0 1010531222
567 1105826962
0 4283377132
0 490911771
568 3393868411
0 2250845686
0 3133912918
569 3422632219
0 3046170777
0 3939382030
570 1197299241
0 3422784571
0 2628196138
571 687885409
0 958638187
0 1504667006
572 2177721831
0 2936003116
0 3242907225
573 2256333164
0 2823806703
0 3121174214
574 4122681064
0 3555636136
0 3520755706
575 4036786997
0 3853368133
0 3408719829
576 2766169218
0 1822493590
0 3064224300
577 3629622150
0 850596805
0 2010409935
578 2711033845
0 651278455
0 2309453657
579 3845344697
0 3199328384
0 3844949866
580 31411683
0 3514252687
0 830898403
581 2301547926
0 1417462889
0 679796487
582 779579259
0 590144272
0 3330902461
583 693397196
0 24684712
0 3872951376
584 221350253
0 2999675212
0 1625492539
585 704058553
0 2482140414
0 2361502766
586 2048304224
0 197371580
0 2380359373
587 2362725251
0 2181179465
0 439971954
588 507360559
0 2848194387
0 182683599
589 2753503775
0 210801524
0 2626361420
590 97223314
0 414656118
0 4254542139
591 871999692
0 1542114239
0 1433499429
592 3776754829
0 2227023086
0 953438627
593 951254944
0 4219567703
0 957170542
594 3795978979
0 3996382296
0 2055474665
595 1248348349
0 1135473533
0 900584042
596 3652787468
0 2360570242
0 1210525462
597 1531144367
0 1596041787
0 2714862828
598 2731174241
0 851910524
0 1485652218
599 4047202631
0 2246170392
0 1635973957
600 2846767303
0 502031315
0 702504484
601 654184468
0 3832899184
0 4224855903
602 3796531124
0 1898763593
0 3438531688
603 1686761890
0 2582306601
0 3905202799
604 2665780675
0 4075051317
0 1489161371
605 1627745683
0 2362189044
0 225256777
606 3652471509
0 4030192720
0 4179073718
607 164766247
0 600013307
0 1813054162
608 3561376886
0 2787598679
0 1493518360
609 3141760798
0 3515621868
0 79404376
610 845878525
0 164517267
0 2517603873
611 1284311833
0 2116741394
0 1874442825
612 228430218
0 395568512
0 772250312
613 4223557514
0 2437048425
0 256786137
614 231513091
0 2277857689
0 1344795268
615 1976825179
0 657122915
0 4054291751
616 2095416160
0 2598515634
0 335430580
617 3861819981
0 446823399
0 1242493955
618 3544419034
0 3498833720
0 1973969252
619 1663236611
0 1511744288
0 2922248337
620 1364425292
0 4107528814
0 2831506717
621 2777866076
0 934675442
0 317772294
622 3430943896
0 80434122
0 1369063036
623 4230569892
0 3545941408
0 4091093504
624 4075218879
0 671415089
0 3166336910
625 1406873196
0 765047188
0 3929399341
626 1134114404
0 1878610504
0 33308847
627 3049295225
0 3373646402
0 2175957850
628 3737011929
0 167867244
0 3692629648
629 3328168677
0 1243461126
0 987994887
630 3432964352
0 2776940933
0 2786660518
631 237545868
0 3039661953
0 3184083580
632 2200511134
0 3260340259
0 3617629889
633 3799113031
0 376505241
0 1462306925
634 906335082
0 3514841072
0 1542773531
635 3237557290
0 125947107
0 3532542690
636 315191328
0 1966760830
0 2749504213
637 2790880930
0 1439632405
0 1598906101
638 1404935826
0 4055328185
0 621586177
639 1434960469
0 2957407446
0 2915658322
640 4220414830
0 4214045678
0 2494759665
641 479903603
0 4233146532
0 727803941
642 2319375189
0 2514329998
0 1778860979
643 1375568753
0 1510793390
0 3335700171
644 492890686
0 2741818793
0 1083333214
645 2690983702
0 2148827143
0 480479659
646 2143969909
0 1606634563
0 3696079111
647 1369054856
0 2093979362
0 1036950010
648 3893188012
0 3862552756
0 912989847
649 1133275118
0 711884085
0 3658859973
650 2274193569
0 2345267663
0 4190691829
651 2213443168
0 1084201383
0 3040994699
652 2844322533
0 2296969955
0 1644848453
653 1490063972
0 3212072008
0 2104011104
654 3320198643
0 1756316998
0 187981668
655 2659083750
0 3628567335
0 941300790
656 74297933
0 3422204251
0 1278281517
657 2981913629
0 957546098
0 3449766721
658 1660718788
0 3464234400
0 1824779805
659 4269239817
0 3897142213
0 1853067934
660 3695717062
0 110228985
0 3786134348
661 3769378860
0 1003475778
0 985188552
662 1408013327
0 2693929297
0 3116340833
663 2976168871
0 269709617
0 752897677
664 549953029
0 2966510002
0 138389957
665 1324655979
0 2825630071
0 2335597800
666 17156665
0 118276066
0 3053761308
667 848242100
0 3829523347
0 3037620267
668 3621034856
0 803409565
0 4070152252
669 4049936520
0 2895217663
0 4051088673
670 4098400564
0 327524644
0 2602452411
671 1200006734
0 2711862236
0 4236078960
672 2439222695
0 1032758298
0 3887115447
673 3492485735
0 471908615
0 4290409789
674 2364392879
0 1925274351
0 1910178944
675 1745106026
0 706360227
0 1676844402
676 762590944
0 3232710455
0 2221683582
677 2719966604
0 3266153354
0 3363602321
678 1931013646
0 518661709
0 988397629
679 4143930036
0 4036164554
0 2114448046
680 74107315
0 1646397569
0 2104861554
681 4068775841
0 4254522851
0 2289622439
682 3606976496
0 1993835432
0 1612882781
683 3347575236
0 3780981059
0 285206853
684 3360825528
0 943841428
0 2405099672
685 4044417695
0 1620308358
0 3007616988
686 3981588384
0 2051219502
0 3311976009
687 3602277711
0 2748113301
0 2974259373
688 2915134528
0 799035370
0 521237220
689 228127326
0 3113672025
0 3211918842
690 2758617551
0 4292348774
0 1377330356
691 2653346246
0 2389481718
0 3473015496
692 113653160
0 2808958024
0 1860141083
693 3675952735
0 3544874461
0 3859972324
694 2089843912
0 2900032809
0 3964754229
695 61023167
0 209455061
0 2529479837
696 1175614720
0 2064612663
0 1439249603
697 1413296936
0 1132497701
0 3684374130
698 2516405986
0 3762155160
0 566222811
699 495998864
0 1838622972
0 3557459496
700 256245100
0 2229141683
0 1932528201
701 1582872313
0 1782356373
0 1244114307
702 3092174716
0 1458739385
0 1071614999
703 2296164602
0 1541393054
0 346948525
704 439602875
0 484045329
0 2411679339
705 2650329791
0 528950049
0 1122640624
706 2756564545
0 2457795409
0 1692052161
707 3367951149
0 3251134677
0 3446849198
708 3559547450
0 1557143012
0 2832293572
709 1655907982
0 3023568869
0 2857764550
710 276279549
0 1163168668
0 3527615859
711 1233847366
0 104949468
0 1133405087
712 408990545
0 2636266250
0 3379999019
713 2393932651
0 3656384208
0 376238005
714 3904207947
0 2503010035
0 2149465682
715 1505798694
0 4223691377
0 507129772
716 1280265196
0 2379516734
0 4040893302
717 2466176705
0 186604376
0 1300008558
718 479767047
0 122395879
0 3035564036
719 3275010542
0 2381550052
0 2564542870
720 54123462
0 4059167570
0 3446582009
721 4275270869
0 3137425379
0 408670958
722 3926076689
0 1942365532
0 132960492
723 521209074
0 493037306
0 3675190191
724 1870454041
0 2212056753
0 3776386563
725 4132135079
0 2950762741
0 3771739939
726 616365993
0 1527421340
0 3829216565
727 3677614357
0 3167351806
0 1241249094
728 3157651654
0 2191774248
0 1165218335
729 4147802730
0 3086034380
0 2301992348
730 1538003304
0 3811621244
0 1419020656
731 1766547914
0 3068877477
0 1159294212
732 1546936624
0 1662235343
0 1999320894
733 2699929588
0 1051985598
0 2816235546
734 474645317
0 2337325908
0 2982585304
735 909602913
0 661086389
0 3679442549
736 2532586129
0 3996670093
0 2751552160
737 1213589240
0 936134189
0 2647026012
738 2195288184
0 3787597272
0 3771304498
739 2835123973
0 3424788964
0 194507060
740 553242477
0 2349603462
0 1255818235
741 1268685004
0 1139730735
0 3115308439
742 3418438143
0 2922858728
0 2788766165
743 3230132663
0 1271644181
0 904044314
744 2914614492
0 2399638606
0 3328986207
745 2062548630
0 1542707616
0 32193966
746 391780782
0 3604285573
0 3703748233
747 2656331971
0 3385152838
0 2731657887
748 3058276888
0 1183138638
0 944397875
749 980822469
0 1268668009
0 2765050785
750 909196655
0 869534918
0 1033806446
751 2498427784
0 3313887088
0 1842148819
752 1838572145
0 1187571631
0 3050606003
753 682998902
0 3093457321
0 214575924
754 512235569
0 3245372148
0 1039811329
755 2862809324
0 3807903042
0 2001358625
756 2605985332
0 2965646000
0 1580230969
757 3831339246
0 2535666645
0 3916358660
758 2227260392
0 1787760121
0 2066174274
759 772646665
0 1533738474
0 2899519514
760 3985549031
0 2681724690
0 3838826729
761 3110505953
0 1796399079
0 2342352718
762 4253258278
0 2316398007
0 2827797492
763 3324401403
0 1288854129
0 1569391807
764 1897412471
0 3506754707
0 1284440361
765 2404045473
0 3862908002
0 3657858918
766 2059517670
0 447351236
0 2088962153
767 4157156475
0 865114206
0 2538468438
768 2311704251
0 1110739653
0 1266611690
769 3631969516
0 3701758234
0 1577667170
770 455938624
0 3545063809
0 2969800568
771 3462623343
0 240774302
0 3531805604
772 3649495178
0 1176441918
0 2807843575
773 2784999217
0 1156291101
0 893589172
774 2763936852
0 1781787594
0 2246308195
775 3250158962
0 3097007162
0 2338343148
776 1697897995
0 793421042
0 406057899
777 891848417
0 2114492285
0 2803416289
778 3967952578
0 881639959
0 3306056680
779 1242086028
0 1525257275
0 2080298071
780 620940197
0 3447699319
0 4115427257
781 2341768256
0 4253274260
0 4244443954
782 1069471686
0 3312229989
0 3968231030
783 2299672373
0 764619300
0 1239113919
784 1835532527
0 753684141
0 3872256571
785 2869738005
0 2041231905
0 2679820179
786 3715785257
0 2903977047
0 2233690267
787 1553931572
0 4251952421
0 1693582646
788 3025164719
0 92862122
0 738444284
789 2511258818
0 1823980185
0 1354732184
790 55238239
0 2517636841
0 635335850
791 3849131227
0 2639815378
0 2371058702
792 1786284369
0 3485282670
0 1825612839
793 4269287255
0 3843159854
0 1409269954
794 2988213430
0 3736785150
0 811924278
795 3082837263
0 2827886654
0 2721238402
796 3721462494
0 3599627504
0 4201794501
797 2267088477
0 3668919584
0 2285665425
798 4042332510
0 604266429
0 2908482503
799 2535188977
0 458728322
0 1452700598
800 452085712
0 2203932013
0 2542793431
801 2150284399
0 1717024862
0 2863188093
802 2990902365
0 585490884
0 1249924559
803 2748585307
0 3196579009
0 1324700152
804 3402852937
0 4166916672
0 1341234702
805 3007908322
0 4115920011
0 1009927560
806 2549827036
0 1499503820
0 4217783082
807 4054417857
0 447291742
0 1814150048
808 3070247302
0 2480134596
0 1247458169
809 3382548154
0 3753324253
0 2778241498
810 4140775198
0 338536394
0 4208747898
811 2267462854
0 477340083
0 1792584319
812 1497216625
0 1759377117
0 1485837841
813 3053492762
0 3680078636
0 1590274352
814 1636152707
0 2704119702
0 1443172465
815 4239370260
0 770767605
0 3771390368
816 2872101109
0 4103225705
0 3353275587
817 368779086
0 3291426515
0 3469627562
818 716825761
0 1173019314
0 2361484541
819 587737056
0 256533284
0 3887671621
820 3543241745
0 4212324670
0 3659091816
821 2414330120
0 3949055243
0 3863833325
822 1165501606
0 17940089
0 1509752330
823 1005595404
0 4071041194
0 2148847343
824 2464649217
0 418314803
0 3148350838
825 181927453
0 1727794958
0 3842903097
826 3132154727
0 2606522651
0 1769564523
827 1149884328
0 3978391839
0 860973765
828 2655523322
0 544381292
0 3519006200
829 751092546
0 2665123306
0 308512388
830 3362623796
0 3174414465
0 1555896203
831 1641518210
0 53419158
0 430761126
832 1430810001
0 3399681042
0 1108329205
833 3853418090
0 1824336416
0 4110434978
834 3423408246
0 2619005743
0 347931512
835 574524158
0 2895725160
0 2801631404
836 2823847067
0 1804396737
0 1027020010
837 1864306190
0 2079451131
0 3200581010
838 880294142
0 2240052514
0 3953045721
839 91208876
0 2006558777
0 1441074231
840 3905774334
0 1044297777
0 1190813633
841 4107793468
0 4094631160
0 1677826378
842 2727653586
0 3613886235
0 246157802
843 4077387696
0 3960378801
0 1805723356
844 1165142619
0 3640093900
0 3147788791
845 2131868734
0 2098639972
0 2350918503
846 2690535227
0 3828301210
0 3164086036
847 3143804301
0 1599740989
0 4066444381
848 3488248104
0 4214965392
0 251808754
849 3442574746
0 633430271
0 931959672
850 2891194070
0 764811056
0 1640332324
851 491712263
0 945040298
0 4213473593
852 2658455619
0 3872996003
0 1103613788
853 3402962768
0 3343452892
0 4143168804
854 2418840546
0 1477947495
0 2397551952
855 3694201674
0 2960152942
0 1263589287
856 2023859332
0 729234931
0 1942211548
857 4001770107
0 1953672431
0 506838263
858 37348646
0 2967865706
0 250931757
859 1547080011
0 820450847
0 1596656495
860 225127747
0 2996309540
0 104796765
861 2014945799
0 1210689845
0 2749912842
862 1832262818
0 194396148
0 2312133371
863 4181806422
0 2415679148
0 3132225148
864 3058334443
0 2176445888
0 3865432960
865 267330343
0 3633296047
0 405121842
866 3167712200
0 3941202960
0 722801523
867 3700517120
0 2571865768
0 3665458403
868 1314291308
0 3271180809
0 4072198968
869 2453439060
0 1553193655
0 1985957501
870 2030115584
0 3363887209
0 1692441512
871 4099366517
0 2863475489
0 1807184726
872 2093021175
0 3577779048
0 2995110128
873 2796954825
0 1330657577
0 1796454918
874 3431343104
0 172009555
0 2581198522
875 3439480339
0 952535590
0 4091693776
876 3036352532
0 3074948781
0 1353968281
877 4176010563
0 3637988897
0 835107298
878 2701407497
0 1558495517
0 2345208941
879 749274894
0 1974101825
0 3558805903
880 4119577765
0 997506737
0 3788121402
881 2261153363
0 3332405121
0 530526281
882 4005496434
0 3107398549
0 126724801
883 311696340
0 1422143266
0 268315134
884 1683502723
0 1955022616
0 3817734060
885 3110712427
0 1868186306
0 1515948712
886 4014232452
0 469915791
0 2901587089
887 3962660457
0 2006616809
0 183434123
888 3234305271
0 1151216021
0 555865457
889 428730053
0 2647657370
0 3020188437
890 1917245495
0 3785320269
0 3932219711
891 2206248210
0 889912794
0 3654423677
892 1992976670
0 1408367367
0 2576725403
893 1529600481
0 1074247567
0 3949813094
894 168990107
0 485102737
0 2152959026
895 2098431472
0 3255454381
0 3616694775
896 2588130760
0 3954506941
0 4240111829
897 2291137547
0 3051784253
0 3100715012
898 1847971080
0 3163161567
0 3558429018
899 3486725094
0 217705797
0 3201285257
900 4273981510
0 1123472753
0 3073534671
901 1492958665
0 2271012502
0 2411788009
902 119975886
0 3630789094
0 1087057018
903 2863248491
0 3262880330
0 1936286683
904 3343252393
0 1877248862
0 1507330742
905 109208497
0 2064957068
0 799044169
906 2872328328
0 1357519206
0 1891177129
907 1788247516
0 4193809167
0 4176838555
908 3107655821
0 1344465420
0 3691460606
909 3763756688
0 1651832133
0 1106001857
910 3030957440
0 731899307
0 1593458263
911 2033071973
0 3250298770
0 8470487
912 1823210095
0 1988386998
0 2065405719
913 212510455
0 2051605942
0 3423759207
914 1380124148
0 1363153449
0 844098969
915 2191692489
0 4214538026
0 587468044
916 771404945
0 3908347641
0 3693350151
917 3064349861
0 3171853420
0 1008617938
918 3485594411
0 2781706470
0 1313457648
919 2867633625
0 1157615755
0 1361942450
920 2257522624
0 1079809760
0 1142720267
921 1724070315
0 246379182
0 306664278
922 4173945214
0 3386969552
0 705126598
923 574878266
0 3465731781
0 76958642
924 322362139
0 2792855576
0 2197164957
925 1330875937
0 2377885765
0 3828825954
926 455978706
0 2928498170
0 908912663
927 1664716882
0 522128088
0 4134864720
928 2655610192
0 3289093965
0 8179361
929 206702261
0 2505291631
0 2388423217
930 303415190
0 1357068196
0 2327837960
931 3650575330
0 4041630870
0 3727766741
932 48284147
0 3647062632
0 762022665
933 3520021118
0 52178516
0 312567797
934 3432030702
0 3426787150
0 3720796098
935 3085833927
0 1058852457
0 1573250088
936 242392099
0 34439927
0 462493964
937 3583940237
0 3966644214
0 10113700
938 1461425026
0 3353886583
0 3078276152
939 2541452878
0 550514164
0 2701270993
940 2193035757
0 1755411574
0 1612319411
941 3210844236
0 1213137174
0 3892013850
942 3945782547
0 1204817563
0 1175890724
943 370331554
0 520483631
0 478488565
944 2906005226
0 1197317861
0 1019312503
945 3700259506
0 3640285866
0 1067723711
946 166764035
0 1170966486
0 21824289
947 2374182204
0 395817791
0 4056129177
948 4200532030
0 4154424478
0 1278909397
949 376168431
0 2756152408
0 1464663488
950 2526109438
0 1019737080
0 321563428
951 532553280
0 4180723195
0 1177493986
952 526213817
0 3597132803
0 188529325
953 1411762764
0 3165857288
0 157177309
954 3166530673
0 3651387265
0 3813772842
955 3215871569
0 4065386207
0 689250758
956 439299677
0 2107863796
0 2833787885
957 1175236316
0 2589981355
0 556067420
958 1497872626
0 3956279842
0 3566437580
959 382391391
0 1919506682
0 235438660
960 836957455
0 3394901072
0 4225915528
961 639929250
0 1273816041
0 1042564832
962 1314269060
0 899534089
0 1288841209
963 3954500693
0 1235355415
0 2159508670
964 3816117536
0 758943954
0 850513380
965 1613775606
0 1636499924
0 4121622642
966 1738976280
0 1851865596
0 3939356328
967 1447138642
0 3945151579
0 2271426268
968 2907082966
0 2742371227
0 2430400546
969 1805081766
0 3658457851
0 1649253666
970 1306471014
0 1255713930
0 115051089
971 2965030826
0 3097000201
0 2273790659
972 2561712618
0 3666546988
0 4069851074
973 186132473
0 3436566101
0 1066140154
974 2503369133
0 2026260636
0 1166515456
975 1994574858
0 2250632380
0 1997834515
976 2095198397
0 3358801703
0 862432403
977 4132015026
0 3631096963
0 2980557737
978 1001871963
0 2245331521
0 2018674362
979 3298393617
0 971428238
0 1748861314
980 2145360826
0 1892936491
0 1176475506
981 3560973353
0 2898791460
0 112063562
982 129675148
0 3925240844
0 3655995649
983 2288399333
0 1489587116
0 4044323317
984 3634887387
0 2349446300
0 3319694816
985 3011337985
0 3712173439
0 2550697039
986 3075777405
0 3033736262
0 3538052694
987 4094170212
0 3059697738
0 812020675
988 3777595866
0 532886397
0 1640930195
989 146130252
0 1932727527
0 797573413
990 3548242454
0 1387312484
0 2514356934
991 2206821908
0 2992240948
0 1545482435
992 1961616114
0 1808370027
0 1122937540
993 3400154756
0 2290620986
0 1672624718
994 3500354961
0 1199458020
0 441800952
995 2868980154
0 2490908677
0 735899546
996 1220352873
0 2116926706
0 3753872206
997 2429483632
0 610900935
0 2177766490
998 4193733737
0 1020335015
0 3742507785
999 3767335749
0 3143514534
0 3760998988
1000 2678913632
0 407053266
0 1480695951
