1 12925959947438181921
0 11961319244754209674
0 10392588222673647019
2 8125223474724784836
0 9582822909983201208
0 12725101187183106874
3 9458715478925388049
0 16363372898159532859
0 10551366930075966853
4 160078953643971165
0 18139756965557328246
0 1599902146228756196
5 6394110656472541773
0 4776150752245530767
0 5506085750829734844
6 13573473475116937608
0 15023358418108703890
0 4294677169165367748
7 8842011720127537860
0 4565604887082679986
0 3383770803886584757
8 10052705799080849202
0 10994502550391603522
0 8473832170512285587
9 6035450286060388080
0 7786900557293234504
0 17967628294220832578
10 10958466170546734948
0 13431752303043676263
0 11380226203228718512
11 11506920505556929015
0 11109283537657132249
0 17218938412565535109
12 5871878743175467799
0 8466553780447697291
0 12991820822949247341
13 7967054087310034537
0 9499457476126547023
0 12615627026707914452
14 6300990885757877155
0 3708034160872532517
0 4474163584168319231
15 3812894646702971566
0 460772207695597800
0 17414127091324526763
16 3399565719297327038
0 3063047381462380016
0 17997228569960885173
17 17988806956987373658
0 7827178899957863778
0 632595119633024622
18 12203026808999875297
0 11200969906077518198
0 10124985294921982795
19 543315666122569444
0 8829352536262490478
0 12495031556914299976
20 13774147754522952136
0 14220497989205495299
0 3473170187497065986
21 16265283257053422832
0 11395293412407228799
0 18440342212858549285
22 3819985766738463441
0 17718952591937120782
0 11654093762175591024
23 10795932462107321758
0 17598650229337979168
0 5031041554977335317
24 6154847653060206750
0 12675441418500623569
0 13659805145518180933
25 1560120760154382527
0 630339985505674327
0 6121374815129701779
26 3305301740908274185
0 11925570591624272976
0 2060637217445137156
27 9401305946450107901
0 13172212536475248663
0 9267077729623499850
28 757545904907664090
0 1528396652458943105
0 861263610844131649
29 17666729799410966334
0 2673417050926213097
0 12104192437592044124
30 4598009149779802084
0 16242830160089075181
0 7631239067243452678
31 826810226643047354
0 12312874059512770273
0 5059737120506111133
32 8186663762599205331
0 17652468088734022278
0 13177538158794556889
33 6325464292861133530
0 14145824894507403983
0 2102963981334002257
34 11755740434694025327
0 3158189797767622226
0 17585539839422568547
35 7559892700632660374
0 1833874478935052270
0 16037268090025944351
36 6956567894870791057
0 18391338447815816171
0 1505010379771714904
37 3639757327095879328
0 1890826662425098303
0 14857177407721725774
38 1082786558844076858
0 14434158973561461952
0 1501066888532535236
39 2563025076305809547
0 5509764534031658644
0 5639465336038361943
40 7201977500563060586
0 2920593193315493083
0 15599649504280016740
41 7149191337077705143
0 8871210649362631331
0 5638633911160324121
42 15425573587978501381
0 888023803817235895
0 16113965765741722381
43 11090746627719739999
0 13492552102581920435
0 12626382086135931991
44 13183322873309194542
0 15810524790117056885
0 6390209999917383142
45 8746224719920885597
0 9486592830396673705
0 15876522722394026186
46 10813098323414510166
0 14525911021349530394
0 4985319662700762584
47 16856113877466255598
0 18201540606534003750
0 9186217755002551247
48 12999510012466955137
0 1992215568122257551
0 10088249250127832953
49 15177807654382502461
0 5911648798975645225
0 15458546598872164577
50 14727999819426204265
0 261321567176760353
0 4927914792490508449
51 15053099618473037242
0 9599607334325266586
0 14554578435392514094
52 6587933131373235589
0 7232699432655439745
0 11065330587945680119
53 1498770716059416749
0 15482073883653049332
0 9143245334485836367
54 4250148581540978217
0 10384155080677713593
0 4365347559785013253
55 5370211864781147610
0 15114152000650089518
0 12673165006156296
56 9478283647409719323
0 773734481460400157
0 7440987640084810325
57 3356241712962997543
0 13496009209383936317
0 1784613370303662749
58 7429397426074281228
0 6594340346373624779
0 17425427837906818638
59 1423230163546939246
0 15791678663138812267
0 1175245180746825591
60 6752515294419865268
0 3747850410377440211
0 12959624843376985605
61 7731058789852375542
0 3326873942384108136
0 10651186106159359768
62 10737831704452145922
0 13127888509873574008
0 757535809835076405
63 8753753311949962985
0 3537720958276641490
0 17202821619160781596
64 8484385716043542609
0 7141947783884139934
0 6664886861497521711
65 16859047532259201187
0 5324645428732490557
0 1715785124421124922
66 16272335077512795581
0 16670209639780528011
0 6368841724761551020
67 16482942424308956898
0 10763835244925768565
0 18232792264490259871
68 17942494392561447404
0 2433954354252301453
0 12045699352227003296
69 7757807476339080413
0 10016642799941881270
0 3560802763330571119
70 9115869940877719309
0 2776263923734131433
0 14786741261202580452
71 2685337573230091564
0 5533053454825268276
0 7047646320783784426
72 4757718286866317293
0 7248785824060219873
0 10736238985163127243
73 18404766474934681896
0 6684909291032429810
0 2444726945189390421
74 11065859001794825235
0 8452806057606800745
0 17798809328992983854
75 10365448675489024938
0 5215992851971142641
0 7329559656361518949
76 3420053551702407975
0 18382143423122756520
0 18020402825312331054
77 15015039555952622790
0 18307272252303005321
0 5629224226883744073
78 14359589278671476709
0 8506087056635312628
0 16270984322867122917
79 13717902577442422826
0 3355533845204854479
0 1154603685058846660
80 14865339155497119543
0 1091964928289654111
0 15815341716174449413
81 6249707781717171947
0 1409386271604655104
0 9241825909371450602
82 12709852146525384591
0 3611108367196069659
0 11938749928709808704
83 1172961851154478305
0 14394210921051867479
0 10513364034456025526
84 9861695862215942730
0 9347695297868131113
0 12797949232832148822
85 2548304955070125114
0 14316682677321240962
0 12693709140591509477
86 2028814842671776345
0 658906596715230456
0 10960233665745294800
87 11412880468845761137
0 5766683236285593189
0 14561978615360757075
88 2959787354451051517
0 18181562046665392742
0 1685783354372066766
89 3362125432403807088
0 10742429341173769440
0 2592466108300902579
90 17926088931117989147
0 4398751203233049168
0 14748372947913399069
91 15736895769044116165
0 670205561402471245
0 2411251813149639334
92 5783641837119620893
0 10084388225699014447
0 10873505414562767900
93 14287746670926803778
0 16603041851320326939
0 1998706027619210902
94 1315016025443020853
0 15721113855851341819
0 17058763294987907691
95 9512190872794436334
0 3405611388866625642
0 7255943354351350248
96 14317489147042271566
0 10660862790941788768
0 4780637040858521502
97 2157799487851994110
0 5247326674313657223
0 15785980775949337206
98 504212433240708549
0 57353316035085083
0 10724653152015318802
99 5300909566731941004
0 9502292059723246722
0 17066635074838771398
100 467158891024363578
0 11190377779630641693
0 13025170433643897970
101 17911204907722794626
0 10914341409098674492
0 5787964786954849210
102 17757072667389907762
0 16115266427685748138
0 17782696941205581673
103 8857750950561202156
0 14661494818624412836
0 15751045143414689856
104 16029885635624803224
0 4086785969143523288
0 7798390645942357859
105 6001562618751499911
0 6810091118108526636
0 14313452281128794534
106 8732582279122305552
0 6390437617844468444
0 17818726185139554820
107 11564557605201926148
0 3684792837228822400
0 13767407375318004583
108 3569297141322921952
0 18290676826452261357
0 7291943233798858483
109 15605927432853151763
0 14049403090545541408
0 2683766370377779688
110 2177718609734614288
0 13729606480270370826
0 8510832425738834568
111 10833265980988749835
0 3124925822450288448
0 4747430155384791075
112 14165902004829304120
0 469619790484185013
0 6945995622583765594
113 3521079755301167493
0 2939740500954228519
0 901273894810993104
114 7257501466937482260
0 658983503981779998
0 8354802501576908535
115 10308600187825109793
0 17888826957383161094
0 6291831447472770597
116 7968659202481929168
0 2496371577621959446
0 15498171467672221398
117 15082967817862402044
0 17621900719927325233
0 13252502691233938356
118 8804230860767791314
0 4922291325820276812
0 5838286369243193946
119 15098720215928390698
0 3498378306709894181
0 17886068321587335970
120 7257201734507326343
0 14711896544346118137
0 9754045761652157666
121 2837596196026662860
0 8431809397949621245
0 7436077952526171165
122 5113283971182869499
0 106341017949580065
0 3276345601270101935
123 4329784252311245236
0 8492237805325825320
0 8450374741491695615
124 14357770410420112842
0 10587526457878026941
0 4197621088604734590
125 2316698922122670983
0 17681733397438485158
0 11553576979324263759
126 2770821490984885305
0 3062033941526730283
0 2328708573838873491
127 14752468667059876298
0 583495189848934499
0 5377900374368285235
128 12276513932810758877
0 14821534435987553774
0 7745221277482230782
129 1859771981277443138
0 17951339614578257562
0 12452681224192614156
130 4808341779907783425
0 1027774359662742777
0 11618309956667104820
131 8026267856857494210
0 5792236004225430333
0 5567031647178788330
132 7202192000518209809
0 13048752231851192795
0 10156442030364577572
133 6707343281914584692
0 13137550508467903051
0 9341818757282688480
134 8591884092089222828
0 15788662486866675811
0 17831922753629116962
135 16498923465879009673
0 8831844575931682971
0 14400417941408683842
136 4678747763952121225
0 15180913725506807314
0 8694255014746891707
137 623951517671336966
0 247942939316070396
0 9840297130154555205
138 16898031555532223558
0 7091454114894170082
0 2066745294143286738
139 5171698548840687507
0 15842843620689901556
0 9251281457157385368
140 14712169119625642391
0 6536142586841550334
0 8458703641846631400
141 16003805128173014501
0 17470521852010816332
0 14913695884991245559
142 5842000588849310539
0 14853061877948297614
0 2814860909351211197
143 5227923224472055849
0 3086816857402786814
0 9922996351316051577
144 5125229190115405094
0 1766310944700611700
0 6480485660881625391
145 17027805379008491902
0 1089651496441153278
0 1224495690335152212
146 3358599329372081161
0 8341671933562820615
0 12893692544789789046
147 14860737984403239703
0 9194886627258817527
0 3719436026746539621
148 6462940956841539598
0 10503829822654852408
0 5955928457939591968
149 12970642213271518264
0 16319562317248884821
0 9519718456900557649
150 8963240458988547328
0 4081014960927810153
0 12482541488712443653
151 14810771709697867832
0 12168910682470825933
0 292980851159756313
152 4106641064591385881
0 15235637839750629354
0 7706634544448085800
153 5761250070204963886
0 14048083360061431332
0 3490749046840738722
154 1272800126381982680
0 1464141810132622069
0 1969198617065312576
155 15558500822306167376
0 14065029569045374374
0 792475182466827801
156 13127291908466595623
0 14590092514227987424
0 2724821235812241045
157 504305448126349804
0 4220966817536434562
0 925139963954191544
158 18341863272764205788
0 13386024862219007399
0 2485306184890635791
159 3882430899234035849
0 8495489194214097471
0 16993818545554027416
160 14191941925192731839
0 11038759981749805120
0 15879529517653282229
161 3778887046612450553
0 16838608473540747768
0 8738005153937499852
162 8932299438525744452
0 11648928132937638848
0 8551723938619907036
163 13846885667660488741
0 72384910237145734
0 8771191259109752476
164 2010859476491025073
0 9772564844202368525
0 11131311316425503169
165 7411526417152212889
0 12931192218163330378
0 12258268581719313531
166 3853327500648321896
0 12854376449458971294
0 2691283375985115277
167 13228744985092270223
0 12754026275530268630
0 11217951002823321833
168 6273028986016241358
0 12095102098362746229
0 12659734404846358037
169 7043566759990770595
0 7012240547826047530
0 1919427205211165356
170 746468360175422885
0 9383275635871734636
0 2467436419259120706
171 13031712999305553665
0 2565429831477159094
0 5456628484215793342
172 3051156248781849534
0 7837230969404581253
0 10576606033370507328
173 14596673744166671360
0 994286626758486324
0 14382411230527487409
174 8847401694659745465
0 15249619620755305242
0 18215657200244071994
175 16615097788579054598
0 2271679441864119702
0 17385312722319461785
176 11332491802431225811
0 6173188024519956454
0 14534149132416598478
177 10690722530397720311
0 6822723724254997037
0 16981140993188625241
178 5895507258285856966
0 9926638569015064828
0 14846983014258667080
179 7940642590055274504
0 1502561527183919431
0 8992347668191150177
180 10098104557739840460
0 12284333144673415363
0 10521720703498897450
181 13026995979515558468
0 142882007527793308
0 10205606360163432950
182 11102927661332611450
0 10552086669388522234
0 17522157637644831906
183 5765928123632443433
0 13656193276320487157
0 13702588840514072231
184 9361904842399184924
0 6331128542407498679
0 10454899869352418566
185 18331474804780145134
0 6158664978776352036
0 6129572933963685129
186 7148437689124276718
0 6534883602782421191
0 15974324000091590206
187 17871622280235457731
0 37680053213430439
0 5271560216299060955
188 3219562476720341827
0 14988169644882707537
0 11349267601862414248
189 16647404382288275238
0 11809663403725320219
0 16667200493909887353
190 15781000678465065609
0 10601363484171000554
0 10985922283146517873
191 3738625553783460362
0 10023226957839664921
0 5824981022691877117
192 11694066141262458737
0 6979137050140050890
0 15313646753490484545
193 5327150998393010644
0 11891155791104638228
0 12815975869069888765
194 11147337989065117298
0 2212787719107055555
0 16600777438137611994
195 6037826349337165417
0 10751396268206500191
0 8136016123718018507
196 13340500776296165482
0 1580645440831103539
0 12484486907637336905
197 1759409448428962364
0 3641204209819368513
0 8721643200363221846
198 9252959869250611656
0 1231379594418724134
0 3777394409184717910
199 6356425306505590787
0 2196258915260676750
0 6565907245431482760
200 854338915657957885
0 5067719567784664369
0 17832581098686084709
201 2387790458371451340
0 15038413342180203002
0 9294306112856645921
202 8399048269643067418
0 1349897492125080079
0 4970177193147404980
203 3939360389812178564
0 11869718527531500602
0 890714946763686319
204 5369088059750528233
0 10821318469378132166
0 964544417431456503
205 14772928417987494615
0 13062588432772570142
0 529670312063971607
206 14611872030085538923
0 12436908654642010758
0 4964222361984375779
207 8027534272776584139
0 3158251018824864080
0 6658411401788121589
208 66110596491107915
0 2511365569515303492
0 10280383778308941495
209 9384977916687238744
0 11428171155491365323
0 5889359414205817873
210 15854758407117366495
0 10063876003345418893
0 9850649128052317808
211 14805985434334689375
0 15202189658668902054
0 12873344030210546158
212 17611824088842069850
0 3408281795783080077
0 9131320521119825290
213 11320118032090047628
0 11025148829572699315
0 8272363525911936627
214 17996103448690659425
0 18204846483411942038
0 17575989448709560218
215 9213808386350472219
0 16672029573193718550
0 17340095282305553163
216 11329865061507981143
0 13052406665076026512
0 697565388210109010
217 17176473279443793794
0 2104363920748938231
0 15459291402872090774
218 12385049447537815887
0 7538003309812915671
0 3677668263266124873
219 11616926201747628215
0 17909680986074460734
0 7403921421396273102
220 10266809143702598340
0 800592792868922341
0 2426501081096368475
221 10287547921452843556
0 10565679412599128266
0 18041338782631367778
222 17595689498901447151
0 14030669499293440200
0 10599481364616953820
223 16199351370391873476
0 10547163739668789383
0 10926972479418912831
224 6526084970835422415
0 1461661402046749393
0 15468975303281018795
225 10454864451191200241
0 6865611150652555491
0 8196585630454848200
226 3640190846201194517
0 17377434602705987262
0 14904045257509759113
227 5153140420928193238
0 6170434410170610305
0 15732874378676765780
228 8510915805813110319
0 9211211048107771704
0 14129740363461709694
229 10879480001133615343
0 16723376720989071835
0 12829963626283398120
230 8051586810043021188
0 17200652752996083155
0 12628488814236931712
231 4332541987658274475
0 13291291126606247571
0 6071395712170603337
232 8601765381372609445
0 5245376437258738235
0 15315874831994302564
233 17430770346892912885
0 120542748511607384
0 5804620790911795299
234 14676867227601234075
0 1962488160347676926
0 8041452333999403949
235 8322827673727869588
0 6858906336539356879
0 11254843780090328379
236 6439923205008625055
0 10733984305492799253
0 15972778146675602334
237 1072345474570718857
0 756364306888848673
0 12456823955279786503
238 5643569408743054970
0 14155709300786716198
0 15167271531581167653
239 3965152618327725501
0 9197851519720395942
0 16269204288483774663
240 11076517728092389943
0 1488325279252532042
0 17477664147552854774
241 11203066568508347669
0 9562309178191885443
0 6965876839740300689
242 1183952971140315628
0 11921275219570716985
0 5977174899993443003
243 17147144853043347036
0 7457303353577745943
0 16055527253460009302
244 17770319185503413036
0 9910924937190233478
0 8722932648940759512
245 9947777716400517965
0 13707940531486414716
0 17952510116001126922
246 15558571650165861467
0 9462892481944212345
0 8563231023917817257
247 8362886832253914651
0 13781388511178814671
0 14593400382492589325
248 4823262375997165822
0 7511792935280544650
0 4995666934544998134
249 3870192104599097848
0 2780339979744954121
0 5321179786789255310
250 4840798969127274136
0 7078001100323694186
0 15568423970931996267
251 16316662001073641643
0 17289281851786066710
0 3595727157736847704
252 16158527263312224157
0 17186764343450829311
0 9163549633145637116
253 527151224131094968
0 4168898924621607039
0 9281216812400458852
254 13796094903902468515
0 11135730103877254580
0 16114491069370718853
255 1183855460327170042
0 11267661812079286802
0 4621869476167049523
256 3989120370188547397
0 9737301045546083595
0 16942739648063865289
257 4624808544104898416
0 2959416377123784692
0 17599355594275751567
258 6236048771035561905
0 8201524322995966993
0 15396816832820172559
259 14318264514408128038
0 3756059107101600
0 6805872007876783977
260 3111578476983478989
0 7598994101005409812
0 16670215327021877474
261 11460763388942993156
0 13751472912423296476
0 16242809072819627687
262 16307197406932207729
0 17130753133930056711
0 1540173515657245916
263 1506582547656183463
0 8285549285401872844
0 12696819308112635640
264 11002824292684014369
0 16821441345353370259
0 13626635852758775664
265 16049385336373653063
0 1349168695925861594
0 12173547845427233132
266 10424969976751118266
0 4448688259956803409
0 13976617224546325943
267 1878387583804769806
0 13515796873393490242
0 8471485353498498948
268 12019712556979481650
0 14599536565736922818
0 5033650962190291878
269 14422825200042888514
0 5874933469917846842
0 18289194212150241761
270 15806262482850467070
0 8510663186141752188
0 6180121148564063355
271 6171435612076543706
0 13959441780170741350
0 10185355946762744652
272 1110546301004363967
0 13032596655934556388
0 8277075548631393097
273 5618596056226764053
0 9279375076058478419
0 12089712744436571111
274 12316562538690078819
0 8326682985718439224
0 15360630638631848701
275 3969214058321566815
0 3310969107683916200
0 12107720656880005918
276 1154659036973632475
0 16617611732645712309
0 14117211344532121660
277 2428999470463888937
0 1791056657536950229
0 6302855423262395780
278 15401781135295775710
0 12194522884583634579
0 7471095048392619811
279 16539012634841763465
0 13076184081742989335
0 2159575699389621280
280 13226378487876121443
0 14383017415782475401
0 15370670891606944215
281 6837858694279906889
0 10805227129380615324
0 10693252957054680601
282 1672234948588531905
0 1208570387032990826
0 9511185850091117861
283 13570694645764042747
0 11581602566420233748
0 18072496947790339156
284 6192516825230272810
0 951690563510014571
0 5118449858970901513
285 17001737656399605817
0 8054656800139019130
0 7388220622948752348
286 11916986079310136447
0 8772588752361607678
0 7339406162412256179
287 10510032554569262349
0 7850447128547385173
0 8212981512998590944
288 3801677535656781686
0 8823949122753460129
0 1386711670203845458
289 5075994629265594774
0 8222004517784065761
0 5608445150686921015
290 18092499828930004826
0 3583625274868571181
0 8107697183494076119
291 4493161081264292952
0 9003942597703310496
0 11818440988165942799
292 6844926308718169030
0 17739908624576956393
0 14746183095187537984
293 3101287210686953953
0 12123737884659468350
0 3375933184867684061
294 12198719934567956931
0 2561252773747813932
0 1904506473288042113
295 2280652143866747193
0 11525039391681054910
0 120572647317164546
296 6884006246486229591
0 3637605737485330802
0 18287643469191965550
297 9472661139408001606
0 2232456515829922928
0 2637887691446106470
298 3826748464564612951
0 54605963451155719
0 11283261788207139182
299 12675162298780965422
0 12356462689296010009
0 17303083382391409115
300 9834741230514121625
0 17880860134424567279
0 4549763509361175572
301 9417949640844552844
0 11944193814958773954
0 9032704247511708546
302 13409610234201253297
0 7834512457805199219
0 17078255697065149669
303 5085359881349540670
0 1718652355521742021
0 6207630235627794338
304 17609224495933971007
0 18186893953477280565
0 15171117734623731181
305 2072007689802853978
0 8856907209717738018
0 5060048446744316555
306 3015211353838152451
0 13058197845076086769
0 9873343658414712777
307 7814201434131363019
0 13601119409729700913
0 6096509266418281508
308 1375310274940931630
0 4287104268458220
0 8199303537448246265
309 15847874956846002762
0 7818226409230728880
0 14829735207400611517
310 3930214376200251325
0 13583997798430613381
0 6568076803609492278
311 5178591045606473517
0 3478403458915367641
0 3759299398450493546
312 1552760546100289385
0 10646115912761354376
0 5131399130477568611
313 8619957264316145047
0 12537590809810000459
0 10288326858809306512
314 15989700063995177218
0 7650275814790617421
0 16468335756712210985
315 11558576811440474493
0 14815197975248071820
0 4907834657550090684
316 2291359539355057362
0 12733900707692666343
0 14939135353431532443
317 13205420533899391511
0 12407373798065241534
0 9101403174636447172
318 2615219093739531765
0 15353172285949441536
0 17679543211516720705
319 16979948120027647960
0 13455107974647143194
0 9240136493140093248
320 6977549849133951782
0 460358317575636680
0 13917579511779957444
321 9346997724690366179
0 4434943058743607048
0 13368306508253171758
322 7921511168485276687
0 9333338293812393982
0 17162695212382010050
323 6181704679247542628
0 12535810211451832779
0 1241827412137199101
324 13903236680456892166
0 13417727893412043814
0 4166055579765731772
325 17573030927388730609
0 10699200860383969314
0 6315001871325250214
326 10167395640443625754
0 6053998044390181079
0 9174177051444746489
327 16787693218322491546
0 17722547106866355095
0 6606820048357531521
328 9473584011867627666
0 7191241929833518079
0 3590787927166430550
329 16422509858906703069
0 5055804838137810800
0 15881876078464946777
330 1914882579934764879
0 5431157152309862710
0 16088712769090093186
331 7375556202059702363
0 6603590401603277001
0 5214186848841453843
332 4718518541486258668
0 16353726533544007781
0 18384255295803674145
333 1399354712046187207
0 5015229132553009327
0 5117959888479579718
334 115159407008291078
0 9492726057828423426
0 16990992976706324509
335 17410615234316891748
0 779562070122902895
0 18367291485753560823
336 8941188611098654300
0 12916291493251929064
0 16491925935620832358
337 696192665247689440
0 6679189067799815274
0 8380263014775385469
338 13383844790037859236
0 8487966141709890466
0 3559832993354491908
339 2614709623569574714
0 9043739077695154343
0 3588316586722996462
340 2668353012298873138
0 6083392975346135804
0 9893455105307447101
341 1359174121181023849
0 8717509758667487015
0 13065607673131947583
342 14862353880960595047
0 10376529618014790325
0 17889864631875284044
343 14096748591385996440
0 7195659997773237169
0 15992452743263708208
344 10719201033918934499
0 12939498331916664111
0 11521439939501697754
345 12246190931179185902
0 8207326681214359498
0 18216180139121905118
346 13164088499775087955
0 4081351035694925006
0 6571152030761128325
347 1391493016997363782
0 17891835427630561605
0 1816724546016732402
348 5445690967270814803
0 13610518513723858688
0 13765445702774821009
349 8417167670502328867
0 2382371493838593748
0 3689758121563533343
350 17112012323620049364
0 4138713978843595011
0 10042785925038994466
351 2891043021410882900
0 10013135003640388720
0 8995615734672375096
352 17989505484066274899
0 9625633995982660443
0 10890200084045153991
353 14772030548172966267
0 3511219744568204488
0 13936271646346031354
354 13321571039665827800
0 223429678030514764
0 2991700806334277145
355 8053417631407206523
0 12288069388061579328
0 12594811503226827512
356 16370638179473428790
0 11420879528538404374
0 1019398923308547988
357 13083186372377614362
0 919364805771983443
0 9871670494935815454
358 11727603774521430936
0 4835754208413425930
0 9377559227635844540
359 4218297226450166372
0 9938068796228341861
0 12370400510731635595
360 8554561134260013968
0 1131646909505000903
0 12956020934773186579
361 9455297902766611204
0 8330237468874055243
0 9222727587381208974
362 5261172475785281339
0 11536585278770593257
0 18174764206925744375
363 1416847827099226245
0 17425108341296567432
0 18339897373509530559
364 9184826297479454298
0 5210719612237160001
0 3788244942287437863
365 13226653944820796846
0 15045644588074449136
0 16513762727418131977
366 1152940361359586745
0 7716754164804222006
0 6629347005921485646
367 3476661412785902826
0 3448435157072804576
0 8645463086974712592
368 9540552603572072054
0 3374611715481996545
0 4006435586412294302
369 17402017979362655543
0 568065402642594595
0 18398209697971734517
370 2685698880438254801
0 13292143458753531806
0 5969293636426739057
371 9739621414414120303
0 12346367662858373710
0 4397459553519009620
372 12224378309590798869
0 10183683180531257718
0 13274127768104561163
373 12862317294447856546
0 3011283456671570576
0 14547037870508644148
374 12751067155924215948
0 13229405371597121828
0 17124208686870422230
375 14335455698392743180
0 12303364549508923085
0 5952380699569020395
376 2784195771142205458
0 17396663343030582618
0 3909959761113180036
377 14179874156659101646
0 13351363650506583645
0 13978691742085934392
378 15625281823211925897
0 10207065173021042974
0 13036978354269443660
379 3636167885818206915
0 10824203517397154375
0 1948247546051802308
380 14685228625071540136
0 17600096982352337162
0 7556720133102756491
381 9041510211596534005
0 16043995302324341640
0 16092495493307926580
382 18446436298999147580
0 7702998766052405584
0 5376815125354598208
383 16829549191858234784
0 16307391064871421225
0 11755994789319691928
384 8271101653381331289
0 9884331096230329446
0 1847449143392676015
385 1345454685260156771
0 3073418259538510740
0 15930325417942009138
386 7111063875253922665
0 5538192664205465957
0 16713033297578527670
387 3615351225926606893
0 10721492930711124785
0 1847057288235903121
388 13060789500448344669
0 15048751698086321085
0 18319813873749642304
389 8576848245283643618
0 3051312372215467434
0 7193062712971395203
390 16042185936971220198
0 1561842603902148730
0 11039710603496636316
391 14768860886668695807
0 13174908921171518627
0 8251982893074918542
392 5674083262194903469
0 8889440672678659350
0 12464074940149127475
393 5273413454076752691
0 2607456981697693699
0 8796902670660891030
394 2851712143848829634
0 5212079159250350599
0 16936976595353538042
395 2554437260629128301
0 15905180676751389568
0 9617648396285559087
396 14490996581405532724
0 5293099026798928774
0 7798743865921157894
397 4575744469061757713
0 14755686201956481989
0 10835176392581403531
398 17944363400618399682
0 2860651224221071751
0 6421198305336222665
399 14302323996737788086
0 16341460363369970639
0 15911711321947117398
400 16756323756723360648
0 6691606584157559061
0 4297485535280234034
401 16945833807135878819
0 3827793739427181998
0 10496401128027930586
402 17565760680277563744
0 8018659285087330982
0 250879703911395160
403 4725291360842372424
0 3146662829827840568
0 17821392209869408481
404 8214895200673179122
0 15515850386959957635
0 329364207311411036
405 15294940682159662253
0 11386141606314580230
0 944497342522990672
406 12324703051432210530
0 4747498664399830724
0 13965529592121003177
407 10178398801443455290
0 885680405398589306
0 2348291138923485031
408 18030128575285346610
0 1551151768692469426
0 4258094761921048381
409 8236792278673003548
0 11317754614810341449
0 6608654444694860307
410 14648464824240290634
0 4596660648411856258
0 2369963844686170710
411 3804583391480097905
0 714841558685421795
0 8592562106917491986
412 1494625485990846204
0 17275646141161793128
0 5967514468528843904
413 14926316295715338703
0 5024463499703982648
0 5109508895014307625
414 17830155059969422737
0 4711322572931505205
0 7726341380740549807
415 2969565143047060233
0 7267828878870012979
0 9147608504480395966
416 16887797123901329367
0 4625389572230184912
0 13070530717165944024
417 2840232243720889981
0 4967766547047676994
0 14308260430096203597
418 11560215943279991182
0 9848440329015598052
0 17182834418902546052
419 6470022906583972441
0 2516687087199537602
0 3956411253910388278
420 6608869696847085351
0 1769251178493690346
0 17923538125766312389
421 778302738981982592
0 3990967155261406605
0 3939390391038548543
422 7514434526032195268
0 3189693357721561002
0 2860960848682235460
423 13738516348371412693
0 6596985996479975029
0 7519518927845145626
424 10186404846533943397
0 12452918940424828564
0 7304110931902187265
425 17515966146102429967
0 18296441404158530569
0 17005363894111664908
426 13087081573819210514
0 12172840086114222469
0 12632984534830764987
427 2585335022273101517
0 3127725193046634792
0 2694464611843305450
428 4239617455719094654
0 2049192303078826310
0 7899750921489402195
429 955686179171889568
0 2936250509958992888
0 5095458607797626892
430 9966385785635364658
0 5634806725954922267
0 16129773286621231106
431 12191481360587245069
0 17930303959451218806
0 9927507717965863822
432 8815776096203758226
0 17348538378929533115
0 2342750482184174450
433 1789133573720194111
0 12372717239184237010
0 11634543860774032637
434 1613431174242058506
0 10564538654695796142
0 5756276278789220893
435 1533218627682985454
0 9254670718390848459
0 13765761423658280124
436 10830249072306682261
0 14429274970052258936
0 3701966223714587108
437 4855957334107592915
0 1209063129868338708
0 2595449506723525681
438 4057568023768686141
0 3988378769374687887
0 3678533150841298547
439 12677095210227292641
0 9483721389809470049
0 8717566463576333452
440 13695005941226750934
0 104248849451162316
0 13388127594997010665
441 12318988241289671451
0 17850088735561248919
0 3454099316189941901
442 8377667807376568632
0 9169893704209113875
0 3761473634293301329
443 8185451967374509602
0 6350702916010768152
0 14881187945684928365
444 2345780597299384520
0 16096596903858240066
0 9714508361241450103
445 13841863917129859189
0 3967417176397201663
0 7870891769278769579
446 8637322122405722015
0 3891872478067479039
0 3548633628037891001
447 3961737582107006045
0 11599967565138331838
0 4030958528849528496
448 5274151692129889509
0 11270681263432199451
0 7104025459005149174
449 18359036875255394804
0 6768531330552644937
0 18336051844164650054
450 16746548874955006726
0 4503922830855737720
0 7712790166553725436
451 3377988676643008091
0 3840437043622991960
0 15105010376829208810
452 2004959485563309640
0 4682124373516665131
0 17557809745246758702
453 5417201809444047325
0 1177640991341192137
0 3839972006065363080
454 8030705796594676296
0 5629418975912440037
0 13075361952524812297
455 5950754320721871029
0 3331109474720059685
0 6373834586926782774
456 4268641799880196049
0 10184681442418132051
0 18030834375459538971
457 6216937398320934448
0 7172595692993148756
0 17620768846826810575
458 307779096589743311
0 1674726999015415502
0 15856969113479896001
459 6082543032683376910
0 2116207047520346090
0 7042211778076453544
460 6199538975738314398
0 10188760136516980554
0 3020880455867405540
461 4643249237238059192
0 14617260855672094320
0 3830837422002700154
462 6688428598015249910
0 16731923581585606961
0 7384520370925615468
463 9919654200881231301
0 15463708382411665187
0 15542029898950618610
464 6580604104353638754
0 587905984425543715
0 4421037992343792295
465 3132636841824503368
0 12189399138451073721
0 9427872100819605360
466 1757068474262894466
0 2026032765030387468
0 2995694582369162945
467 10025301953567246964
0 18179130649173034
0 14406207848084371003
468 17271822918754933644
0 10661518471866680174
0 11287913634660687551
469 4237561546886840221
0 14788330880273290944
0 12646656909924980150
470 6267896974585130106
0 9252354336701964567
0 687239830000166959
471 3075259598837406312
0 2707227029879592064
0 17190557198411628751
472 10409782853351217568
0 13140010912798944882
0 17169393339392056262
473 14454421009850119891
0 5993978665824172918
0 16365774099088605260
474 12132939109214698476
0 927038087901044609
0 6188929449970692371
475 13558740418798951435
0 4456772728678791694
0 15671590579346736302
476 7708083080832936721
0 5452449436721058226
0 7313771182439150359
477 5266896092341173888
0 2455330744602728453
0 11224338562299538036
478 14142678999501474608
0 10878452187932841387
0 883140139070277295
479 18011362464671506640
0 17460673559957647730
0 12123949364670279908
480 10046910274322827275
0 10418237722197203985
0 9597804333921584646
481 5257865068966738706
0 5586197165533199274
0 16736336737571569480
482 16136067438905035109
0 2440004107737090552
0 12471624001498037846
483 16812922987698004704
0 5674804627284341979
0 9880289072517822359
484 54382877583805106
0 8304386048870924424
0 13256193250897384420
485 5108281464203332895
0 5149655992925275891
0 3340352788746486267
486 5494200342360283460
0 54964792494397072
0 13167712668778685618
487 11753004110660649857
0 15129120501487183889
0 16474851884485161824
488 13998841799333448773
0 15801847626629550605
0 10239747305604711084
489 7650927937067319026
0 8631298932097791057
0 18157502126712854500
490 7969543570692330287
0 5179930993837936250
0 504848575089800131
491 11792112555989457978
0 1115372639060634084
0 16362424232325327727
492 10939653835358068480
0 7659473767608522868
0 2143334505693757232
493 107628993383900890
0 207613919984477913
0 8899081322304102858
494 11321312185108545609
0 7351969449883531596
0 8492840100755820833
495 943108469371914571
0 5868297066302518076
0 3680820281192747505
496 14861090648645066401
0 10077111343046790991
0 161643343451780366
497 17893719129789338422
0 2293474452484473012
0 4589407296254644610
498 8762849575597520124
0 5668265690909923641
0 7551052397981746006
499 944265762368956787
0 1746325256291263861
0 13041959561021285454
500 9429210602802802759
0 3494033979830499506
0 15183073954672336861
501 8995956946974431284
0 18304408638244310034
0 2819170041451526940
502 3260753835626762481
0 12282170482027212850
0 14971723340639004860
503 4327844024063345863
0 2525580056705092285
0 12039871850380757850
504 18052415880024604678
0 15591764120657934622
0 2781562599002193676
505 9761384373347354995
0 7442011630754284300
0 15618225345788995927
506 14206671777991538704
0 13885228670202776376
0 4936931061687864490
507 7574102138394760180
0 17626395798078465347
0 12697806757552290564
508 6683200452618123652
0 17495315441537369676
0 14184948552847547937
509 9821931649080251322
0 10483579120270982539
0 12255935587515093365
510 3711474559741248208
0 2403116234107941903
0 12897980427759502949
511 6734890788860948547
0 903763920397964829
0 14752472311743097852
512 1573981603522323777
0 1133101272379110247
0 17639321996225557865
513 5562299456246919643
0 10707172062466872341
0 12227726255764000307
514 12729855515200060033
0 7295903586991791886
0 8498174835434532228
515 9936929792241702269
0 4700800944529873286
0 5917781254432205275
516 1854714013163246202
0 7082843381093000200
0 8196863001745944864
517 3821625489916169396
0 1817569045302330042
0 10227130636261751671
518 4589918239881069612
0 13544872771402354901
0 11955134507735756767
519 18361002552811916871
0 13842228973999148098
0 12381140209364630489
520 17703698030460411421
0 17366858990764223074
0 6784655132298828554
521 13866016517137114180
0 7352090193116448055
0 4702587202899587076
522 10065027449461883553
0 2652275304292282675
0 1664936977410193916
523 18342354084718954178
0 8763626145881185499
0 18366760205472488969
524 6670996283343531729
0 18058566577477769167
0 15185217978255297789
525 14333240926048307274
0 12162765287928105323
0 7476659728484910451
526 4414085247296682270
0 3371715676299009469
0 5701792647971288499
527 17906926880729847106
0 2875966992795534381
0 9826951144283024644
528 386314230898214032
0 8236395647687758012
0 6952477682207424775
529 15322512650776054997
0 2075414630572486564
0 11165495018069214362
530 13750207148430940679
0 14159601605884789287
0 5286096528693841050
531 14300027198037885804
0 11487675894923004582
0 16474805323674759251
532 3444276917050240687
0 17896186968065099387
0 6589166409894297274
533 5506412638312263418
0 1873832833046371670
0 2966146134958068336
534 12852972748782034243
0 5719442738527037009
0 6609841030295916010
535 5161413649086084400
0 453365370882404534
0 4649664295158181721
536 2682961626476682026
0 12290606934303754819
0 2740143781221779602
537 14249090704046369093
0 1051451221224667120
0 16588459482244905108
538 7990305681793888097
0 13600073777349881954
0 2629219448973063793
539 5066507116039567516
0 7481204551212022022
0 10842057395131411450
540 17208331021857034526
0 17152703177949371788
0 6830360203611109518
541 12411875542546353532
0 1293222311805519619
0 17578797552032968532
542 10226936205897716413
0 8593680311158339182
0 9946790215142821133
543 9518396126592386359
0 9362168658471686817
0 8675585626965060146
544 5251772635790745338
0 5393131961638471049
0 15459273763827587918
545 6068758348694166944
0 7986984026245811486
0 13379132005107176151
546 12607231955831916134
0 2825635568781415691
0 8111933464672634132
547 18357991600370516489
0 2667183795022995573
0 14726512893037182962
548 16234019661155580887
0 15971670409327238172
0 9053224782803020087
549 2669144847729120044
0 6086525142422279338
0 6095543060180423992
550 10121064271465568222
0 16399503181678265681
0 1061066407149489880
551 7189273759022361836
0 17150912544109840899
0 10770985143004066915
552 4989751808139759621
0 15089492011800448031
0 11755725059228171630
553 14472565817318904230
0 12368913720310962710
0 14263967084261788479
554 13796063432009049507
0 6777813352730089803
0 15324692669366398510
555 14563510173089431010
0 2970947811247850700
0 17404192170990400365
556 15093431431021879984
0 10392963341805973444
0 14409004057177762788
557 14948770851210841835
0 8787722860762814915
0 13998906498967407300
558 16233474128713596314
0 6402047453191420526
0 8823508855594450271
559 127075546438673570
0 14674763109489875943
0 15468180459765389697
560 6389662786844956420
0 272053396357283957
0 9528661606092834595
561 7440324794158501343
0 15677375376778776609
0 13236216100946892567
562 2490226447485062551
0 3704868410291078325
0 14865897382497905046
563 13483799289231654834
0 4267134240255771985
0 13466572498940373359
564 9476054658332542252
0 14696652381971564151
0 3925231286250634664
565 6901540614302809497
0 17552934823480974547
0 2592858284544559495
566 7812186520103186171
0 8788685351549410227
0 11843915189028849717
567 8324810270680824155
0 4316559747198353584
0 12220462956667297615
568 2251155868457685336
0 8940492990697525379
0 15355871937778447554
569 8633984491790418709
0 11050509281543169403
0 9535245425346255615
570 2896325755848118385
0 9370598839860246883
0 2518622755723101380
571 12484884135355871456
0 16233088399637086857
0 4296030613473352019
572 3757023004362611726
0 7216416687490098726
0 3183126539622215331
573 8462645416109830356
0 9116091214092869009
0 17341617402570168602
574 5038354957115572517
0 8000651681962662828
0 8783954649309167366
575 7468062462094217180
0 1139180552934098514
0 4903628532755342446
576 11222411073000897277
0 4305256230469255816
0 1945308192073500942
577 18368515061652579122
0 5234967781442159386
0 12670954032211036258
578 7759673509354154710
0 13025797137076136207
0 86728091568112910
579 1605489703944728450
0 15601035420959499968
0 16010148910281217874
580 17012313764509847148
0 1075744776000025719
0 5580898718567728630
581 1035163745801600819
0 16402418134962964440
0 4518187862301370501
582 217653691184705798
0 3123105777230556938
0 15147289865769184478
583 10466499171312441407
0 10411758713056168896
0 17752854908174615475
584 18038843236908821165
0 4065036189801903056
0 8485674009868543508
585 8293330755164613924
0 1578894981694245783
0 7353481116038731230
586 11252417854808051756
0 14202268953954242649
0 17986914549229310764
587 6067086606277661553
0 5751055915704506275
0 11238913362954163450
588 6980463905611959389
0 1803484182875714749
0 5309034249300158646
589 9886325158851013583
0 14695680996618952078
0 12644243445456685582
590 17350653473711550821
0 5943217656591718935
0 5919104419383362394
591 4793740582225519066
0 4076547097276349947
0 4184357204798754426
592 11706699782501841621
0 5822067990698951544
0 12096780670936746411
593 9054849852899961484
0 6333889990879316549
0 3970727502402832068
594 10278636395312364569
0 12682996314328969459
0 3348933605055123603
595 9609666215953395407
0 3159007301809302197
0 10207519694627473314
596 834328942962510087
0 6746119501539820738
0 10454586399336257529
597 2987447718491221798
0 5281543671893978612
0 7312562312687903291
598 13700827877728728106
0 14966800222025287596
0 1510319827758947624
599 8855641147549916435
0 8918103543582927283
0 8589420384987073124
600 13914165830712501717
0 3844960261744569256
0 16371182192622456094
601 11241554647461149779
0 5845082662187351814
0 584084248932644147
602 836657756324581641
0 13705953084315410640
0 14992384224590370479
603 9017388179753584068
0 16537348784049838040
0 1997463220462429582
604 11910908347483965941
0 6196772597927077887
0 16886941519906173034
605 3334648044988356330
0 7309291492574003481
0 14238776308934024953
606 3812970407481847364
0 1881868156709791409
0 11222944761915089710
607 12741811272723348376
0 13164280629113442514
0 16779375666044585001
608 3892920071126407905
0 4568355588917025980
0 17278255748540720962
609 9046875555119308989
0 299455016857469034
0 18342361203510003391
610 4382663749993051322
0 8316153481678612765
0 1174497292421623711
611 2257120675506160625
0 15891099594711645852
0 8636121475436774353
612 1226029393490582451
0 11113310983678213765
0 8338009989676679496
613 7661376139475989601
0 14513395491270645554
0 7066377981872488075
614 13491548955611117625
0 13280754748291407592
0 3085765211347424590
615 2563071626569318943
0 13049719757868976375
0 16171923654254615138
616 8759428830205573477
0 13887860040299955518
0 16636095853287284005
617 15426158591258656992
0 6822973864255957450
0 8675781335996434266
618 2341407647825979346
0 11121025684445449013
0 17623549301518629739
619 9061975476193837037
0 2878943717783842412
0 9174929608253394218
620 1928577518798397679
0 15988543154237381478
0 6658143627052046213
621 2523148448913255102
0 8600247875588896889
0 5433028324026324792
622 3580744248586331600
0 1159113376478202951
0 8203725299719438295
623 11387581818310329300
0 802411120581189834
0 7763950512313461491
624 15234857340811115275
0 4940735760850494888
0 1399857786891108678
625 15400555211746655153
0 1555181124836755671
0 11182823252899488061
626 14310408277265546184
0 15762924034945917333
0 16340685880507851608
627 3691879715764394509
0 7363886657835502651
0 11419543184921689201
628 6605172613090035676
0 8404026398915551108
0 11644345132105317039
629 9742072990472235668
0 5756312012468657645
0 401798675721504403
630 7973367731753989396
0 2536437369046284881
0 2522044309928906463
631 8266834328014026718
0 2395333143629425109
0 389165413094650241
632 11950415661921026959
0 4264132099810254625
0 782418041754776643
633 11605231255074044890
0 5873032316402633906
0 13062309677736741040
634 8680740420625772813
0 13488772448774766009
0 3632193964475078678
635 4757684357028344627
0 11146409871239926842
0 9290939209731167082
636 15481877954933969284
0 10574301636999573687
0 13243339647226545574
637 9673576264545178794
0 916653128669065876
0 1081116549109054047
638 10399375277858470397
0 620453494854912578
0 18289570598064225342
639 6230560633445776746
0 17720635761312000437
0 12704465093885994552
640 15906378297731767095
0 10778571880769659936
0 14859869509743204037
641 15360007162951571623
0 9120905368108067194
0 15914206874622711602
642 8427869891870432371
0 16993968100986507958
0 1877590377992750435
643 13146608958820378558
0 17534198775522108667
0 9617878493506709160
644 16366050619729014675
0 17469449950479982102
0 12184845700581779218
645 17108849174964694482
0 6880369432179238092
0 11539050982919905613
646 10927710925923997891
0 1360296540199226842
0 18439069547137002478
647 5346921573719837119
0 1279471235750868348
0 17480634474549845668
648 17298732724858958553
0 17900821719365437142
0 14152820854185344813
649 2489992797774734579
0 3457053012930098910
0 11239541365700711462
650 8238448882076583250
0 7584960551908189109
0 1748915151536662332
651 6865984493661142892
0 8681139627431665708
0 9363235791661222773
652 13956153336709699776
0 13772253486872614901
0 8957491456667302223
653 3748003404862115814
0 13242953559964073187
0 2704094008008045569
654 10678413711010730880
0 8385984642418420920
0 14835158871009079445
655 10963358201964532594
0 419214626992930986
0 15539353552010580874
656 16443595664493770683
0 16435176127802258078
0 13607176460942220180
657 14281473642853760365
0 6647105420433797398
0 6014674028882716647
658 10859983077869610800
0 17247330440660472702
0 5370541664182229457
659 314003543947377058
0 2869564667259078247
0 2994525854980481617
660 14084921874465017406
0 14728075258056229129
0 8330848788166934825
661 8717153041585318168
0 4106797920802041492
0 1330945248409009928
662 4995460567463359565
0 12952368495525978775
0 16226207804971613242
663 16248269756157454268
0 8441964335620952060
0 10538747548589786137
664 4137683650809006828
0 16282150207298814196
0 9341656957725241518
665 10128550671022152726
0 5301564599083196845
0 10337613948281862051
666 7833107701394182926
0 7355125481404153170
0 2649746630185904537
667 3982014824290963349
0 2243292233606566817
0 15685480030415205815
668 12273845890067255
0 7895470977858154482
0 17943716348811949895
669 10402162520063740348
0 15801062824917884882
0 11241551739340927405
670 5542490390961778347
0 11764319072364410595
0 7046106482161383022
671 6266382666437418948
0 16646589730413748822
0 3868573076572789523
672 11889965385779360655
0 215675109818841274
0 2507301384365159122
673 5081677943668829301
0 10020546977583048254
0 10356394562176174222
674 14272077195971423244
0 7927731453110337732
0 12189501682349305477
675 9186103826743755652
0 582275221291979879
0 12523317597622387697
676 17045334655332510217
0 13761146540013007167
0 12050471153351519457
677 15507158051757528438
0 18367593233455497499
0 12416512690263223004
678 11772793114543570252
0 6169938855804500202
0 1821153124060736987
679 15501048461950220225
0 2395116904483350557
0 11736136650898143155
680 13271027778633016113
0 13007457004833201007
0 12094118004986128917
681 121787619637090090
0 25568868450818942
0 3220383055321366545
682 4696159756074383828
0 11471276027515296492
0 10267959932683516233
683 12185592784948223007
0 10034844697533961829
0 1113537277756274141
684 1922587331366844044
0 1872782660149045276
0 9779639540524567782
685 8752098888163415446
0 16079901071231965212
0 5177231724543498630
686 8352683440226342253
0 12061105090602373891
0 3392062380101832313
687 4955297222700766920
0 753256868175473532
0 7289723516559618234
688 15821470293900018652
0 12916872504375068814
0 15867107800057407049
689 17987401503781632667
0 14597871518943127458
0 15237363532995657599
690 6870483774401915299
0 1421836856863539742
0 401097120341512342
691 15183802324178244368
0 9554236795652545191
0 17739179086887484541
692 9707197321933951062
0 3591936983287512449
0 14759422335076260826
693 8320644186866214472
0 3120309562819165014
0 10221241080665679403
694 17835746596535181004
0 4665988556012663137
0 16691417915657676677
695 6295033742198110925
0 8654664890809885717
0 15459328471491584641
696 12904481023319288900
0 7053255671933016717
0 3954742780844607004
697 15144451131980252360
0 4067064508858593645
0 597102720129163210
698 17351806670659493449
0 1489165824126636778
0 15149633383298300235
699 6849109693778464140
0 17942062463888123345
0 13048953333663629666
700 1647431390819976114
0 19603850102564761
0 12508327678154952088
701 8073863594170263746
0 1753312721668593090
0 9113043263855323324
702 2517013390252952116
0 16180373630273761798
0 3683700663165783185
703 12945210149747252484
0 8176782118451871996
0 4627631427763401937
704 4040604770468286742
0 10952133943604750809
0 8398155848020379631
705 5512443427744268021
0 11556150915194367049
0 5641547370331858831
706 13887342372768158773
0 1794479040446525173
0 8897352438749614893
707 14077705708885560999
0 14872280363338414580
0 6330647981556025688
708 16424835570157993802
0 9042520898568055596
0 13503727142527023944
709 6251777649835113103
0 11849269572167435858
0 947115813609451388
710 6890166507941087813
0 14050222391171035214
0 9793496664115871697
711 16907124861960777624
0 8803414422717476127
0 15183005426116812838
712 3754744680172804514
0 3759419495081037911
0 6695184405974511778
713 6052972641816505012
0 5277407120290111919
0 5123541575487768076
714 12988290447484074813
0 7978239826735001213
0 8925521002057040190
715 11756768776812949728
0 2750717038839556789
0 9515698908534096617
716 13867891517304172194
0 17880501247932703205
0 13166036653607170059
717 7514040900777939468
0 16090297549778218820
0 17896700164857764047
718 8860817773664016830
0 8096612046701849576
0 3038184489066922715
719 41373853223953627
0 6338945891104208357
0 13898232501635825374
720 15133361460262427665
0 10804929841334173761
0 7868917746244482225
721 4886765554893785882
0 910464729007948651
0 5904917866643500230
722 2992839327361575473
0 17442500793506966986
0 14027928848064963790
723 14349549423505602835
0 12305225001446521639
0 15263618688001004079
724 6989512792352993544
0 8736297549210675185
0 5555367039450148373
725 9073501343307833089
0 13928287558446726659
0 14373730155190823362
726 9875083879664263335
0 15829511659922807093
0 5941203400307704210
727 5808329479113596599
0 14396411365330301489
0 1651862638700360445
728 16007423105498837530
0 14134383966503389753
0 16214459351988439796
729 11550632693184790590
0 7715808710799354076
0 4640865665136865978
730 16317663341842067116
0 7260703683471160691
0 12735909587829434577
731 6846107825742146405
0 15674207608824879760
0 10325455630914833684
732 8238396853721649742
0 14080726545037189497
0 13225810637546898011
733 5445155061299298924
0 2302552514459966296
0 4384673438043339010
734 4180915610379943070
0 15834803239229045189
0 15561308556240908333
735 4981322031907014394
0 9783540754227288385
0 5384608758403240548
736 7216038481018350688
0 1184259997526578873
0 12993733709029128579
737 6532652930945871657
0 18018094097490158708
0 6954046635009348358
738 674849627350074739
0 5576669803310540398
0 845673518047152457
739 3395664225261460864
0 17746046741553108767
0 7900332662905406738
740 11217865276215704121
0 2840059368405718290
0 6258222961454187546
741 11908366141769283189
0 8377338768233967467
0 8651112657211120994
742 4409705999289041589
0 16410758198565754539
0 3789083822009075439
743 17133928185388824390
0 5364850418181145390
0 361259562017614164
744 15468672848473236097
0 5002448204515959339
0 17977234307596885313
745 1191359626555873462
0 1402262817565998821
0 790371514563826338
746 9643287582025029746
0 8718189246052100064
0 9591387142281894830
747 7192571483704145427
0 3859871657962358857
0 12091961924322127012
748 6572635396082697408
0 611091088467608880
0 5409643834369662789
749 5578836054167519290
0 11944337922062878221
0 12381384821566588511
750 1814484380095318086
0 1369388547121891881
0 17637239938853879475
751 487107860365877565
0 6094036864934920383
0 13069793137245483418
752 16556139388287720675
0 14102196264270469783
0 7909781435333890047
753 5097894792222609898
0 11000630119992243614
0 8659543795377105393
754 3526392444475561923
0 7200832256526806896
0 11069728249382793883
755 18021613944620865654
0 10818999445322694171
0 13671549815938455556
756 17809896234514890717
0 15417291508564171966
0 13022627918710545899
757 3337104716588411927
0 3390092985392171039
0 6168808410897259397
758 14451484820280164806
0 10050082325565398427
0 10052466502957212310
759 5558928634541133083
0 12203940442680412600
0 13217371769183816810
760 6884434045740851058
0 7771869357586560850
0 7981432754526803554
761 6233591980911009590
0 12740388039044644117
0 8287234005408555847
762 9213058362175508126
0 10920134756677785893
0 7298627699322587197
763 18404615431073782886
0 2940672233769575404
0 7114097764273092339
764 9388420808072845033
0 12729094734352813431
0 4825397751592011213
765 3942147938078445010
0 12544878281856797874
0 61018495138415776
766 6190034296908097986
0 6822387445578606450
0 15343447548802196739
767 1305031321477134256
0 901635130218600212
0 3478264040286948267
768 7508648026550071574
0 9566529868762177282
0 10445185612626348648
769 8432273144735818449
0 11283034332608223326
0 1437851212677576825
770 12547293719286278740
0 3718853206170051841
0 4388775648798944388
771 4680447321349119220
0 4084558153592925261
0 14902095970459788533
772 10493614721116110577
0 9829675847537841215
0 16197202517518823984
773 16201310664558484864
0 11690232587681962947
0 1285776499351232346
774 10819951636551331868
0 16270890849918971392
0 6242042088108238928
775 8215519471045687357
0 11143592826507136066
0 15531444052616579341
776 12291989719175457192
0 8216425691390160410
0 15924996929475520636
777 8514880227147626728
0 9010637426226425968
0 12712582534183849608
778 6605361751451764710
0 16878631384700738736
0 3065647336623198975
779 15679198730301463578
0 9838271035656040364
0 15093938221592485165
780 18263496851088515412
0 12969460291788733605
0 8642390070951051082
781 11698605290344321987
0 4892053226378896506
0 10968571526336731812
782 8769699674329273762
0 10918666921987328082
0 12897028799059713619
783 2728711939510479720
0 3546070515566405822
0 8834455375419450364
784 17717782846766878182
0 17740666549262328780
0 1269079237752006023
785 13265222709376276311
0 12916794364747149223
0 11363383800460807185
786 8710908854702131141
0 5825985617364889154
0 14499849910454871542
787 9191269596420813100
0 1024118436757968495
0 16070616857089253401
788 545202368066767577
0 1484394671818993267
0 4970124539409279388
789 8044699007720972855
0 3256765393020676936
0 9513658261276602880
790 10348139001075113710
0 3969735669392360756
0 1840405250436377716
791 9114164730546595293
0 3189499803449965862
0 14183817375788406277
792 14777441405572756881
0 17783794417525448226
0 686540773058304427
793 14752461489853204269
0 8088084791974362797
0 1543627268068639149
794 9592857602095066489
0 9221327988485217025
0 14625429589475773365
795 3311748922870228811
0 2942905078800294684
0 3018589525721442700
796 8420564007351530893
0 1069721677032245687
0 12494651043537496936
797 10044557792631076108
0 10913917179992303423
0 5152666391561125293
798 6522456825425187474
0 10347655331530159666
0 14674881743558409334
799 265055177097131104
0 15182428926146740012
0 14874639321156113873
800 935512160572185150
0 5224633039047391708
0 5824171743976590973
801 17764912507311808878
0 1152323429885816072
0 383629004190242553
802 1420407806822917552
0 8037193826545824966
0 8643599690677050316
803 12532948654742380350
0 4859221922744436451
0 15573672844293438687
804 15898059700414907685
0 11242220034843064696
0 11115670940488250038
805 15940232151013218644
0 18139070482491484105
0 7945427347054902607
806 7903213052766507889
0 4170720334258597783
0 3621649476431145838
807 5842896685044643771
0 9148992868553623012
0 13548337104067067552
808 3824393175721658128
0 9446954917175607110
0 1313786414433551660
809 12757330995162292374
0 16575528117616595396
0 14970146637914009257
810 13103441977739464141
0 8432259981240576315
0 18104947718631323729
811 15562516480759817042
0 1002776591338435497
0 12452035038039736846
812 977686831455391265
0 382602432542842452
0 9875980032867578193
813 9914023455797170823
0 17897051353421469553
0 12318807605924770472
814 5890168574469787945
0 9103508119664512668
0 14518421200851663439
815 17528980879705241138
0 13138784906164613122
0 13128957394017075543
816 9864265219856728974
0 8513180145502918594
0 8197937418870634188
817 15699078696155686313
0 10757141478369555759
0 7645585687815226673
818 18311526531675439363
0 4947455648737797423
0 12881425044126515525
819 1034502313976279683
0 8024888902395781112
0 13295317702074571222
820 13669677972863781688
0 5416550518986184153
0 17881595881805587764
821 2856017567891900546
0 7271184505891935301
0 4936292753475930243
822 8105745009409719665
0 972817010192125385
0 7470377030128927098
823 15167358978402081552
0 7903624872538802919
0 12069298820491501495
824 12036037651949632498
0 9987158546408355637
0 308592061823639760
825 17717638679530420506
0 3471863869082939086
0 2465052237026093086
826 14269816440637255811
0 4071813682334857301
0 2055660207309652108
827 13740927450928181483
0 4332935949458717290
0 5836516180315270473
828 18397264255612880367
0 15559252483848061717
0 10551635259374173221
829 4724326729082472409
0 15052614609474768212
0 11784630268374784964
830 6660949347590376210
0 16220125013806432424
0 4194748729543446715
831 17526739995058691020
0 5587054121263648564
0 3889582813248658355
832 5421934413135342936
0 16837332616065880447
0 8847622005701490312
833 7544102242477203990
0 5278916355539581304
0 12618552289861951955
834 11355899893956395251
0 17730661098447396779
0 11384575042169268678
835 5276279271604943029
0 3176773239894340489
0 15368914275624838576
836 10947624032064422954
0 3808845881927503681
0 14797484488253050933
837 15914006354404901462
0 4870377008989665698
0 12238341954920455150
838 13566681885494765125
0 7032981362187517464
0 1376796394913203348
839 797841317456637510
0 3252011131184709193
0 954492191860971334
840 9266404618588925232
0 3780484131384296787
0 560644945811019142
841 756717193383707256
0 14028435089651103829
0 10473017766929943749
842 6209754602116922239
0 3417712965601324997
0 5785060269297087259
843 12751153961283393727
0 14356330296180353360
0 18125764499035916397
844 14166005865039515728
0 15846260144924378269
0 7218182061794213363
845 4948323874649655314
0 1001069316895596851
0 7965562832174432503
846 2523272412923258227
0 18291109877039073870
0 8426030369506403451
847 15650211764373481479
0 18120753825553158626
0 3816002580921224225
848 13205494743040105025
0 4357122421257246773
0 248354487905802077
849 13775249010847956757
0 13356873156099372217
0 14299591763562160757
850 16395167124918815554
0 990142620338672588
0 6912666579734553024
851 13310834376338078703
0 6124942578580062839
0 12024594113843537694
852 9565737962797729763
0 4687583146860034543
0 1735256285118566374
853 17855210076258057072
0 10558563004051708611
0 8701622149888493447
854 6754776912768138757
0 14543962537455898797
0 6355234981120300873
855 4438209810072473475
0 9699465095732974057
0 2651789634407151882
856 9166569364136639844
0 4474353497590927176
0 1187196305136868387
857 13072834037916841367
0 3542022120894379556
0 12541671078013963274
858 14835817783445190010
0 289863979329624797
0 14754646272940224292
859 4353556875179361627
0 1041770481336501730
0 3257399243341441170
860 3353314713440369188
0 90997323917829363
0 12221491196299731885
861 16620864963441155835
0 13243468489884206605
0 6741912225657830657
862 8165958886353232654
0 5404251343679084741
0 10497969490240500333
863 9656277119867779503
0 4285854793386547612
0 1611055398826246595
864 7009862037726629571
0 3873174457744825055
0 16955180009772390604
865 15884961868020404752
0 10587697439437686945
0 11527307981301229839
866 7170618822766194238
0 16386833911589002779
0 18356555743658345694
867 3877911620687710772
0 7373493252800181902
0 1871558659785150656
868 1561093608679217571
0 6068816137926039403
0 9662052137802336277
869 6758594037808889082
0 17366084745733632114
0 16394914233515303040
870 13421109752813670047
0 1709296714503039746
0 11268217068374663573
871 1552923801129179877
0 1094240652935388424
0 16366105225957598203
872 11461956101226216839
0 4603702533701318591
0 17913038126638575089
873 11241115710348352726
0 11323587734601221197
0 14596414141446682487
874 9717608507057809320
0 7769373510198917205
0 6019724694920922178
875 18007260590628580641
0 13519843405698782772
0 2876963946706732811
876 6420920818111176127
0 14983671017913064096
0 29855738797934448
877 1359586988268748106
0 186415081289750558
0 2695012071889219735
878 440641438341948483
0 216533504215966311
0 12683717146517283735
879 9104563124441501270
0 4248173203630557694
0 17405747521497159131
880 2230269878751954787
0 9201713602101813792
0 12842656565875671778
881 12847848007393386722
0 10491302472660846065
0 1666099697840067774
882 1120213555039762645
0 393307692302580562
0 13515919551453115713
883 2915008933517407661
0 6581299829994114770
0 16780456876310164411
884 8781657937490147558
0 16953644019363501648
0 7417801975385903052
885 7886046221377970388
0 13184972012582490154
0 163628529280809584
886 18379134666583299386
0 7460621665910144942
0 10169809958018154383
887 13234522992268322644
0 813933249572752727
0 12317376269808123087
888 4212014873923553967
0 14798236705003243186
0 9625653157659964321
889 13488111053097563993
0 16111835318459380276
0 13246693736706902439
890 13286591553892896628
0 9394135136509698004
0 16214407906818158112
891 6168699109861894257
0 11540429697596248807
0 11240556342936667639
892 7277032521742267592
0 2219197145941876977
0 13389806575282372754
893 8144612046185491164
0 300801590564672490
0 2776095460344482298
894 15627136283983738230
0 14521384675252285554
0 9838447658945677878
895 5387232706791612410
0 6086639772059091097
0 12584320338712731126
896 6738467728438413779
0 14544715371309769235
0 1747448743027421408
897 14868558618265060843
0 3855358780888449539
0 2201336839512018704
898 3247038736959303352
0 11846117215840224549
0 8912427821642167561
899 5111487270662034131
0 12439752839956500212
0 13039531158820514779
900 4179081679662909817
0 8664148275235284260
0 17820960303561643133
901 14329372068116398965
0 2763428572690162987
0 8371104767120131901
902 9280835790175851361
0 2566919815764630968
0 517224937290813954
903 14062009248761385822
0 4965589906000899770
0 3486062161925482498
904 12795364505254223924
0 14159611687400217352
0 2291837494122058227
905 15324026058163739398
0 4431066388205229074
0 1921062015242765985
906 4124705579122504803
0 17866159886545257929
0 6065514140888843007
907 810854572519210080
0 17010788159662303946
0 424286823779374836
908 3201510245553946313
0 2548630568845089976
0 15169439101192957906
909 3448415347179386686
0 5199657499260977129
0 7924189854349640119
910 5404988123393594387
0 4747108555907558080
0 14757805629983808933
911 8486854724614127230
0 11433477296361711574
0 17222825262617684852
912 7324093427016467500
0 1134391684208052700
0 16048488962304367891
913 14213378143045433048
0 18061326418876688975
0 12984861129284788442
914 17948692601161441476
0 9542613930409104730
0 4368750436613836869
915 1884396459751825936
0 15578841483361617949
0 7365076200815902847
916 4121217199120054228
0 9584214036123323328
0 2274518802994525798
917 1496269368510225829
0 2096421946640263405
0 12922682972928386934
918 12803084484249013785
0 8337958007269509823
0 8318272669994542117
919 1786803725138502581
0 8175369106295285385
0 17198246428106040133
920 13682795898967662533
0 5706642029105333567
0 11702245390024442893
921 4047092270931237225
0 10724463550485470599
0 18189596711192183111
922 17026686512705840121
0 2706747755887170556
0 12105253994278877710
923 14139805780335758283
0 8389311368639891212
0 12887742479125772637
924 3696966932735479308
0 8855582306499199785
0 2214539577852883695
925 13477220612686200927
0 8423839049135135783
0 17284345301147423466
926 7583685535148140244
0 4353261247281138451
0 6700149536108026411
927 15152899007064622774
0 6511550983023123418
0 7923790364916615264
928 18370280713375142774
0 14177469792254487622
0 2245711405048191528
929 15471785661971319454
0 1307161104252665963
0 14883987484254787502
930 3461368404801787433
0 9294899653513334915
0 5206083083310860781
931 7250034793986847957
0 12527306965214314523
0 9688622480505547364
932 15946284270724309560
0 8882163294842620920
0 10452675160486485647
933 1858362638862373181
0 11393386687001654986
0 15051542683863479998
934 8759429354352320829
0 13333101209066701965
0 15593364962984002628
935 2574825860729403174
0 7863250387487365149
0 10644457389759847653
936 5692810658438977819
0 18185365983596811454
0 13087822889687641369
937 18009069747170287338
0 5927954439457307395
0 16709157087537552187
938 12856274759076767329
0 1066730335979589431
0 17570072927523379628
939 17325755965871466127
0 10191531723040741274
0 2997040980593060262
940 8868550154254833136
0 13123457503002975481
0 10750134253569133717
941 16041787929041418136
0 10760269966657303013
0 18338254224006098482
942 12998323854081916824
0 2494109563329448524
0 15935573170928920328
943 1433568808529035056
0 2582347184515433908
0 4223391862372682621
944 9796074246021847375
0 971494138240765722
0 11434702213333248447
945 1354016295991381659
0 1626405218732187799
0 8660945440486730875
946 14863508286329565602
0 853498295417244689
0 12194927990708601849
947 1648848071383014369
0 13994680177267556782
0 11689782101408179262
948 14004273136123028656
0 1141232485351352952
0 4036249084709237241
949 12210543656419240551
0 14954256560664297343
0 14033856030269564997
950 6296849903790200501
0 17968621886869381129
0 8714864679203992924
951 6028773063788708437
0 72049959489776731
0 6752229881266498787
952 17846317927887413650
0 15259625322077602930
0 8843301522148091400
953 16466565361654997656
0 17598346148831595051
0 9708341188808797391
954 1280866395733740025
0 14167724430541234339
0 9523433713896312611
955 2039880669018597826
0 2461864867581739933
0 5365869304552174643
956 6525809486706272598
0 3190385021352712101
0 17140508923886288920
957 11274554579815493172
0 6576024870278168800
0 4137676336333210266
958 8885775786934866882
0 8160490834872921493
0 7032466064393570133
959 14570392519942627349
0 3504140604682934870
0 5926531489652656440
960 16512111643275679694
0 3318524049636545559
0 8634335383822506805
961 601291712098502746
0 11729088452120507193
0 10244598238153168309
962 12877192673803837204
0 18354459082999346244
0 4962679622396010051
963 17444585832586390780
0 15565466509373548592
0 8692962972648448815
964 16703076360164441819
0 17792253008660916708
0 339322837888023602
965 12756499651798347639
0 14058143266236660232
0 10377554615903109153
966 9190480091759035763
0 8356880543412904291
0 1660081396144401243
967 10526451407129918100
0 2293350627553351749
0 2967996046777815247
968 609042474551263074
0 6650951137917561562
0 13895826974000362403
969 7178408327831445875
0 7477659221186463588
0 1387249862079403380
970 16381255684946327696
0 16403340980427215856
0 10398176236599756341
971 6277505398829098758
0 16585788250174581979
0 15312484079147566456
972 17712508224433434654
0 8877799904101538407
0 5329967597335163717
973 3099432863944071750
0 10478958230885833954
0 364333387177480825
974 1328887630967428290
0 14236313931117395761
0 13209239295910461582
975 9607119146827784344
0 13733721216460348199
0 9373237363956450540
976 2649928701339565478
0 17425605306901420548
0 13412633458268359845
977 8626068817624906480
0 10068325345577966433
0 5787628906213954305
978 4627722031427081858
0 13555695401556816793
0 8392063777945422340
979 7622917056543961065
0 14561309137906345784
0 9330913873529771288
980 13343597642338798067
0 15995762876336178899
0 7716654667248297772
981 3859680389182946292
0 12193357844450302789
0 16409539560347976437
982 53383060171852877
0 7989960743501546983
0 5621411086114959448
983 2696933064626128466
0 14579506331446699901
0 16593528434543743993
984 15066042297765138932
0 12914848168101246054
0 9263326346036640943
985 6492330417474582083
0 8012653152620281751
0 4420158382591191153
986 16889698722848516510
0 1752698987737267788
0 13519126339846350836
987 1747273931753087441
0 7635798771917139212
0 8740507491688393468
988 11116433535362084022
0 17516481361696410750
0 2977051927139750775
989 13920881941726466034
0 10340927365139911705
0 8654265895131259327
990 14000590256924830803
0 8648945723329656971
0 15570877671170299196
991 7275176486816439383
0 540927944095468007
0 8226553481709301254
992 13664453580380898874
0 10035333147976965201
0 13845888509901428950
993 18093587409927580358
0 10723207134047588744
0 9013113579599238636
994 8550269068206439894
0 4315086388455600729
0 13697473605590618249
995 11811312300934305528
0 7578104988007365731
0 11584666768784365720
996 10497522580754678368
0 14951382029475635192
0 16566250861919853023
997 16181125894945897580
0 8562222010563505214
0 13051882421779178326
998 1642675597118146174
0 12808503195258221412
0 2405538932097150994
999 16979678410731429471
0 5410204021325950225
0 8041456913049834337
1000 6158701267475782257
0 11043168565040822398
0 5535545340070643219
