3595755094
1501919290
3484394958
1211007754
307008616
2199363180
685131221
1517066104
4233030880
847390315
1368220566
3532415206
3870685594
1937996006
4258044795
2464404228
2441330767
640799036
2432272267
435911673
1962001637
471393287
1930927394
2844165892
1389353965
3087555184
1020003518
3189498378
2492614911
3713943690
1632925196
1272091817
1823511673
3022500078
3932644274
2767016261
3104556242
3475802574
1018270079
272987431
3966130467
3978110803
3507279822
3442706289
523580986
880756725
3046606376
2536249181
1570419265
1277068589
1431497258
1543624446
1430522518
1511326677
222672137
1290341086
405188727
2711049030
3834297383
1058151824
2781734567
1235328263
1215207118
3110740792
652954162
3423726122
3177953499
1852168157
2249274095
1789784768
733576627
661420643
1512282553
1890605580
805870167
2518338964
2877598282
3058845736
750243630
3207882524
1743902258
3066971009
1712501027
4237361489
3102374706
1010966461
2204199776
2449970585
3163158922
3442283915
2886502082
128649878
806391643
1973169982
3360766722
581334406
3831853129
1943639930
3740019784
2346674895
2844185345
3722975512
2527114857
940942385
3145317420
429416516
2353735299
538312298
1611406878
4105552272
2652514140
1207797358
1699148281
510200743
1712033330
3954898723
394488849
1013074853
1809186489
3276618962
2692844986
4051096834
2385609821
2548032942
3236530919
2469377216
928571597
3704399380
4143301471
3530710817
1470634650
2048442079
2201645951
1888221105
2848409903
514408727
3363354576
879077016
1228512247
1957154227
3364804814
242130502
844461213
3422243552
3848409281
241514798
585674456
2745360053
443726924
1167217317
1176047259
3873950995
1672859827
2444406301
470781758
392857046
3242148725
3773408923
348262199
383758190
2360848557
1815034538
1823128397
824434020
3793195735
2163533981
3084475388
718133891
928539163
2124235453
4214830507
1797696688
3972020773
372992179
4163837716
2985459487
108633058
1564831520
2569509042
68600770
2118080904
3853104016
799869539
2638947156
3485684248
3343026595
2771555838
2216253672
190157557
2151155977
136663180
1058876050
2953949619
2526634001
594230765
3256559782
3299792924
3879855800
3345646584
2676338128
2895017153
3383544144
40071290
4016713960
1947029473
69393087
1147530509
438241537
565286527
3817241080
1265771892
2308379516
2241360688
2882306229
4119833951
4095501672
570270412
372431308
1840157246
650490561
1351917416
434680401
1953792397
2518966082
40695853
3365394173
2864321267
1104358053
2273483789
3528773422
1307376595
2060564870
1289914805
1484909320
1413292763
2900627445
997225073
4189876046
38134062
3625419118
1123057839
3572914757
3541667737
4217887251
2845150359
3627190533
301029931
2754732554
3180669999
331760326
3188677819
53137926
3261549828
1820371186
2199496959
3845223943
3766962854
3816169430
1340535427
45998272
2640850861
644138163
398030375
3615774153
2350831564
2403478649
690151127
2717632918
938677276
2987421962
1212603999
98883795
3188885379
2470149270
4276223336
156996691
2718162883
481339111
2745550830
2410287346
1053872449
1732147680
266147779
2843415457
962446983
3253197351
617076904
1131516694
989733678
265586629
3876940015
331460067
3161056870
2610719985
2160687395
1362289757
3482605327
730638076
131829493
1385240885
669853774
1993415524
15149704
2213451773
568750323
364968683
3926449353
2317725404
4038113609
1433765078
1245031380
1213704154
823455274
2771131416
4203085597
3730849863
3198872248
1741053741
1386985434
3028549366
1152252193
821179803
686861287
3275739337
2787661316
2839073746
1709540449
3699871070
3852709526
3845671510
1472346400
3735258551
2517753148
1611713859
2863941871
658053570
2871758854
1179154017
3219340040
272223435
1931565547
780117901
248760965
2611022853
1520114126
3001266123
2280061521
438976370
975082453
3475981794
1899976742
1488720071
3079575177
60676190
2488673509
3175537812
3832514714
1929937660
2002382445
1029284880
3310980524
2653679706
3645103238
425457598
924002060
1361029538
2887638017
468876729
584795999
2842728041
1131967614
3028219705
587062558
1056319774
3646959511
197664708
862223877
3364410483
2929589819
2215824699
329665064
2837697992
3490159596
842535665
1243097887
2059275892
3823638271
4188688030
1217546113
795064065
875387714
2447007552
554666425
3186411067
2316673649
3729465538
2463009093
3995126777
2726848670
2013975313
2882285477
2746869296
2443881069
1406254720
2584954990
783628960
3583741100
1424029461
742445762
3268176694
1411993752
1661515732
5315658
4134051095
265136681
2311664643
2575813221
4283849730
3761853356
803542805
3625813941
485568359
2988882379
282819607
4179169015
918756210
3346026719
3001246331
223380801
3791693620
3307592780
4006708955
2527357193
3712653286
3213025323
921952186
3026032550
2781174145
554459759
672102907
3463665191
4237201056
2258622724
4258448256
924517086
2217087686
4223096961
1214512552
592930825
3531920273
3760539921
349191654
2974438951
2149697993
1949957271
2787911244
772636764
769128550
3492951056
967977932
3126382731
471098445
1639040032
62936640
2635332874
3691517606
2257597253
11843786
4142370978
1261114156
2059643272
2775139701
1836874043
2966714433
724011157
3267472044
2469418764
2967044015
3456261761
1855526391
1619718412
3048618449
2473029454
3803302202
1580585449
3280295573
2290679612
2770281378
3353001037
3402386733
876060317
1152042359
3949298431
2009830536
3390626862
2296810121
2229031269
2569118866
1579394635
3306820850
2029152000
943044858
1619814984
3472540990
3730453972
4021069779
2372950716
3829423070
1879780779
153994472
2715220037
1474866896
4233306794
1808487068
233927586
141242782
1571610226
1537484668
3942875405
3733790443
1300556897
1838734259
2366114030
2294802572
3265853381
2143399358
3283251731
2275689145
1444982549
3303905027
1440698595
3595297753
1810556646
1361468284
1750151137
2873521015
477950701
718993916
627733564
2696087955
2107460820
888612218
2263256287
2832349081
3493327524
1730569410
3477816300
3906125340
3718618181
1223797105
3100542855
2904611036
1761279431
4204347300
3619925483
2991399653
792899438
680684026
3854012731
2010232007
3989167096
1753897041
961005370
2809682024
974528696
956150270
1647558364
2409449137
2439662122
4109804891
1313475879
3037086153
3834429301
3979227753
1764806726
697383068
2868774975
115210201
2154773818
1374317415
3823617759
856239125
2210826641
3336144225
2988304704
479524018
1619964505
1746008122
198549275
2597538354
1490197029
301720535
606226776
3139021125
2003170332
3054872961
436693207
3456492887
1508867180
2318961545
568473505
2394204195
1621680030
1967644171
2375431020
496684431
627426014
2916010647
635207472
346590343
508073543
4242655058
2739309743
113313437
2203097042
2501456186
281541208
3437186044
114494792
2342403785
432140169
3654633810
2143540942
3540222636
1713216034
2705346468
1102957065
2470411510
1415075084
1716286235
154526300
4093418641
2418780138
1434246143
74481208
3780249606
3947276245
3025411168
1578885965
1955341900
618670042
3235511639
288992799
721326919
1006748370
174453493
723779952
1743439461
1280844704
2643689949
1154993980
3050818804
1010813467
2720234798
2203480189
3260643816
1900594579
3779661962
345458408
1796049823
3534173705
3298679523
52921835
2452100359
981965348
1232197162
576563644
1614714258
1909699073
2016221657
2886643904
2446677732
872020481
2878720029
2128980185
1517300059
1099062422
493830485
2838597277
1268060848
335736956
4229750900
2746611930
155051259
3473434113
3354741646
1658732627
697837600
776067873
2215695961
773014762
913148657
845896741
324859994
1765969345
1649845889
2348768904
3546387550
2805717577
1872310891
332644555
350311647
2042389261
3304979055
1017989962
3495538428
3477505558
4262853274
2955699179
1409135439
2958051719
1074322603
336702124
3035794039
552351249
114604445
3342273236
2221573274
284621078
4106515814
3334503771
2098995776
3898214257
546160094
3869954549
1978151833
412979237
2490669053
1075635303
2724409387
3884860799
1558070605
1965269595
3370394689
1080581773
1923117460
2899201112
1706947953
4268940092
1166909402
3875719741
2811260451
2591566318
61635006
2826782937
659170741
10952614
1935330408
1615230349
2575997084
3292498448
447754372
2612551559
3577555832
1568383233
349171892
4161044580
1695461793
116346975
914401608
3162936272
3620216748
2721363465
830065415
423533758
1772408960
2182475266
3639730841
1999122892
3679823467
2974559687
2912828106
3918907425
2139983836
4047316805
932389117
4077597920
1395901715
2387909079
1763834607
1985085317
2973462593
1876773013
3717319626
2075667266
3292013349
2864751783
3524871099
643668792
2243411342
2471558687
1516668975
1267099300
1053135072
2961968505
3223451139
3328269632
3412519171
50111562
3518969533
3868339653
1686759319
2933005296
45169727
2073098663
3914655952
864551378
2712254185
464974072
3579829688
1894836407
2381891811
3454823859
205552104
3726073868
4249604139
3541640462
1200904770
2367044767
3467059402
136291125
3357713181
1533418570
3878533807
21296584
1684086726
3117929223
2525754241
1510118033
1138377700
1518315892
1433512741
2258012117
2062991330
2641702539
3508200335
2117884563
2360779765
472140660
178118605
2521462768
3755148458
1581348882
1517292898
2567052940
923413665
747576086
384504305
1288158117
3474391334
2130250971
2537318025
1777324349
3652898418
3873904425
1794214766
2112174703
382023701
2042569082
3963622147
3355811404
479028990
169361442
825843806
1503977324
2887191609
3648050650
42666624
540661358
1178753389
4054226850
1712162912
3006201055
1994199224
1653717359
3635752406
3936031123
3560531308
1803813480
3637282845
2626968438
903578371
3108164842
2517912055
365850940
229705773
2585931851
416532419
1900234826
882635430
1040608407
4105252827
1134156799
195096348
1097354981
1071277677
3401835228
1783339196
324306248
745685375
1225686366
3260946823
4152610625
3845362323
1371467570
1524099506
4098194827
1638191391
1538880093
317643806
3717310892
2837319336
1345823390
3323159117
1067838009
797937255
949321989
2936219262
1883457883
573545503
4161629183
3348726529
2626280891
2945212779
1815159769
135868546
3678953847
4244520496
2537169068
1963493174
903356866
3855378500
907451023
562097480
4160757285
2525935091
1896297263
1502087375
495249625
114457343
629713023
3644341166
312349938
2595572282
1612877560
3837437043
2428390086
3342241553
3224768414
4255149035
2237594010
3377552966
3151617510
66302945
2707606115
2220628890
1598598960
2413841116
700106645
3130457136
2000068672
3581583572
2451197787
1541641079
626450832
3947880363
1479111492
3197046177
739319354
1639407403
2584439664
1076402507
2824988303
3771260253
770981269
371741616
3169373549
2177632803
3806623445
3922203409
3371490503
2956302033
2208475229
3524506454
1353207572
3088794128
4054887444
4061215254
2424139281
3485914639
1777025056
1791838162
3898736805
456870166
4281908201
1231065579
39194310
2307314873
4044286955
2749233361
