17171776760539619208
1446450694454549549
16373938568706959023
8832448895220564434
9650548414529228304
14723091530555224003
3825227197505132868
16077046553714660790
455667859603028686
1405072081467090254
14602884076172686725
13888870340353348995
11973276035421450237
16812046266549387007
7289046110978042992
8329152611028489082
1948705269704007391
10503837927303347358
7346614599955661479
6239920335347169296
17921162423191433693
5414676546989013343
13028840136863218639
11613297698472905072
5196762679217161585
3002033867837292179
888499702839074124
10874617047176996776
497765986077515465
7081521181752119425
2209611485623486821
4884723848417470469
4052151497869705670
8348263369880537188
6284812247455486067
14023453161951545887
6684501393877266958
4619519384091353547
15406166087394199523
9010947932695594549
9363978609122882628
3708233288866710292
2272919654317514607
14478571752878205055
6003628264576061357
16155435280705454649
10669479853082657181
13926562033717024185
12158985053978643133
9195598145970655202
7624699110911337978
9231836047233998283
8805733671973258954
5220605367834505784
12319871189640961429
17867585778493773829
15983685053515926286
14090707758456982927
1780354727916469714
10509218084831717850
9655746763470546964
2852132735220746232
8041005068667554360
4354129749971261897
18235279476055275414
18434992360490775402
5170132906248595933
7246783422499116122
792801814108824150
3204512158015457856
1852466897847153403
10916020210324776319
12111921538225362654
17258888059421966777
2692322443028644264
1862175442878727028
6675919253986984415
2684051038238467542
11318186312706215962
10247873326232393405
35976056273479321
11771489128834008087
16618161209632443228
3920476274720063680
1637285150265452054
11193300400650429324
13024666725134175114
6029064588414860776
3112250422795664119
7480551849501702347
17261435421146803880
8799203625644143696
1998179618621231187
14048132779160022173
18059988150447408926
13976736456124975080
16760109665851839302
6957009175026329283
9171907264511326494
17713892570667234129
791489625829730416
911040964009433624
2483330859189683297
17619454362708070743
16125418274715407253
11552541953509675535
1133256129268559864
18245301398546894533
4305155885451083200
10672884552547778322
11836612124580885272
9001627590455528545
13493708717058356852
7979269318447798433
6286110037577183456
10953393151783757952
17283407269069341812
13540834721099396556
302209825691839618
12121234749208008515
9344686329287005809
8844738599912311959
12882061652145859609
18253016781993293237
8827033768765221605
13847528747774537183
6081001654229155540
12597812982967511177
2805421892067627207
4309819103022853933
14827623221885167190
2987003570857918162
16399952434302820746
3397459009992463644
14218170488071148961
5984168275368036123
5038458475713731468
391049440869536350
3941990412791335135
15992465499220074494
9458197138819045645
17226907110584757034
8752974537156186937
3783874613327319082
17307999718521236674
10437646336964891314
697144413152836807
6616829734217410193
16402897865468200114
216777817622912190
4976331876161065021
16545244059090316178
7184557694835708213
12980092303257176933
10642281511452574198
6314778712881763247
17317376579906659539
7933972175259137688
7919476149365521637
15370711931908312469
15550501012760971236
653474136189833976
17561024710559324077
17490222210255068376
17281083839775724186
13811597128521068762
6536773208318144510
7212172333070377380
13783135779612829267
777180422587157518
12247162358406069775
17619864022537811364
14791531623149835540
9620953732020125247
13304929522232680350
4314809850177372548
4015984134675452103
10814032489274172825
17944620791890362154
6425733866392954028
14711530788143444768
14621043103031032350
13284772115741221726
7508089874672892322
6235466845323890447
9929591877656549335
2092308226334460633
16763240318690883957
4713265976037102826
17716734254061350906
4371108618355920478
16549252024393733483
9570934758848466195
8810264889571715998
14000801681230901628
3829089880430580636
8878755091802013150
5767331468026434739
12686865775694546551
15017080127420644234
16011116912808956220
17006354065527746008
14533437836694517770
8572742001428519767
7383687084823007252
1976248431655959013
2252082982450484200
16765863190290804683
4007393414038695301
15335195654895038369
7956386013652976258
12262620086445101707
16601922923307938234
5873417531056195537
12531732588488165554
13879201110482050486
7603035444508439832
2134349970974361583
312366986282680731
14356402653510532871
6332903983799460075
2649505966344394012
12002972811686329620
5021987170378122069
15270804858307283094
11824484235737524756
16354603944656609351
11112802430124190700
13444555582949154228
5924018655135161337
11690172900419500329
3479320053202011772
15687396644038524880
973143185473340439
17081245328577859841
7271114918430163444
16689353974091164491
6357883619516140506
16934884115268552470
13961462101495037267
2652946492278046445
12074761628831327600
2812521963611923696
5710288036237659323
10022554080612280637
16075266179636386460
12642370546870813994
213484472983481250
14564661443395647337
6071550015719199606
14493342093881273650
16593750634027201431
11065404670615451352
13011921780501050364
8609870103767527362
10909478511202607134
3195636861046978298
10406115454712881189
14708265507753773267
5378063467857988124
11308931805790534688
11379602797866488026
6033343094728702726
11573206873026319266
434659558895724650
15515510688801653428
12883988019294324102
8663162033894405062
10825998798892166959
17030482588433824447
13976664278659180822
4764646954440165540
17020798800498396320
4875310398802340376
16885065978598304529
17730567319595637358
3799491082771620249
9846061191980448572
9625689234067152081
14634816574736649921
17627693474721266192
12514578938235379765
4042483410919861135
16711705065057753815
13440421724546900062
14262607918682519757
10568483949386060473
18030936123886604251
7944961746070845665
15907892951762298295
14080274304427705392
3076245375710475165
17750100199010918964
6104897617019913112
6097607150487394986
17307715353405987199
7902554952717316017
5871477273411305770
8064354146574002173
16736861219651217835
7680828416124795697
6542776720965448152
1840805907684283377
2943407661137013925
8040048683753504030
1613342647896809614
2512885277576350304
17287641495126720543
9777979504689181580
15135317435011181424
2059286815650615644
11463507724279878012
4499747893430873500
17395078821499772199
12756424748881546077
10168614882500676864
5403148710251591466
14114311137439448453
7911224784214726246
15537043436911187381
25670799414954074
12889312961287010310
12841645766058936624
12221489151629658011
14251395853439478490
763181659188536009
533371605332040466
8255699462646461740
2195054973294896300
11057354846314603920
12184138956821405666
14946864223478344092
16320058651337092201
16430084040440750304
12131972729817624426
3223168136828807083
1192845833021036889
8017596580729395927
13759115085310845328
439626194203007927
9383931725459543412
13668330312505920860
3303730972187917292
12893251047322785081
7095532624103730091
9084816053133558046
3405131983201535356
12702042615027551797
5499110884547507781
8592209654031418033
16768955891093033018
3688058522417779447
16710549426523864619
10532088611789863301
11974177840115775724
10021845748191527424
11751782425855643521
8863820598546223533
502096839298325439
4900966946728777076
10859519217767691338
6891561129636359012
13975612983198824984
13445386340754690722
6301975461043995875
11521360066731295411
1755125827205536885
7572149129188250230
404401292737710974
17388008369966979507
8096086094103850828
15024673171297491769
11594414538811043941
17650038433837776692
10371984057887903149
16522985144088853518
15854782885695051471
6645454288542396905
17116168512887755883
10841533290574337802
11815935569137633744
11000334124700087528
8629852622061486053
13508911218260551667
18015855783385489154
10277252433863581609
9512299887216012633
11304389835835559058
2047636116797503780
2896298990088103964
5417605901223421391
787188846009210964
15093944342498787055
4566172330034980850
16855232167484234595
7332612582020996069
9105284491890762930
2455263613497592276
5391975582146986617
16516054164264321404
4456349741861825387
4774197665777370655
3966975086183099911
9083344255014236342
2733860071749411379
37531470530804165
2861783390482815396
14806046127479747578
16078688285833622484
5758015228188635326
6085468707910785360
6350264707350841134
11745787537464667239
9724562359952014008
5981773134026120679
17457380405066984728
12422818864428394395
8913581583407499625
16395168685982348246
9750913607610901716
7291310438961081663
5518895445830125429
2609132549440039386
10030879817522244787
13968772564135075936
2017315251473439497
12943697780749040932
16241837817563352581
16196832596806451786
16584507083219309157
11013098047101157894
111772268665688620
14969559662262637853
209263282410598898
6151697335526424466
2822763189546049781
920312496425026764
16010782252849529213
17318582498177419239
2740969527145205087
5821892356414293476
13454319008948753481
17865440063596521194
863486424914904248
17082456455892351427
938628740907022468
7835396982062341672
6649592581325678287
4901999790327370117
5886210997078720627
16870718073721822240
7052342042352991571
3149871571147554117
1842606029022454280
14987975851937792596
7944214264419160122
6104422438752752640
18249794142199769891
3575681422824762778
9796797765383082919
7725803613792080779
14189524114303797268
1799355212579911769
7828806040427627333
10635042655359817750
17168144679414124598
6005373816342093252
5557280115205054262
10816286313773023238
16027084219364917958
4948254112692396121
16814141383369420783
7445577859461637872
17267443867257060338
13468784238146679736
2793338909627333093
92472618133504910
13598933698072602566
1761324892722919694
7177311863323316656
3710233812730651329
15206012473541068802
12385519628578311759
18439157263897861583
514767971455800501
5171823080090647635
5914736870744065047
5304534374013029865
9885370072355249507
17074817316430510518
4824211302892991521
10477099258807507724
11582418998358018193
4881544844662973505
5096372005480938703
1910987261486269209
14150953080735659406
8371367109355253135
11197989886741568518
17140657517428094959
1778170035443624038
9034305678130304188
1823168482110542629
15326754747473299828
4988053470002772349
18225889336043805890
8154054849487761596
7864019794499009933
2436865428842926588
17302476993241530668
9733852998207340492
115269483640035106
5086162809364363219
2700956963797410793
11012994146235271956
7169886533036060197
18311045965604371699
10096893976254654778
3021778499806140276
11373200984400484842
6298933757393385314
2816645895586543536
17706252322721252257
694733894271879967
5839072677194862793
1275620493508554395
14045566651621918561
3250550521541694333
2975183837084752263
13750603634232326497
5796408729807164605
7785348329486992147
17697252871592696661
11093140814238817463
15809600322175289523
5770820359004453486
7483883116619281208
7580526064253767306
15499479526381149198
17027758609283883507
4493649962948231463
7725654198069570268
2275659438788102383
2351441126723909813
16832961235539712586
1241329214587189499
18113410659167483621
18234329252321268157
7446756017419597489
4785753650123859762
1248592919528620918
15482412948042719945
4405515291829899761
5830430032752628317
121119918013625221
16236638689143216654
12213700642503369628
11486807467304089527
641348671680460982
3822271062865975768
14237228274130708560
3320163705235805566
16204952948904311125
14623879376515023903
750965167254669405
16733358374453956876
11069961221403526183
1729401680176802316
8159588667245758062
11073494377295424018
14742129439189651152
16030465237719486882
18257463314644600420
16648883061788976028
10353935172176702385
14053771339524192585
14717136802950344953
26563873260638776
8088842867889759577
6495930935397199501
3370724056321661648
18152992676468409755
13836285760702957185
12586714263551711364
2265923244335923299
11190551982118201774
1465222456901844648
2081377165839867184
13220547972626503048
7896589622348873017
10503288815143489242
9401940654521450738
10412846538482629479
17038825131242648384
12781758980755583276
11957389076109560961
5172384427266855388
840829415721665507
10507569681599636994
17125730355247681207
15587556603188783327
7091615553800347121
8465037735620596034
8927890456263501800
6549958918166164643
3693204991628178062
8971536550694627664
6178805638720059809
4576643231643658229
9688056586636583095
10128302999684957685
10468651791873898536
7057476832457089929
17255366421601018624
4128281531081957764
6905814139949950665
2965485789030926204
13428194788632223983
18279070323736575526
12474740791378599741
2949231393406720787
585368206797760838
8583491085777139613
3114276660094855283
13656256731493843052
1527042425970434304
1366408615240650705
118428281752391330
16275726978440751706
4933330870808942315
11056065657952743441
4488190968914210503
13226035086038657603
8797733112278531625
11572296021340943911
2670297665688780703
3133520367914886043
1082274061643091615
4613674235192239151
12411363977044100265
11070666786730739905
8201296789950806056
11466830940218077713
12631462256534045238
16642029358811736234
4093480612176731688
5733735817450155463
1702487826508842679
10523747667025428744
11322883882576971149
5527563679529481128
7689254879810790445
5685783361071101691
7112917952558626567
3499641796074103136
18391962608018927053
2773895338852667107
6412664150720157444
4139941669549630980
5879514265709635453
7620906972648067623
7002687790402890403
3582122169217557169
17322884657784747917
11192037352210607422
17872412791977762399
8183509845998180265
10515503232129388067
7504555866141543763
3290471177253693020
16507121837828477483
13955273645724557536
1956495201617730681
15010102048636011813
8620083707852067987
11704622648873257530
12655217137411077607
15667513355049862725
11286181464277868344
6739051600597133931
12345774703746595577
13885664290031841182
7757649777625853741
12163476537990783345
11512988000525203352
9875388301788320068
17945034080768150913
2826415157243536527
12189172811309083511
844268259536552223
3027994835280156078
12368630556460012631
9584880144502630531
15498828049719618400
11032555439765018304
5777013870062189027
8272496120480519676
18050427170447563522
16838815590221440325
5852728917874402361
9223261586717168443
14378628011486614432
10334213077304794053
17791275204584654069
9781923837354410473
2229010892908688447
825430634129289724
1274780847900521521
16943062071137453059
13082835860983304559
14761802983047222448
12461179640710989174
5219041910039573023
4135211522419852082
3547910349458221383
5917274060983086447
3746098644173244435
6135508945880369276
14844207050446989827
7273598476336675529
9130510144901679733
10326543403062550842
14744122759813206163
17805601755618528154
9060721937127412053
8699471408282347756
4990348444995868410
13564627886262423401
7863521881913022467
2487406167320524868
13790396909344273585
7951606890104425032
1222707121568445805
13001471751653193083
263481855380695393
8314576995009031783
15529940654009867707
8980505434491662091
1727926003050753853
7643796966465834876
12667212060416430620
5949400635013932089
1678549011826965630
13358318391917766637
10647047439490659839
13040784574687359240
17757887928613116788
9088472429569479832
14369251541637168641
16466966377898210612
12511634144413609291
18260713024914848167
995097164415255992
727259147962964489
616877898179410350
13343786168133554932
11085882450935878971
4434032608747116388
12369424878484930225
1157168032135846475
6691027402048627
15325020385112859610
452340273745684787
1221910773503992275
4103475414934380414
11653565954869838838
568413225431337230
16857380155262210129
6831024145036427598
9817393357835645994
6885224128054802056
5196845403833605470
13263824780637080023
1121585957077387542
1075206821953347857
9268509736022978232
1863763577875592765
1459622429629591483
11658343430735085892
16630604677698445837
11767290811105078364
7291251950337854565
10347851093734591750
4610792299002345438
15402625448943206561
10854599758514323048
1145453619490901542
6545529266441978633
7975033591055554132
781883252429502420
4471680859142849407
15427189567474777801
10213399453737442929
11434288999985772519
2352219583208361443
12720552670822820978
8434584753809410001
9371409100317926895
4147704199324054680
15196031575131157330
3020401650694410827
6937849464219188308
5288454947892919493
316345522596819875
17858640012435669113
8599654669608008146
10820289470237656497
4383878684276938016
6410734838763637468
12633140929187290035
2623021791381774158
4583926839532729445
1059989792748701345
6441573660039521412
12096826908657911018
13124869551374749903
15403626077867801242
12343563041574886628
5793180051386728326
10564677535275003845
8024231266065249602
14109835451422333206
10208463179533448532
12806322185122551812
12473130236132966364
10319549801482009110
6949991215898760380
17226483191524679027
14396742663580461672
11760077013779058921
1671734492415582923
2169138096044900649
6795950604193710423
6834283575275110365
10894799651663321367
14602280975393067588
10312993971282420751
121296027208077505
15079317837136212727
2289944111820920022
3241498609778363001
8594295763417701371
4284693856345103621
6784226177578018047
15606517707174355798
12916661235868214106
7978494246482309389
16304251779416193242
7110547448731671313
13034562760799222625
17128853868495130840
581820460572630798
15063489028522592783
5805272092990938764
4925351318219651791
16758608215718365495
16094549264720066979
7476664142019299421
13343675704934722631
6948189519512362104
483006844691852
99744921403138584
853578508807769123
160364148061208239
5928624389864174021
4808880037463567847
7239544148345867534
1623644981362526210
13607387102597841506
1999382997751047332
7378139136303199337
16428658217132319242
11525344012112177722
3932185838562059389
4233575359316813515
5230968261618672056
13303056974211410203
14589342382709811078
439956193632139340
13634598922619660861
13447797656065295988
592087222338254811
13243677189801731537
9667273493879674730
9358456356383767491
4113817338518960264
11361825987385351843
16481009950453445822
2209136018271792130
4807166681388521266
10528468261811776686
8739230742072262306
3430379563758788861
8232731846665596034
7593495680133237032
13587553826957536555
18313449238771833550
17104939857507588837
13502528161989714938
8350007355235059941
13316926847921662802
3307861855878945908
10651104734837737436
12271374169872202057
2523818774184062795
10849035090660738351
4215125805721207938
5804619473094555475
5817512739026235611
10773213355873297142
7510749795567752196
5922572403240216131
1498191385685534714
11638006281080919002
11643165610995206188
16445506993317896177
15474959878661193580
3663561543335773520
7862778370647310122
16754930049149698065
5878942168286956357
14591366259059912738
13962801599591503114
13152214018011857221
15461092736919313028
15252516921274202675
15533838183463758444
16527602577242751817
15703862429607559827
4056300608958640074
5402221122500458143
13041270551377041779
17685426456775586667
6912522552533290817
905588354392556499
12277457164531412262
11779835992388716947
883245188448558200
13676625882371056208
3505138323568499362
2482304663380004401
15833906341317223267
119611590470908692
9770989941058041282
3930169515235240195
13027631190251406511
17214559961095417409
16959515287264983342
15953704623552681502
10106463087444158204
8892354715960955772
9788536340364328524
3210495683559021181
11549461409967415535
15897098654458519511
18315621543439379099
9169475884454970032
1542331546072509244
12933366565664272758
17387264071153455490
9303746390646964313
13675657773785476320
3130351468074362756
16903807054137534418
16420572614393499925
5676446203547342172
8382242844659191576
485272827421102936
17813292513132781299
15646197906454024630
14801334771801233911
2512570398941514743
8477109711610192262
15013656805459036711
2348066451753594601
9677240740503577827
15898288283234107205
17693748903149111715
17037195502571792359
1176691363337039107
3976366587190558333
6508677395655020368
649246495563491102
16973550149119069741
8208424258872150502
184910914469783617
7844410631032964666
7013972037239568928
17504083823603813430
59189003010855470
7263621958181221252
2879829082312074017
18015205552892556944
15581383084272851006
2299070133408831024
786387289031382926
10850736103716034247
12842736466455591640
12619758166821013352
5539784220979121277
