1694854706
4171159864
3179652950
3179899453
3888682224
1658378043
2882358535
3885131130
2849615726
2457719940
529837617
4034071660
4272050526
2493367000
2912217769
1734550324
3344692398
3804881387
996766185
1259404195
1312991436
881338721
4006590357
2439903122
1665032243
3083698908
3337563619
2859471022
3874180714
2652563198
2334979863
444400408
2783235369
2944100918
3408068910
1861469248
393573263
3826902640
988931694
993294375
1127544599
3147339420
3849235098
4183937460
1907478735
729676111
2712066903
1634489175
643402662
3450570065
2714987887
1085539865
1926698725
3674849223
3951527509
2827730743
3018789377
150654394
4077887736
1079316721
1459101096
904737283
2475137997
2114366786
613826387
301417116
2667913699
3348694021
3180621538
4031875715
4040247756
3702119241
870581933
85541240
1000864807
1594238146
1184000049
3642021555
604082825
2187097254
3200140772
3658205334
1274747318
1314799086
1257179527
1824814676
848627912
4156927100
290443428
2785725756
3629188540
492371940
1460170251
1195748127
2749775407
2703841336
1487205881
365397077
4287978822
2020430935
824746669
2676657385
327675809
783155721
3199293078
2988486521
1930720999
727158396
3749350241
2417377717
1548712080
2198938013
4236105744
2156426082
1694002353
1429516179
4208704772
1894871338
2227724576
2664797708
1834899358
810996667
4052086922
3492489272
3407889263
1296221746
1222444125
3978137391
1199146972
4119547133
2034390225
2960754535
1113382550
2698825345
1133110691
3676935670
2610442302
2471496462
2259616342
1356736955
4163797835
1396443255
1558517421
3027315399
1738986790
3119927780
4037772141
2929209202
1104455078
4162124088
1405776755
1603937568
3490341544
1694664847
4146515365
4180442550
2568051405
1965992699
2596358204
1939866813
932685615
3681437822
1895261695
627974567
1472127892
3738055615
1123112805
1719884685
996524368
3667156790
2634818522
3938527765
1641045138
985820069
1164508087
1511767469
128616329
2549706643
2358496590
3981405277
1021897851
2718330931
1776812542
2713872969
442606744
4025393432
756188937
4152508954
214144304
2221939098
1221062619
1522963263
1134101299
766570029
3406779516
3533015061
1476071385
676955838
2687072675
2095584288
3258202827
1073933801
35391106
1800614092
649351268
2554623008
3262628577
1731885593
527222339
1292812979
2613747094
4285261175
1941958033
3884653010
3394003972
3751902386
324664020
1992461824
471633324
202819470
784135927
4276832302
2755539026
3780067107
2082970403
2745255163
4106511744
1355040546
597988639
912254519
1600482223
1274998032
3195232212
3122368725
2172652472
641675939
3407797483
4225957460
1736672806
3815249902
1871233488
2777067932
2082814507
812688466
3984425777
1797700749
2490591671
1696210362
1873890823
2625208731
1362845182
3032050857
2030956159
3710461166
199930022
2047031812
4126532417
1824346195
1778581655
274754835
1955270046
134582088
4087427458
2763174025
3800832681
44752144
2755984189
1913909945
4106111668
638070635
3475483204
1356974996
1154799799
2814692624
3893655468
170069988
751712445
3302750207
2868572275
62628058
2840819879
342506393
946815794
3879585937
890552753
3399961539
1881606496
1659886641
3414898816
139450469
1869957567
1707941901
3398201729
161519188
787127218
61724621
4045320583
851971948
1453235173
3823134493
3708261504
348009265
2248409791
2452629920
3919821110
19455473
247192448
2884582136
2914515699
4071669451
2345950545
3906025578
2338201764
3008636324
1165485976
471879566
3209873869
1467153094
797345346
1960277660
574416168
1911235525
1076578101
1194106512
571077964
37503952
2406567525
735681950
3848981637
2331156940
982485620
1260749804
3588622213
563073997
767537312
3929557403
3584656385
1311746557
1560698149
2732500601
1715314739
4243973660
2827877433
1160916025
3313179329
2946462595
1901121363
4150463635
403702818
1911151670
500132636
1079027861
1443737237
3203690925
1232904098
1194951945
3033028485
1518012986
3514011883
2452621193
441489523
3716872567
641452656
2417822122
1728424309
2607297302
3114590971
3894039590
999703279
3824391537
1065631887
1247506592
3568422701
245721584
1049402282
1867666915
72673363
1258857066
3835312084
3688754977
4111248036
2092581312
538709719
1599073051
617327593
2110093383
16043329
1797747163
501370651
2887591439
23821864
2611959668
910041438
2238504833
1439139088
4102536023
314284909
23616355
2953915857
930903731
234478901
1317027300
527140887
3828007887
3287380609
3284292580
777407552
4062247365
2681373689
1428278377
642746922
3086041418
3556048758
1690248413
517469904
1906633331
1637530389
1358008357
2721199958
2865176613
1115742169
216408355
2054020887
199200351
4013722018
4033520339
203550518
2930419650
3121058811
3439890795
1869877975
2974663760
1717007315
2779268866
2989298700
1062315922
1872670851
752217640
4098123948
1210616540
1937025824
3977697097
4081394835
18247240
2700780445
3756369288
1259841513
3042275343
1354416085
755466713
516197983
1900098382
800956506
3351680019
61369563
803042716
3050156707
3824209355
3811387466
2081767288
2747686035
3746450153
2471821813
802678553
2944891548
1892447434
3767027969
3334166551
364701779
3968525246
815947963
1375902139
1125364002
4160967698
1926075967
395670280
2544350122
618856012
164607407
2893184213
1595680689
3986670825
2092670496
1524663506
2740272996
2443056730
3221438923
1808620699
3158046658
3122560980
640697707
2021814772
3257723077
295797759
602860291
563266818
1604878753
2418451808
514456685
3774819227
3837481719
2390931206
913399483
3988565997
815083559
2455617392
4109668959
1649073826
198833128
23908569
2613031359
2827034729
177303893
2351835964
989867578
884004891
2829831011
4189628235
4252238082
4218797347
1274057999
2970408472
1446899986
1929065929
2224285284
6352267
2593973524
3310398667
3240376417
3366194842
2398317875
4174010110
520877124
3659381075
1136636497
2439133692
509217504
144774600
734724533
1459189400
1868401594
313996750
3800811608
3083722508
1021941409
3160166010
2932265408
125854798
3186994275
160155440
3647906033
554159782
2856174960
1308748020
1386707355
939347203
2107717727
548205315
2525754550
2439652426
2313047300
4287416451
3045917730
1642013757
2863268191
962990540
1193484591
748354360
1518131471
2395510722
3136790251
1321065284
84945157
4225472583
2260990212
1210517158
3481942848
1244700760
862613259
2851978638
2491248651
753902873
867278939
2223538922
4167169209
3307187818
3651929732
1886761506
2390808075
3615379059
2414286919
1287554421
1865338498
554589446
1174246908
1759444194
3141093111
823786270
1159907812
544072331
481501230
2076453329
3984162568
2106884191
2029620028
2302776603
1853833763
1089209178
3898561129
3194849030
1336831460
211810252
733478721
1782848350
1947517998
838781608
3504502051
268733191
1660984224
1256447603
3622297339
3292982367
840317207
4114415261
1860985290
1803582160
2602054580
1190091031
2333883956
1169889252
4022515643
2420579533
957338442
3048518616
3610514630
3465084214
3976713105
1665803822
3466197554
794640825
1741914824
4097005857
3778964953
629637393
1633116741
2545691749
3545661045
982797138
748538986
281775920
2232870088
1488804257
3789991022
674280757
202472856
2053765620
354950316
2912153152
2149775374
4075805625
888747356
2570962133
2375597534
1462077065
1250676726
75408186
2777090568
2985154659
3224427000
1153002449
1823019631
1525241148
2617847132
2783650430
1932782423
3083655268
1736387070
1931538098
2104074058
3621329165
321783
3055801948
1580374224
1862589977
955000089
3699155848
3758851066
70241396
3726331224
2783357501
3286496277
4053790597
2234342017
3843860852
1336322314
4144794916
852566108
1246702047
873982176
3055521860
397861062
1167525895
3847382457
257278138
896835154
1420932825
2044676502
2859340815
3086289313
667167008
3979815854
4164610457
3832454543
794285326
1928977056
480491359
3886988650
16880420
3242137008
15821022
635068998
2614542279
3286885364
1104328131
200857804
3104277688
2418532058
823957904
1870210387
1251200420
2476682272
169296976
3283549452
1563773353
4196453353
1393350323
3083163972
3008238752
2951608376
3722693250
3546726762
3100854335
688794809
498228037
3795180422
3056629297
3655572867
109767101
3233072172
1529754353
3422632766
1574984059
542415369
3697622276
442219170
2320752470
240778001
2081430644
1042894916
1244498226
152067378
369139786
1272595020
1618551871
1709163860
2251113924
148398560
4099700728
3749854459
124181896
3906113604
3926627280
1806201848
238955357
251226520
3942812858
2514729777
149134612
2917626083
4268238992
2753364979
2927254033
1240956311
446168108
2408590527
3311417138
1263040489
3555401049
1062508844
449711549
1916543409
775765063
730213563
884131940
3518376589
911730870
1105777674
1456258849
2579229731
1472404281
2877314506
3067490083
1200795496
621416760
547769266
1890835578
566901060
197318504
2457954590
2504826881
3178202817
1970020903
3295407362
2898043589
2428236826
461446211
3419797120
3238050422
2125038235
3388068183
2434693493
3965997474
1732824977
69138177
4041138542
3635328394
2498126192
459157915
1624518032
3528395343
369185520
1328616602
1017411782
2098994005
3669152515
2945942909
1047974582
140536090
575723684
3165535222
3713665009
1923853760
3484045629
2946498330
4285341870
4272652087
2337293666
304689407
1962928880
2043506757
1379317361
1436902591
629385938
3521023143
3492516557
3013078427
2160609978
4045658898
1196200789
2741865207
3354109914
3571380898
2595668172
972070446
752859865
562025601
1206085562
3185433470
2313084340
2533368495
3312221973
635701080
1269836845
2024731006
83157829
4042813785
3469291368
962966798
761552364
1773165842
2207001692
1423017686
1031192568
2919522291
2899764042
3722415613
3248066267
1086995762
684150542
3971870196
1950741725
1609195602
3982034629
4019889833
4167044222
2691731854
499816840
1517354505
4143311920
3431861840
756239778
717741997
85896848
3658977499
2023899168
2729156557
890250509
2931123243
1110484656
4288473715
2235619092
2638806306
1664246979
2240066819
3942695321
702274285
3820804456
2079091149
3613294249
42812727
4282069101
1675002914
4289247593
2895683017
673919410
456518371
3943505864
2559735018
56112750
2805750948
4211444561
1330263002
3798119374
324675887
364304005
1203540576
804028270
3266876386
1338029102
4051903377
309698172
2546082821
95948831
311209955
2277378796
4101685482
1068850970
3155541468
2022345840
1365673038
2203659784
1453808860
2741982418
3405737323
80147632
606431389
2325380777
1903701256
65890138
1409100347
1514940336
861857575
1934304747
4146757355
3311720732
1542573117
2277913383
2623254226
3232491207
2396576257
612606531
224528574
2832041709
425257584
3056112185
3949170097
2236712635
1791149184
468309499
2621111854
622465109
1433936944
1806959809
2881179561
2507065319
2595024039
3801597531
1786830981
1854643604
270523579
3464578832
3706206011
1563230916
411720142
1778663576
1607189182
257844355
2580270443
2894811997
1154218963
