1 413353987
2 1822757181
3 3883181281
4 2913668722
5 3910792124
6 154955001
7 433395403
8 1328626096
9 4041377421
10 2956693124
11 949097254
12 1098955777
13 4184422136
14 1795033285
15 3602416683
16 1946471289
17 3134742705
18 388207040
19 431922413
20 1549897603
21 1827602909
22 1134087368
23 1273955682
24 4252322354
25 3871392991
26 3436099680
27 2542666946
28 3120626824
29 3884454628
30 1255520437
31 2325317298
32 728763805
33 3275423621
34 2978449635
35 1649985069
36 4281370958
37 521503000
38 1940965222
39 767846809
40 748511879
41 3423799822
42 4150493761
43 1844411194
44 2625617346
45 4227034490
46 1797719876
47 1795545818
48 582935273
49 2288165366
50 3911076545
51 1507260533
52 3986191145
53 2109805582
54 3565410256
55 3400603080
56 2992654912
57 2890251784
58 1944530119
59 1485723705
60 1590395401
61 1285952969
62 1620998643
63 2336487211
64 1961628531
65 127920098
66 2364767489
67 886805960
68 1449713373
69 2859704134
70 3040433765
71 1119657766
72 746380363
73 297120399
74 3137183261
75 640644920
76 2686726055
77 3776189858
78 50655046
79 1324584653
80 1537415986
81 1875880597
82 1750854963
83 2443575493
84 2190317723
85 3395465135
86 1094178099
87 2458467728
88 1618182467
89 398877984
90 3359824620
91 2401026727
92 1541375427
93 1116167567
94 1926875486
95 3432596729
96 3129747300
97 917418005
98 2847812355
99 1375299734
100 3768909180
101 1139324902
102 1166896301
103 751310454
104 3176530284
105 1348285765
106 2752503411
107 918533617
108 295221912
109 3819605183
110 2227070762
111 1730094910
112 2431191506
113 928266762
114 3245439508
115 691202922
116 1698411351
117 3410727685
118 3719718786
119 2761674434
120 2674747957
121 318958780
122 2004014975
123 1983410205
124 4223864255
125 1736169825
126 620550218
127 3292188909
128 436850504
129 1395673177
130 4019358398
131 3369002135
132 1796451334
133 1110447219
134 203708966
135 2045476037
136 511788798
137 1734200860
138 1345050450
139 3833834233
140 3699357007
141 545337833
142 2016153094
143 3642329374
144 3064574454
145 2880085813
146 3474994130
147 1230573094
148 1488628624
149 3127931911
150 1869705364
151 231412491
152 1317221744
153 2017243900
154 683936363
155 1952200835
156 3360021927
157 2272688067
158 34010503
159 820645587
160 1827647499
161 1677316093
162 901072774
163 3943602232
164 729672269
165 568672643
166 1014689236
167 90800495
168 2839139931
169 258497787
170 2569752574
171 2436354198
172 2432006369
173 3960040790
174 1682478931
175 320519988
176 910800025
177 21347943
178 3174576500
179 3717141856
180 1117939156
181 3223290721
182 3358409777
183 1282681014
184 2528720741
185 4212960338
186 2889396557
187 1633638214
188 3309570671
189 3111311225
190 3745082967
191 3003962765
192 999122655
193 3086497630
194 2627490799
195 710387829
196 526475326
197 3948487617
198 3083471827
199 3687427484
200 2073651000
201 1349027765
202 294105673
203 4112845179
204 3295333847
205 1660564180
206 2989500654
207 4169049147
208 2872546775
209 178381618
210 627049443
211 3066281302
212 19189748
213 3963450147
214 1846214273
215 635966922
216 755784755
217 1794056233
218 2247425840
219 1467826322
220 3067871171
221 3033821094
222 1066683416
223 2750656094
224 1662173829
225 3062329236
226 1708473398
227 2164470200
228 3680675530
229 1517800676
230 1595295903
231 2243575938
232 1203304421
233 3297511990
234 1476408882
235 2814836127
236 3733007383
237 1656849320
238 1682749795
239 3534687711
240 3039056960
241 1159338541
242 2356127404
243 2581847546
244 1815560865
245 3554048050
246 566845362
247 201281946
248 3363515118
249 2110945375
250 4226072158
251 2313732210
252 2705098080
253 2691970843
254 2316203251
255 33476709
256 2208461638
257 3399680335
258 2777491246
259 3020383238
260 485773545
261 1510950607
262 3848984974
263 62789601
264 1589192705
265 3332739482
266 1870933137
267 3265138862
268 2077872217
269 2689676998
270 2822344617
271 3384335643
272 4085651689
273 760014801
274 1735674437
275 1352091058
276 943829977
277 3778574101
278 813011687
279 1885585986
280 416598758
281 1194232169
282 3689349241
283 879048826
284 3635716596
285 1357686124
286 2851099763
287 3901932935
288 3503862480
289 2532481037
290 1945932868
291 11583112
292 35209704
293 525015579
294 470019333
295 903517989
296 461075391
297 1062593822
298 2766087775
299 2011995316
300 4293069426
301 1210964174
302 1874860054
303 4234497167
304 1256849109
305 14823718
306 730763776
307 218829700
308 3633150362
309 136861493
310 2059604458
311 291334511
312 3499291034
313 520533774
314 1035250970
315 1459758921
316 1855825561
317 1908995204
318 211126952
319 1591381327
320 1240345409
321 1496908508
322 896346148
323 1488948794
324 4240146004
325 2829965908
326 4194169318
327 171511842
328 1699238175
329 2109750560
330 1456975346
331 2553726273
332 3884215817
333 796577827
334 1040936599
335 677117443
336 1840472800
337 928654652
338 2282396976
339 491797030
340 87583965
341 3309035832
342 3964947812
343 3577777636
344 2291623718
345 3291428627
346 4093676106
347 63972346
348 3036724195
349 1737344512
350 717772893
351 3295296234
352 3989725621
353 4137628731
354 71357215
355 1926557526
356 1752700618
357 3784106253
358 3654173028
359 1052455914
360 1456559561
361 4032744749
362 2361149562
363 604154698
364 4067434707
365 1898956015
366 3623910714
367 3812321437
368 2327801877
369 3781445488
370 133106687
371 1786964780
372 355906426
373 1081363324
374 1012884834
375 1994545389
376 4070013537
377 619698759
378 3104253110
379 1309623372
380 2050206922
381 76619865
382 3572446529
383 3218187449
384 1471128004
385 2217495601
386 1513871023
387 581818316
388 263339684
389 806879228
390 1456695910
391 3687640874
392 888868738
393 1670877969
394 2911884060
395 955852985
396 1614031768
397 1307327568
398 2658490473
399 30346634
400 2118939508
401 4190943702
402 2048800580
403 2734929145
404 37595463
405 2906858950
406 2141464870
407 2358679181
408 2060031540
409 2436078791
410 2656178952
411 3146189864
412 1187461562
413 2022464280
414 3690386455
415 1907419557
416 609023582
417 1935003769
418 24376003
419 1132535085
420 4106186962
421 3777028275
422 3068271828
423 3214844162
424 967215994
425 2866274274
426 465755556
427 3069321988
428 1565552372
429 3429598561
430 790564548
431 1670426096
432 1524810796
433 3365923020
434 311884652
435 1621692142
436 1606347059
437 2984889000
438 1540348629
439 1941163111
440 1663539186
441 846276995
442 1468369380
443 4252280540
444 2099531626
445 4026511038
446 2954151042
447 1596815464
448 1081388041
449 3812033630
450 2241256224
451 3163887362
452 142912215
453 2202856087
454 3701925110
455 2063713860
456 1593484263
457 1899142048
458 2259639893
459 1942679620
460 3431065170
461 2175524987
462 3278988538
463 276621908
464 3003122707
465 3351377383
466 1374964524
467 3990092935
468 1770486017
469 158940159
470 2798953087
471 2343151643
472 1835687959
473 2476281984
474 1699351108
475 162949310
476 4240390058
477 2618017899
478 2731531792
479 3393182360
480 2186783663
481 751001617
482 3815623090
483 1843741149
484 1309678143
485 3952314821
486 906384139
487 2756422795
488 2599615757
489 2532064842
490 2310149360
491 2144778684
492 1878786021
493 1070874190
494 777722595
495 1675872465
496 4027109247
497 1568273567
498 1790886046
499 961243302
500 1846032467
501 633673099
502 3893676551
503 2960503826
504 3757892172
505 2044808352
506 2384867972
507 2858809546
508 857060196
509 4169939021
510 2198867096
511 2990187243
512 3500579432
513 4164971459
514 279347829
515 203982636
516 2500426628
517 4141864209
518 3277390666
519 104484716
520 2592986438
521 4113341940
522 3686631238
523 3667446699
524 1590028805
525 2886512863
526 973157878
527 325698440
528 1847552197
529 102362266
530 3605806230
531 303072903
532 1614005033
533 1464430503
534 3960506551
535 3689048281
536 4215799722
537 2919366822
538 646005041
539 3020509664
540 3323850067
541 1123972768
542 4059307691
543 2795257836
544 2741865617
545 1838465461
546 3014665224
547 1561141357
548 953703496
549 3869732646
550 4024203296
551 4147665160
552 1116349434
553 1011450258
554 2939657623
555 1035501543
556 2963935234
557 934728557
558 566891524
559 561997116
560 3227168250
561 339707636
562 3071883261
563 2354159902
564 4120468177
565 3148314522
566 1229631751
567 4042595016
568 3761129482
569 333912532
570 1453949667
571 2857769018
572 705121307
573 1158314301
574 2295028602
575 731637323
576 1863197643
577 1689211321
578 2123707723
579 2430849452
580 1456227851
581 233135509
582 75804694
583 3403287032
584 1902698696
585 3570407756
586 2219467124
587 2919935083
588 344292694
589 2955149853
590 927395304
591 1418004571
592 2658738180
593 3197004762
594 250141488
595 776471300
596 2828476442
597 2843814135
598 4035019265
599 1148855486
600 2107503247
601 3623539560
602 3243480715
603 3351261828
604 2623368967
605 3194887414
606 3381885128
607 721236448
608 224179266
609 584083847
610 207050402
611 2400353745
612 3422386845
613 1618206941
614 3847388545
615 2816137805
616 3894973193
617 4213752715
618 2827043615
619 3937945956
620 2114404009
621 3618373845
622 4179049031
623 3087751533
624 3747171910
625 1495681523
626 3096570065
627 3259998870
628 2367524930
629 1543735847
630 2739253068
631 80392755
632 1791351269
633 240739522
634 802749847
635 3957090273
636 799651756
637 3990394239
638 1195890496
639 4088354026
640 1074398428
641 389416749
642 855514831
643 4901584
644 697047815
645 834752424
646 2188916106
647 3504842600
648 1821836172
649 2460952623
650 144984836
651 3340770902
652 2283250479
653 171218752
654 342008321
655 2108200608
656 3671714829
657 3573541897
658 2110313392
659 2404209886
660 563911444
661 899317201
662 2574941271
663 367128173
664 2917853829
665 4115931106
666 2208128552
667 216398086
668 3096668338
669 2420619696
670 2467310171
671 453093038
672 3096677469
673 3414787519
674 2048367997
675 3253724938
676 1563617194
677 2326813109
678 1942856693
679 2923411269
680 3278218173
681 2910399359
682 1550807943
683 81942468
684 3774323423
685 2089444503
686 81160447
687 3266084233
688 464776454
689 1064263772
690 3827025341
691 3295143686
692 1986018853
693 3506842604
694 1139552211
695 3083530332
696 2794939251
697 2355832184
698 1701018843
699 4220631203
700 1057206416
701 3185744082
702 3192238176
703 713610133
704 3264822224
705 3507817121
706 2187317634
707 1582749465
708 2731615611
709 4140345357
710 74524213
711 1219013312
712 2996009745
713 445327599
714 4141352763
715 1837160288
716 321044631
717 963659719
718 3370845358
719 3860232976
720 1842371243
721 1191863660
722 191859281
723 3897629927
724 3098271479
725 3958164191
726 1794294726
727 3444446581
728 2307776161
729 3670383160
730 2209327828
731 2969427597
732 2597643385
733 3796647889
734 1290791455
735 1334968880
736 426320353
737 888385653
738 1113448145
739 2859137164
740 14216858
741 1766473018
742 2210134116
743 2215612666
744 1590965847
745 195107522
746 2073895982
747 229847530
748 3312500255
749 1324136124
750 1395777516
751 2733828280
752 887064141
753 1897335079
754 133899636
755 2248705320
756 433186307
757 401235840
758 2388829319
759 284837850
760 2676066452
761 722600349
762 857559085
763 1454473264
764 2879654583
765 1842005044
766 2189234541
767 3712891128
768 1046504783
769 4253960424
770 1277484727
771 1558448018
772 2187056198
773 1467461157
774 4106750490
775 1464477312
776 542359999
777 2303710013
778 1550842583
779 3370682319
780 2580559461
781 179095902
782 4243423248
783 554015184
784 3263426918
785 4035813951
786 1974061970
787 3706088832
788 2271197008
789 214475531
790 1420340915
791 4243028907
792 621188407
793 2594931279
794 3084542660
795 888194047
796 3513141898
797 599267353
798 1963366584
799 379666129
800 971237885
801 3485057250
802 3298951703
803 2904758541
804 2389308443
805 3152447956
806 2401282542
807 613209998
808 4203356952
809 3866400628
810 2310570023
811 1027692132
812 1682815317
813 2738106933
814 1389217350
815 1598869288
816 1923786715
817 59917219
818 1212769576
819 2912544698
820 1846047598
821 2613064555
822 3919631940
823 706905990
824 1307095818
825 2091071656
826 3044677090
827 359359222
828 1781263192
829 977053182
830 1624000049
831 2276582991
832 1795196359
833 1698173115
834 330127302
835 2476451584
836 2247373976
837 3187965466
838 2531839145
839 2725956461
840 958372065
841 3044328035
842 2016394875
843 3511919644
844 312708387
845 1845747692
846 3304642846
847 178064232
848 406040976
849 3202849058
850 192933431
851 3427860494
852 3674302124
853 610010063
854 1990329328
855 2547159740
856 1572110432
857 1545689946
858 802577557
859 1571831166
860 3873760547
861 2529872967
862 3741741995
863 2010187274
864 1282901987
865 1134081261
866 1728570370
867 1463470710
868 540636641
869 2763037067
870 1348805267
871 2825521248
872 3510819380
873 1088033313
874 1174771889
875 38742849
876 4201768283
877 922426036
878 3092645637
879 2973312658
880 983672752
881 1681535723
882 269821383
883 3481389056
884 2134178192
885 2319191060
886 1147730240
887 3063320991
888 1776182701
889 3942129965
890 3731679016
891 3384188430
892 1644118594
893 2925701725
894 3048676088
895 1392689437
896 4104511487
897 4122300649
898 2495535138
899 2188933448
900 3748464617
901 3783320619
902 477280304
903 2576860663
904 2013753095
905 3740251947
906 196114885
907 3851532015
908 1357735079
909 2480360686
910 4150339845
911 839256635
912 1600280543
913 3937073919
914 2101990124
915 515262226
916 1919850948
917 4161210935
918 662203630
919 2839572689
920 194928629
921 898177664
922 165070222
923 3245817390
924 2465160910
925 2139848829
926 3641553980
927 573920635
928 1665771150
929 3989439938
930 2801695051
931 4132486165
932 2644109229
933 3406694666
934 468726796
935 1717548403
936 2256943434
937 4101183360
938 911702998
939 2342711826
940 1867797895
941 1449721638
942 736996359
943 3661908280
944 2352098960
945 3793147381
946 4058176659
947 2730833234
948 1441931910
949 646628428
950 2523250779
951 749496957
952 3065367383
953 2501413340
954 3541381952
955 2389876623
956 2260962289
957 3935777014
958 3396058444
959 1129008017
960 3859424065
961 436835695
962 1728321634
963 1332571706
964 2168923198
965 1891180312
966 1965150239
967 3479390844
968 725801564
969 366731568
970 1288505394
971 701184022
972 2396491057
973 3250881604
974 3191593390
975 3806213864
976 2966583525
977 792691052
978 1826538180
979 3643539258
980 2135181941
981 3588179692
982 2836848237
983 4196542057
984 3933936635
985 452327218
986 957906807
987 342814963
988 3548764887
989 263340830
990 1462450058
991 1234152091
992 2119745719
993 405325101
994 2746284623
995 2471181520
996 1129015260
997 3353151807
998 3430033371
999 3270201173
1000 2659882350
