2762305823022471093
16029680290446973413
12684862243230585671
15234188891956571960
10629147495433376125
5778566323720828944
1472310801532527631
10864318497898117978
12339159588293523602
5112766121926294199
2098203380362758926
4170757150636054260
17067483739055471464
7169854496963116260
14823993696670488556
12310633129432043984
1955871415325289806
12147469014037031743
2561255474686141977
11403286225402236235
10815342126308672519
2112872335333920345
11038660128322874619
2569463048198722610
5476222150392064668
16769366897701752616
5555782120821920017
4356292702397014375
5550247362985143226
529324950628685573
12321575842991631625
18386551954691205703
14172346172755221221
7422673557635762781
11046705367951594544
6431997046225388702
4393250228279077889
6751651691674500675
15746914710454548058
916503432516078780
856598498103138600
5970601136411553532
173684573543354926
10193580162288135987
7091524991819557576
16777936770859118697
4707468480337205000
5462150785523979392
4560895198105758512
7945243015769473878
435479223565841191
17418513980260355267
842675685491047351
12424570824944708170
17269297885518375498
11018678663805768409
17695450665496265532
2251809607226075185
435704418394047150
3402625127275207225
16653113809406121910
2407775247253667508
3914667362389347606
3857031031990809959
18135626603878788380
5048915005368996971
17490571444120631337
15149557243428968607
516436327738536492
15925032024266368499
669989710822930058
15873947271333174128
13973907677697149236
16993586639389328614
4999788915000993236
6660815242384394274
12668339939003763176
3769517166319798061
5475602067259639863
13705686208288674529
12415142333580631005
8055548838197095745
13735787334895027995
11983985827764485049
14195397792122018449
9748114668402432479
6406966566651335315
5764655155368177957
9524936125970801867
4912033504857503736
4558103723279827101
6602462158242909678
6200529402728677799
7255531205775777735
3278725500562589814
1149667956976175942
3086388260540360373
18424370987331895487
8687324559223678372
1111680078089200726
13106415333000378315
15621464449462625993
5708080519569840426
264863409152299761
10030397691951979883
15128848279847724218
10397456182776025228
6763045727029946659
9978917107349015975
11639087275920914014
11436874002898251864
18201188279811780148
3086695924878539101
12705740945283078926
8599529011033350961
5568750319771714109
14004764546055066757
17578555959755829262
4806933955071720610
7005462151258584113
11019353119991743457
677308626764844476
7877923450031352445
6679984366269597939
17570575525588920441
15513432257470061858
11624380813142090809
12785585106228494606
8917091588156559412
2078635288152840941
11108880887827463007
2331247530372167295
660026181200516753
6445373848531927835
13169730263151238361
5151434877728073643
9004134562256100609
2783318218591397842
18072090383976779965
7021699306108170279
8859619769594570819
12141263314650265699
5325821212146537261
2362244420489691069
9129437920389277409
11895983238690429535
1273027999827352792
10095661058923305073
5655530800952136929
13454667516643213342
13239045527307005662
5072475430360408379
9360782634238038656
1888504710792438009
6739211599098509131
539277659769644030
168511259941886681
11310455267282473394
1014826643953661018
15443194557938229458
5275768824786234541
2527483333285377901
11799787339330795525
18330196604887749658
5876885562746391854
9890850985964990611
14237077762624715733
5072730142519499130
2543833952009433508
2260004621435923599
14840565630273998013
7343747631755429539
5184934079724708931
11187698211934593950
12511107077686716495
14486959471014662205
1684470945834961033
17757762451336635092
11100787196097330062
14408333248516716558
8001101151119854370
17067929020997404549
5941777561600694076
5858138237863573591
3930004725433764075
11305097401582432137
958820641556180869
3825314390405988672
18313157704394209678
5217861503826274051
7335813650389845368
8712555839680053529
5735812514910755791
13956566467728458247
12304388167402350426
17580241578086862567
17731897177607873399
17673178945873577825
2052769564541044132
11700138173848784159
7120139055794538111
12165172205925360037
18356081860304079259
2794419740520320585
18014529591349758362
8558899369164626640
17824991454577272114
14433930016670722171
11789476515544125694
7382723164704988054
10439575526444263754
8715348042086529983
67248017528966156
13907070530959729670
12901487694616794377
6462760416690883186
8255107502132065791
17718316569028329852
8359481795019784939
190184725581988427
9558435488947923183
16466458729150748250
2387055117268370415
2132814538444148535
3395813800136967289
264125757963447761
3886671734481965799
12410749303268804459
14392281681697685603
15319049332728873033
8491801873237426903
15679167183303512811
1429264988392316189
4527196308937197004
3818825265234740779
15269438792549177271
1740865144483920720
16003772212682987150
11119427814232363426
5581735487648284144
2627018567823288499
9341658191653368906
7369556827254108929
1788131406614186171
1434100920146856119
9216701071777107071
6363849004039669520
12383596181632835856
17011059363994941057
5040634329988985256
5397802062342052963
15260757425704340703
3674403805140525585
5436877217523482505
14091500246614517572
6280055718675248069
6408724657457937834
13572314975281674235
2476078301794953350
14841575105185574129
9046170121339291561
1681059555210059893
14731084930151443087
12540840947323582134
10701938625961721242
8173213220328052365
16059470473020115443
5569088113739330302
4077672296430649858
3712571449546653597
13050337280860998141
13159676759228625691
13569778664088670948
7138603372602097488
14316943229786439391
16428125700864295450
5871714437357636561
6388549784115694488
2037807881543364348
15118063195666967857
15634564926563497168
3953920124282696505
4064205388321898611
13713245774909104903
1949058947662537688
15656606803785854511
992078651400266355
5911908468439247051
1615522211606623410
165093330167288583
5259851257473660355
11373951416659143198
5920643304354620187
8352822862234854283
18413571762236758389
577414582421006809
10332819338631124138
1543091978764477560
10056579501574245045
17165498620140626151
8411868602710707365
12061208698360219016
272203074128625571
650125994107272668
12913334608028497065
9413322783871645073
15744504018398437493
8276162054754556859
15147071659587446449
12697912013530782577
18188736896268018820
3400570080234262484
5144199299123803565
10340891785330256719
547123203129672749
6102693071392028927
8164443651211791730
17895315955996940656
4047606695793986425
5996144614002216675
14331121971135067137
3801669621240227687
13812574865655580968
13121504951135081332
9568314291488175420
12483380267629314150
11570399374432400275
14592953956023385997
16480113892955448765
8671388411409239474
5361232493342522637
1946831915275563965
11588551024593583753
15555618007988773356
11283262120943858086
7262620513089954539
13829277771451710538
12970210233067012924
15472511568690406783
13195842438040958039
7551294014209182790
15034573369948558713
16794727993137393184
5743440118903076863
16214683164971374969
2803962931683018657
12910467995760899949
3433890171626330150
14803509234541063825
9569973046779057104
6054422238163278039
1679808959991854256
797229292965390002
5242775365363330110
15546164774439794012
8535931930635860107
14002696325555714555
16242695779358204425
2410294471675000013
16003291365695606967
3552158046501709932
12196598780128826550
4687665034464730268
261077986413862533
1610813234998428302
813826024190767969
4828471335290230942
7586105024947728962
5842563370666062507
8409244304183425105
16381820188938197004
15078423624587911413
1610848895063656019
11416928885959428218
16808624122731004795
8130328357379542617
8645968214866203936
12115776458528564643
15356337818003785430
9880513735398798793
8946413745001145269
18010930593393299874
9481157810846158498
15502306754187415213
8342058025106799906
15084494327007980941
4682444924289962755
3826273830620669420
6110447638939320945
5130468477716784359
17235098404170599864
5185648172219516794
5507715090241718957
9997475284529021891
14707722537911302759
4588843559043312570
10430892273063871897
17025270630284170208
50660897469789890
16262532111642861488
10304249452848865955
1268517926548970272
13174859800491930619
1181359881159058255
10916746685499449404
10094816031545125082
10345632300220742608
9343493783293209321
14382689780218493948
3457965029447611239
14280229253111106722
1816979759070412473
2738536784709380758
5039789493824638222
6832577277131284717
18001657150568351053
10458533019702682949
7517758035940474621
12304301981559579352
6040988296851689861
6450258302643613109
2718045204298995781
18372335431066289036
17455294468415811028
3281855804060209641
10584344728389300382
4023613953962301131
668763753659016585
4341187488632163685
13611659018430463154
10195190615370825068
10149373814525344711
10428945474132362859
17386294604563817647
394938855059984569
542261166108290188
11905114922089386514
1177510699196313865
13373824171384571240
17833141047801506014
12609464519691760081
14820209622843020736
9833479512145328421
2459293684821511245
4397822341524302801
9117463216425452271
17494804973133774947
3235376794407775359
10599601751454539959
4029246472389878591
9509219448626790550
6279423922384329251
15068320214658237514
18012497038394081964
4314467831748388302
16746030511708226574
4734554004500314501
8762634674900399489
17917706024504019554
16220869630147808172
15661586453602803248
14328541148069200188
17533252721240604744
3948627188552256133
16910392091730798526
16006672438044099446
358146374110926669
11002806575926031323
14625234016211530550
18106423287907530454
2115551675647180841
16752029142878230529
16658460223012616246
4572489870498269804
11235336520023259563
13187863247159150807
10238565787105757978
1881645992836786183
14974053994340936645
7847144741828647076
11930410736147445118
7177689378596269799
8844614377400775285
824544789964605984
18047310593316700142
11915010088621973021
6209331400425153851
7175150062224027126
9518112626421443926
10032292992566559991
10699408491520424628
6450889674756806148
6779701198862902332
4859921283460954730
13624007702490455379
13509643799309036878
890675324345924684
9938716188141624009
5403006895798222937
16126507747892969444
1276392683036474168
218974471056743121
14807914616084447755
9214168482963383860
3710762353165645339
6691342823552282913
13955644485175848633
7008459439338830626
770128239094258847
10870298799814696775
15406905519269454614
8283267420934837324
13080513343785976427
4231555977885679526
15259966193525175590
3919479449083779827
3451355699930839758
4610944410143055423
11297567589057413802
1513069536484783636
17512703211368403354
1733448521518731340
16447213491732241094
10649192934607782544
12179299276427518263
11471431484626403643
17854370670404607190
4726978898664219759
17507560846774292936
18125940435927762547
16001778348650053152
7191595370301384223
14428343812576274728
15370538255890235041
7142022066436383295
2403905320584206991
13021601562853674148
9416701889324082728
14388646014619699630
446343573677239094
15492204174559192457
11943216079585921949
16774185649244482446
17974300566461806387
7649029203205243014
12510351974791780671
8703351879641780732
17405081356001623186
10793419597095904622
16783190164341734434
6682953671316752508
14432830181927345987
15704747359325909772
5725531559021445592
7239535380809633881
13667858494565289756
17984980120795915709
4952475816242338029
6423739048381338135
6957816747589493507
8348951564788496083
13829150436971417754
10489941129509616821
15470751171097497934
5744064871573970217
1314464405069717582
13177966938322680107
17233582746821412538
4086117964818512430
12754857624617878964
7188500359307817680
12035387330462151307
658339625901937122
4361983326416486127
16244730808422665172
14226063396349370448
17919536066603493618
6044045209039254966
7700455200909199730
17664607306762305596
4726475691662277108
3563220679539737519
3348652698043033200
7900788333265196033
3545383101173051495
9775999221699792886
1940677754913550014
5370019769045056683
6347411106721354406
17446170890766285759
11231080564195288199
369185861017621864
9345651392078159159
1787086475769646939
10799980670525661582
16198720710550702055
16057089604806006076
9424383398225952109
11855866657779658705
385204295823337087
3074536659657376159
1636766323123860680
7047620753190538881
10544577935478505767
12480205828887469134
13900651708898151943
7507902784620960273
858154656847024972
3912737913577947267
9962455397028398406
6538384975619089634
5319946614502815209
11388122879326355958
7482034865923111580
10012234448501616303
1895966935484976961
8856840442657758642
1165748912832957196
11998198457079003731
17769659751711962551
11222538114858970328
17918514330528850208
10463868013943176809
8925186283333031025
6485873948506104070
124853804709900241
8538490091571813235
12805652316318323102
13842080881131580221
3675779309678903478
7149903474921406478
6820245613366793923
8806272827362979490
17409825834791705428
13195412820921747331
1450587983366505423
7390311400667765529
9971033249375826088
8754328414864352566
18283611959277459127
12436320036875210975
1669481497831362987
5415414552712209892
2997100213505853861
13512798040363019361
1083603413099283971
12150840612081846915
12154945585669821903
13688472810026008836
16004426107700089315
1363839451494800327
17918830064448881350
6988655056875473472
8099702575756941711
13023717389059987706
16889266522926920884
15373715035386465446
4837672411799884379
17498797012633787395
277996008053742126
665774642411189516
17626591035841557143
17271019052869324912
1879356458043374422
8528247641324147474
8874105096016007587
9342094015807032851
2277667657205055150
8709046062364806653
7943663244620391361
10746148349611019833
17426120469112486908
14909523460225377744
101425374663367265
12060559192086577797
5003257040548566431
9541439838646012699
14256096793562703374
10652274529099230832
15028695708505074317
11479345185050620252
1227469127765068722
9087419564146966071
7286359377557372006
8552501758859748159
12758584993079598199
13748696876906975074
16123392762662034603
11103139974060103339
2386955432259431837
6866106999603538827
17667249134265127362
9363044372649750148
6457300424762913607
6969238417266828757
12445206063619278451
11251040744110421486
2258423799625930925
16193073538857597576
14469343409329075936
3952203422487276634
12819319124595822586
14450962424232760765
3713060487103368316
14604693594107127292
16373841087120436910
15448485965251747174
10934154215776213656
15511227879403990894
8806318127809534235
12984835922370255113
852721762973317368
5909944635070019556
1289766083857330820
6446342051513103655
9958981254736628600
8282629578096432086
8586294988332337555
8103377690262559164
10686602296431113592
6240138414394651346
7760620685497974985
3903219210951993745
13538338697853220208
7980212032398625962
14795977387111877754
769904107966913861
3755097694320842680
17166813976458083907
11764625450569664484
9561839381031387275
3149369690626504903
10555195147746341007
3623271114554854170
15585821531107039703
13585115808947083866
1736775893783244634
14686840553128122416
15351042986488847030
865836927019189874
2923739818890051350
7193008572412072788
12328099033007312920
7252731274241308814
17110591085841634347
9764118602347510826
14771358512942975747
10881061775408855135
13711522655904856115
13325774034441960977
15323792630375322825
16474936472485510288
16254927471386614917
11190803276512118662
362960801602675390
17275616736432315486
13159868384322131137
707205927835265908
11746739996892472875
11549073953132598179
1366346979061373445
8949302044826446513
18056016793779567688
3124104340038552457
462499852396737113
4910980285843609175
9128241958919903354
17288582509286099667
1856511092051447448
9504243301068460513
5086272004061860450
17746009031784492265
11040250276700665111
7265856116064726925
1339787311860002927
707713789174750080
5593329677129264886
8390298742588239928
10099702831734202019
6157816712912451561
11832066216814848772
2190021758375088073
5099520495387495444
3344624183034513138
15457317586057793688
114273766324891094
2238988199643510184
11930118093909067606
363083101503456068
16742027156140376938
10533047517576381078
15224017443917077732
13601954597794592531
14459937642855505412
376773466599419431
5652707445760385181
1636636061696312481
2819931919748205903
1277213170272798221
448655754023787399
11835029944255745073
3374291613864068395
14238370920311866106
4707658650364928362
16183949634172698444
17015964736092081234
4425692011754175278
17714301916932821749
9045993064711222780
1805727111732726500
4271602937305848165
520199427515153903
16040730692994228012
2619566119247017601
1446441031557955206
9164941604542451921
3241994902118901442
9224454273474678808
16285781729897376073
5505345923419745893
11045942212869839410
11182086454003685419
14573995551467887080
2342083734955499093
4451447464038987192
17998200901266081241
11061129904185877556
12328565412275121016
17972816278196090841
12690764856006310842
13635173906695550236
9631995747496388154
3145768425101280243
9170536533348812464
17487412220900092034
14976920977755903309
3214800441421178397
5702041204049925965
17683985353221143968
10958679356856234430
14883333399588100356
6463225853380371523
17945770077754066851
3777951113164692682
11099996954220907553
5919222332142554253
1645377606123069607
10683587307432353913
16046459264407097090
6009716119049532289
3539496340939086285
12703075348948632200
1610932876987382417
9137203038938821465
5710920758894330732
17211807090140571881
1592399508207268232
2628993490605932786
1383540525952930153
6377698494621319130
6571227733438142952
5335194457436099447
5756409823938377847
13824069529178758502
16496174934741775064
14798915369075258284
15346408062686704776
2110413487735441924
18068797322141879672
153759647020492733
11181006039130446541
10456817860192401418
14275567443469021292
11544723173498002692
1319186212513326760
4253575199825845567
13808226382337346058
2204235431824233754
17911283645212317622
9815114714935051473
1887742704960017811
5003203280886046031
17017082662591122510
6392515246945439645
18069276658431269338
7803578210391287785
9873678952069766807
4105097836959120081
3963586331602353923
2030593346640411325
10873362989317016321
7948337689629960054
2516893956821492021
13980719535777137522
1716428896073939121
4678155129420943505
3682910378582556381
5659999033769355860
17878680245180346625
16853404488447322411
10978645706233544784
15433328376248818723
1486349504196526115
4616405088754500774
7866954567890526960
1637944215324760543
7185790272696983259
16699096572353245127
1395365136034774655
12816745911379738752
13753193840149581841
9382623438853848117
12546571378350867891
12781647435016736186
10357196006090990596
1287472059914282357
18436271748079341241
18271816120057028756
17189158122634039964
6019633187050228373
12125556088006720886
10561454076512065873
10670076080166979653
1827565450692357130
12966295487113287813
15712806124923279088
13691915107180359809
17758609631426649501
3875049481311818667
4514681580013016081
11527217223390341740
4562253454908911790
3785294093095599858
11728340549012890369
15184301768977455662
6118999928637228661
10420077815136996440
12769652832113824287
13903973274497973293
14132451312795714477
17115655315575300985
8483603646389495912
2596223118580341280
14959443679852731757
7133316326546995821
12773515383426227247
14320237309923496989
11564660003563508251
9667752546422278483
11017987222127213418
7466099787099669888
12782171252041283644
10334796984116549796
2444657486378008455
6625662339143748795
13018487273944391859
7215503491581677766
13769321242320212299
10129993045746796323
6695636920642226901
15498455832066131950
12836623866605688809
15673522899859815034
8858547568538572705
8448315732291151522
4403555388647375461
15789188704347356902
6266305507805034334
8015968640219845592
7060952272747208471
18161834525888583031
592036783672164412
17810005335097899512
13249234003255057610
17675383636956548883
14689190186801871419
513669132338981958
12984079801523286592
16579048665144109592
1528985347905382959
6945020226669746826
11055446883703825769
13897454304255708889
8573262727664396913
2858597499929716391
3361894143794121208
3077652597763208843
7854658361889490482
17204972353222156334
17760312153263724831
9207182894592208908
6016888304150931885
17734899992796761172
53693288109051908
14123624781839450750
6533723338934684765
18059278833139147887
16992320290262359279
2918265254994950958
17209185845635848669
