2960557591
3386558175
2248843129
2804679807
4227644864
864736980
3586077395
2921124926
607855109
3143449133
3233754092
4157364046
404468934
3093331890
882469260
3207377907
1640205548
808748618
2735780087
2076943185
3282639760
3700731845
896348620
2683703531
3623903403
1406855468
1333333682
3847077090
2762203784
3382036002
189799619
530311529
2698684714
1757925283
1006515166
963446738
2851136052
922590961
603576814
3693256320
3252464410
1187585042
2981559614
3108975485
1741369992
1559143003
184050284
760323040
1251128431
2417909195
168773034
617005710
1358099863
2976502830
7642897
435855736
1861453680
1098953471
1906392890
167750905
931435750
3730283427
552825679
3729774658
1683423804
609654679
1519296544
644377866
2873951444
785218270
3232872067
1770552116
4270341201
499907576
883909255
1196243715
3138964106
532612482
361230219
2782085807
1522378004
2510576645
45319740
3130695231
3028525059
470206517
761183808
2844439117
2348000369
2757566093
1738419502
457834855
1744573279
1274835891
3499152718
2756161564
442487899
3579835148
2404830932
1163393765
1503833700
1967632252
778731025
1975975543
125942053
774282182
1010003681
2876660185
2869928365
175002255
3439119262
3566051534
1831688568
329730827
3349392049
3179707229
502341766
624458823
2745816565
2982206740
1180598344
1464289871
3724263335
1219433707
2034478375
3245512902
2297336959
1112090780
3729739378
1105927328
379472970
880812224
2011564304
1523278942
520315536
1200778884
1001394748
1148904148
424631632
4128639410
2266426203
3739878644
1915845476
2375178926
3884907918
270909412
3998983536
3690258425
2603427307
900603661
3080475840
292553726
804763682
1939483893
1273534175
3003473394
2477337592
4052954230
2740944640
1400830114
964091238
1238761804
414876879
1513340215
316741694
1591058646
1406417485
2813183653
733966679
4045764119
3173626629
2177207437
2645068337
3334782680
2619104563
3587417011
3223804166
2720965528
2032525493
2401902031
2875923547
2455430245
2327034847
1162712413
2827611298
463050276
829418534
1137515202
2618656432
2040545429
82560424
2832280569
1617583998
885342068
3004830307
2588828479
1132308260
4107353015
1935975936
45579903
1432324344
3087442440
3359738078
470909434
1010996870
2160827835
2440086570
672939229
1332812505
3808155984
1735416178
1322286007
835051745
1051581432
2233255510
112489360
3747060015
3678643984
3824259117
3016768137
1811851791
2439683630
3590889922
524666919
803017156
3288431087
2249084089
45326798
3195003506
423756919
4146957128
4127743619
1704409278
1491815311
2055741489
3404787022
4081850038
4111463800
2652474755
1303236589
3254188432
3369746108
587862236
2689622451
2598097710
316297411
2755896371
2669351234
4102997678
3388212130
4288563871
2882985920
3026437914
3541723998
1688548630
3915989948
3410979633
4068427607
995304829
3806371497
1755639577
1826728548
3902087148
2454438997
507717734
1733321503
4193247857
4074439660
267814904
2643035137
269545662
619221455
3104545699
2001354017
1527775425
3267833875
3760415712
346443663
710713116
393483220
2547163859
1321580716
680989995
3375212359
3229840250
209898575
923267774
64082274
2655913799
3357452192
3184987918
548411238
3006273554
3262063248
1329263848
1767673077
4171297657
3677364638
1312434944
111466053
1196443099
936635878
3244435761
2473341611
1888694075
1886397446
2377304019
88710537
1386510899
3492594621
87530847
3703845016
594933394
3706532672
4131339626
2113557853
3041552667
1401101299
2547497207
1410993123
109083651
644509966
747271795
2320660148
780759760
2857832978
2085611861
2613433290
1158210541
2128222762
347193332
3647602939
3593974595
1439668979
3955367057
83923836
1343663782
3589732343
382807345
1878819318
3606024397
2231002581
3188708606
291492292
2917004517
157378354
1273483295
2241573743
1553847637
2466434259
801204474
3379458411
1963527358
2961819211
4162182114
470167804
1244859771
1684255305
838841985
1466134410
2351517555
886809211
1293988670
2405717728
2794106963
1374884134
3859551937
312526061
3234916365
2741171952
3657334477
979992993
1604329598
3356298965
3858640981
79264326
3294630107
1705364525
3974785246
1657519718
3330984157
3062979965
2313292917
199260957
1598692723
258668505
469376904
1528916190
216129133
1361698564
48716888
174789696
3410204675
882573096
2201758096
560477768
1194210071
1655765725
3269789692
1901971565
2618649265
3425573073
3734764635
2639841161
1774166344
150988002
3994984416
2866282540
424358342
3565397181
482522760
2830345293
43210336
3498102955
3162809069
2832252526
559607550
3939870919
4187201584
3713099772
3696505998
362021198
1498735132
1439327143
2578547372
3873234208
1263696336
433578815
1811900167
3211604365
1234925865
1846132879
1673168708
344035015
316451240
411315750
2492280782
2972378906
3800539302
3487095137
2807188215
2103104075
1158356677
95748229
587325432
2230706026
3044770720
3685086046
4282025269
3298406648
453864159
2615253334
70993779
2966311458
519324977
1176410873
2468318130
3559644493
1763216570
2508156234
3717734551
12031702
1512669280
1343427427
1854820411
3565593552
373445950
1308420946
241099596
3583951552
4007352114
1996473720
297080768
694739930
4105303856
3173804177
2136895004
666495450
3904946731
1931472733
693688643
441927127
812472995
3459883925
1164834186
175920218
2750372213
3083669188
1385385250
2186541992
1170824119
4243141939
2042871216
706528446
3725931593
1474588953
1769172775
411172716
2158255095
3751299277
3161967621
875968238
1932471813
2243445430
4006207714
3934213160
3013706731
1259050725
945427196
2868734029
1803194420
1757562648
653485217
1293055495
987616145
2208663865
277129487
2333960386
508669997
3177442942
3423504151
408000949
3073945094
1195655571
2780867521
613001159
61035916
2047280200
3406639527
1445365733
2552424322
1017026158
2329154621
2002813637
714159636
2112604387
360231221
2524600833
649355444
4072246411
1282588232
690007784
1250795609
1017325325
2844994605
4094998730
1385358857
2389391240
3044367834
3643809245
3558156342
4215817704
1852021049
1648633324
3040324893
1977225971
9227607
852276974
965252675
354043884
1493514397
12282285
2269345551
2049150717
1661012088
904069285
4228816511
4261130456
4073201289
1109317059
2138955169
511677197
4286587404
2971244840
1412020352
2215225397
1416996811
1836509451
4188896733
2816918667
1986571711
513922768
1019345147
3465423706
140347541
1723710363
1488790229
2072514870
2377066206
3919737295
31616379
437200987
2425134818
352948958
4076613599
3671686503
1944655474
4127283412
1048508474
2302814223
577076393
3014082231
1414779208
3970427840
720986257
2449776499
1308032974
4053673944
775759412
3726865500
1772984908
1630023641
3710660645
3505219273
1787508127
439326164
1305563547
2083593294
946494766
1554796035
3168936216
4008217263
2033502852
81179559
2060766189
1418627106
2969002291
1303735959
1603265162
1384082046
3626814754
1959110022
2499983017
3432957750
1363823800
3662684728
2677396323
2516023686
3419858895
611133434
2808909697
3843409653
1854211385
420539893
1852986090
1486593939
1688162903
983192228
1989085372
6663200
1615914906
3930430459
2327618222
2173803944
26809626
27197312
2196324596
2149340020
2850643962
327125385
158488841
4121393700
257415923
2957672150
1793496220
2820540389
3133461134
2645534955
675993827
339389339
553957862
659189045
1939885234
3816668372
544174369
2591849631
566517629
1268763096
846664544
1838385847
3118596802
1512570036
2212705528
3770082072
2678986269
1926392597
3853814052
1139949439
1243456785
4214626606
4271124461
3796387123
518948294
2473693501
70522091
1220363446
3630824590
2748965265
2899609542
2398008112
4284791501
4132457394
1117300675
1260947225
2369527691
1849557137
855894624
4154908228
43958509
1557999851
2253264510
2961454930
2736010300
1874030366
1450177710
691686472
1501855739
3218321638
2567309477
2066014092
18277936
2227339666
3787139745
4207043869
3789664468
388959274
309311883
4116896082
2559280944
1676216868
714950050
1839294873
3135733367
4038499014
3735336785
4165905223
2270353737
33130631
2084414721
3654699089
3796908627
4036656237
3302059092
1491753904
1793218393
4290540683
240000092
1319590366
3638634847
366439912
1081314752
368070460
1647753820
4009679550
2312787392
184570494
311114816
4021876120
3112853471
857107496
1759313105
3757631587
183146320
523681897
1726435891
1542973071
2588110805
84198873
2286318095
1407223323
2855483406
3863625913
2919079176
2697907615
865000704
644250348
1203644597
3948618388
3117333955
2922653926
485806691
3747165699
2050738721
188163921
3890939592
850905978
880323534
3320696239
1304784702
2089606953
4016443996
2648725346
2321224734
1649883934
1574322883
2538351791
4068537994
982195831
2510185068
1652398420
195591784
1643573247
1098424979
1103740716
215325182
2448128105
92853083
3051880699
832125821
27155395
1914569126
1424558716
454735361
4086902932
3502799334
1968615527
3669329910
2993699681
585836980
429609100
2339435353
1046339889
1737935460
1067469139
1773522804
1746341453
3292916007
2716340615
2329975283
3308183593
640002783
1545426812
1093654274
126093185
2364825949
1434465825
2729933171
2545803644
2767013479
3747961533
2745891991
2676051648
4137257087
3016513440
904271290
46746492
3907193008
244585236
2085595790
196877088
3051075687
3840629839
1144914485
3106239151
3140052694
2309505105
4160477407
693059653
2797869156
1476140844
1450862669
2462082939
2580866984
3895193396
2900325771
3778095774
2144687689
2851941717
3909008299
595359084
3011680524
2173712614
390831671
34841547
1664539999
2018334070
3598345883
2949255571
2864886178
1454389770
2558105156
1571745818
674862035
2943491883
3475970198
3888428717
3274646251
1159184380
3970326218
1067456391
2957499794
3430504300
2843965219
1161091738
2804514443
2732665114
4119250763
3338595513
3207337594
190176493
3477095735
3792327847
1856822264
1515923771
3543045974
3977932454
3259320484
433010619
4145579388
2102545254
3952159135
2302530171
210055058
180350360
176382421
2391031397
1454464993
3095623413
2702032227
3019828224
761265106
308002959
4130182889
63084665
2504279865
3337164271
4047196926
1104970020
2388799656
3994019065
1874196883
3657308905
1390806156
2752964117
2583319131
906541305
261550313
3801155394
289855724
2396654799
2891312000
3318406538
797994274
3298991845
4204446888
2839552312
3722114826
3546112637
1479899547
2596778653
3407672708
2966484295
2260735029
3635481123
655151004
2546311107
2658817044
3813983430
1725077504
2434221142
396502636
276439965
1752283748
2908219698
39565595
758581993
75173780
1464749567
971786416
3924310902
21121906
504901086
3222822421
717209478
2471437163
2278475863
1032653439
3038099512
3123618786
2024399567
2167806562
2193891359
1080061043
4086533095
2373758657
1536110271
229424209
1571121726
1291916503
2751271462
3915063292
1192345116
2822232093
4046444052
778394723
3864730233
4224730439
4053115604
2390829848
1185790089
